0 0 0 0 0 0 0 0 0 0 0 
31.6562 1.68169e-06 -1.45933e-05 -4.94453e-05 -2.82528e-05 -3.35102e-05 0.000211843 2.08125e-06 0 0 0 
63.3124 3.71728e-05 9.0256e-05 -1.44796e-05 2.8783e-05 1.72904e-05 0.000214654 4.6006e-05 0 0 0 
94.9685 2.33044e-06 2.75019e-05 -7.00388e-05 7.85329e-06 -2.80755e-05 0.000183782 2.88422e-06 0 0 0 
126.625 5.00257e-05 0.000163116 9.76532e-06 2.89765e-05 3.19142e-05 0.000178723 6.19128e-05 0 0 0 
158.281 1.84299e-05 5.54513e-05 3.76231e-05 -3.69345e-05 1.06057e-05 5.97623e-05 2.28093e-05 0 0 0 
189.937 3.55608e-05 4.12218e-05 1.85529e-05 1.73906e-05 2.05437e-05 0.000147998 4.40109e-05 0 0 0 
221.593 1.3643e-05 0.000180144 -0.000101069 2.53244e-05 -1.49791e-05 0.00021321 1.68849e-05 0 0 0 
253.249 -8.73575e-06 -7.12329e-06 -3.82388e-05 -3.37721e-05 -3.47453e-05 7.09615e-05 -1.08117e-05 0 0 0 
284.906 1.6449e-05 0.000176076 -3.81809e-05 1.39036e-05 8.3771e-06 7.46341e-05 2.03576e-05 0 0 0 
316.562 -1.3877e-05 0.000215357 -5.59287e-05 -5.37084e-05 -1.3804e-05 -3.40862e-05 -1.71748e-05 0 0 0 
348.218 1.80018e-05 0.000227921 -3.17733e-05 -8.13367e-05 -1.81355e-05 0.000267729 2.22794e-05 0 0 0 
379.874 -5.74455e-06 8.94535e-05 -1.47765e-05 -3.61659e-05 -9.58418e-06 -7.16022e-06 -7.1097e-06 0 0 0 
411.53 8.95815e-07 0.000132049 -2.68689e-05 -1.84061e-05 -2.32139e-06 3.03043e-05 1.10883e-06 0 0 0 
443.186 3.44252e-05 0.000262921 1.0092e-05 -6.53355e-06 3.51392e-05 4.69534e-05 4.26053e-05 0 0 0 
474.843 1.60959e-06 0.000231842 5.58684e-06 -6.1846e-05 5.17543e-06 -1.02808e-05 1.99203e-06 0 0 0 
506.499 4.83281e-06 0.000202574 -2.38213e-05 -8.95426e-05 -2.43002e-05 0.0002144 5.98107e-06 0 0 0 
538.155 1.13992e-05 0.000353574 9.73827e-06 -9.62207e-05 1.77807e-05 -3.71083e-05 1.41079e-05 0 0 0 
569.811 -5.72656e-06 0.000356923 -2.51947e-05 -0.000101169 -7.0422e-06 -6.48235e-05 -7.08734e-06 0 0 0 
601.467 2.97072e-05 0.000343259 2.85451e-05 -9.70854e-05 1.99792e-05 0.000117106 3.67663e-05 0 0 0 
633.124 -1.98123e-06 0.000403532 -2.46938e-05 -0.000146683 -1.62839e-05 4.16217e-05 -2.45173e-06 0 0 0 
664.78 -3.86906e-06 0.000345821 -4.07841e-06 -0.000162123 -1.99238e-05 7.19264e-05 -4.78857e-06 0 0 0 
696.436 -3.05548e-05 0.000278023 -8.17283e-05 -0.000142261 -5.27855e-05 4.57019e-05 -3.78153e-05 0 0 0 
728.092 -1.36274e-05 0.000510748 -6.06477e-05 -0.000190589 -3.5012e-05 5.01146e-05 -1.68659e-05 0 0 0 
759.748 -2.09287e-05 0.000510148 -4.74682e-05 -0.000199877 -3.00558e-05 -3.92962e-05 -2.59018e-05 0 0 0 
791.404 -1.56938e-05 0.000603451 -6.24198e-05 -0.000269105 -4.90308e-05 0.0001578 -1.9423e-05 0 0 0 
823.061 -7.98338e-05 0.0004862 -0.000150142 -0.000294125 -0.000116576 1.31748e-05 -9.88042e-05 0 0 0 
854.717 -0.000100357 0.000588909 -0.000151454 -0.000402423 -0.000146899 2.29454e-05 -0.000124204 0 0 0 
886.373 -0.000168736 0.000614677 -0.00028535 -0.00050468 -0.000243074 -6.9382e-06 -0.000208832 0 0 0 
918.029 -0.000172718 0.0006757 -0.000241804 -0.00058053 -0.000245631 3.98576e-06 -0.00021376 0 0 0 
949.685 -0.000251816 0.000606297 -0.000287085 -0.000787411 -0.000352973 -4.07903e-05 -0.000311654 0 0 0 
981.342 -0.000343023 0.000558396 -0.000417464 -0.000930385 -0.000479703 -9.54878e-05 -0.000424533 0 0 0 
1013 -0.000377413 0.000739685 -0.000541059 -0.000988235 -0.000533424 -1.765e-05 -0.000467095 0 0 0 
1044.65 -0.000458071 0.000736256 -0.000503436 -0.00126641 -0.000628304 -0.000156632 -0.000566919 0 0 0 
1076.31 -0.000590681 0.000527758 -0.000697645 -0.0013934 -0.000798528 -0.000262877 -0.000731041 0 0 0 
1107.97 -0.000570593 0.000770666 -0.000706819 -0.00143305 -0.000787243 -0.000133449 -0.000706179 0 0 0 
1139.62 -0.000590884 0.000497649 -0.000689728 -0.00145669 -0.000824798 -9.56178e-05 -0.000731292 0 0 0 
1171.28 -0.000520828 0.000833939 -0.000669394 -0.00140601 -0.000744006 3.71966e-06 -0.000644589 0 0 0 
1202.93 -0.000498259 0.000812959 -0.000670086 -0.00126508 -0.000693365 -6.58836e-05 -0.000616658 0 0 0 
1234.59 -0.000415083 0.000803684 -0.000504659 -0.00110531 -0.00056375 -0.000174935 -0.000513717 0 0 0 
1266.25 -0.000378445 0.000793722 -0.000518101 -0.000959187 -0.000506899 -0.000219966 -0.000468372 0 0 0 
1297.9 -0.000372515 0.000660105 -0.000518053 -0.000911577 -0.000509432 -0.000125289 -0.000461034 0 0 0 
1329.56 -0.000515891 0.000231767 -0.000621836 -0.00101383 -0.000665036 -0.00042623 -0.000638478 0 0 0 
1361.22 -0.000665128 -0.000154592 -0.000792488 -0.00115576 -0.00085523 -0.000599873 -0.000823179 0 0 0 
1392.87 -0.000807322 -0.000741478 -0.00082373 -0.00130979 -0.00101076 -0.000944535 -0.000999162 0 0 0 
1424.53 -0.000977885 -0.00100799 -0.00104258 -0.00150188 -0.00122645 -0.00109819 -0.00121025 0 0 0 
1456.18 -0.00116306 -0.00151087 -0.0012101 -0.00166758 -0.00143963 -0.00140487 -0.00143943 0 0 0 
1487.84 -0.0012355 -0.00169269 -0.00125784 -0.00180741 -0.0015448 -0.00141441 -0.00152909 0 0 0 
1519.5 -0.00125832 -0.00169844 -0.00130674 -0.00182236 -0.00157651 -0.00144402 -0.00155732 0 0 0 
1551.15 -0.00122827 -0.00142691 -0.00140365 -0.0017652 -0.00155713 -0.00127766 -0.00152013 0 0 0 
1582.81 -0.00112074 -0.00121167 -0.00130293 -0.0016952 -0.0014503 -0.000928384 -0.00138706 0 0 0 
1614.47 -0.00100608 -0.000866996 -0.00126272 -0.00144128 -0.00128498 -0.000970589 -0.00124514 0 0 0 
1646.12 -0.000920427 -0.00055881 -0.0012236 -0.00134674 -0.00118196 -0.000801658 -0.00113914 0 0 0 
1677.78 -0.000828691 -0.000426359 -0.00111627 -0.00118786 -0.00104952 -0.000833896 -0.00102561 0 0 0 
1709.43 -0.000708749 -0.00029347 -0.00103943 -0.000924904 -0.000887113 -0.000774498 -0.000877165 0 0 0 
1741.09 -0.000684507 -0.000223791 -0.00100283 -0.000928582 -0.000866262 -0.000713429 -0.000847162 0 0 0 
1772.75 -0.000591686 -0.000123044 -0.000914642 -0.000816017 -0.000766024 -0.000458807 -0.000732285 0 0 0 
1804.4 -0.000559653 -0.00024055 -0.000843135 -0.000669637 -0.000692456 -0.000646552 -0.00069264 0 0 0 
1836.06 -0.000527762 -7.48969e-06 -0.000863862 -0.000670551 -0.000666351 -0.000552947 -0.00065317 0 0 0 
1867.71 -0.000428014 -5.07228e-05 -0.000700401 -0.0005193 -0.000533921 -0.000491448 -0.000529721 0 0 0 
1899.37 -0.000401221 4.55264e-05 -0.000676955 -0.000500593 -0.000508846 -0.000397776 -0.000496561 0 0 0 
1931.03 -0.000398176 1.93441e-05 -0.000740482 -0.000427185 -0.000513171 -0.000343178 -0.000492792 0 0 0 
1962.68 -0.000326894 1.79862e-05 -0.00053209 -0.000454511 -0.00042025 -0.000347795 -0.000404572 0 0 0 
1994.34 -0.000294524 -3.03028e-05 -0.000514466 -0.000329067 -0.000372592 -0.00029763 -0.00036451 0 0 0 
2026 -0.000251437 -1.836e-05 -0.000391291 -0.000306273 -0.000309561 -0.000322082 -0.000311185 0 0 0 
2057.65 -0.000249841 -6.36934e-05 -0.000497813 -0.000255524 -0.000336057 -0.000124424 -0.000309209 0 0 0 
2089.31 -0.000302925 -2.85078e-05 -0.000511615 -0.000366296 -0.000389043 -0.000271483 -0.000374907 0 0 0 
2120.96 -0.000259422 -6.61211e-05 -0.000433822 -0.000330688 -0.000343299 -0.000168365 -0.000321068 0 0 0 
2152.62 -0.000325375 -0.000252073 -0.000573235 -0.000318236 -0.000425337 -0.000278906 -0.000402692 0 0 0 
2184.28 -0.000230175 -4.12416e-05 -0.00043552 -0.000235137 -0.000300651 -0.000189892 -0.000284869 0 0 0 
2215.93 -0.000218917 -8.79176e-05 -0.000432428 -0.000211067 -0.000295399 -0.000140037 -0.000270936 0 0 0 
2247.59 -0.000231363 -7.64221e-05 -0.00045477 -0.000212559 -0.000304467 -0.00016086 -0.00028634 0 0 0 
2279.24 -0.000245809 -6.65064e-05 -0.000409808 -0.000337788 -0.000333558 -0.000139415 -0.000304219 0 0 0 
2310.9 -0.000184956 -9.22438e-05 -0.000313315 -0.000201039 -0.000243264 -0.000142413 -0.000228906 0 0 0 
2342.56 -0.000223869 3.24316e-05 -0.0003264 -0.000310302 -0.000272486 -0.000329031 -0.000277065 0 0 0 
2374.21 -0.000202666 -3.30224e-05 -0.000285341 -0.000282407 -0.000248549 -0.000255147 -0.000250825 0 0 0 
2405.87 -0.000203263 -8.43655e-06 -0.000343266 -0.00019892 -0.000237833 -0.000329336 -0.000251563 0 0 0 
2437.53 -0.000193902 -7.04341e-05 -0.000363134 -0.000184924 -0.000251924 -0.000130535 -0.000239978 0 0 0 
2469.18 -0.000202086 9.00098e-05 -0.000374915 -0.000221018 -0.000253254 -0.000248593 -0.000250107 0 0 0 
2500.84 -0.000143333 2.64674e-05 -0.000276412 -0.000118067 -0.000168255 -0.000174593 -0.000177392 0 0 0 
2532.49 -0.000130211 -4.99976e-05 -0.000273683 -5.71087e-05 -0.000149856 -0.000212205 -0.000161152 0 0 0 
2564.15 -0.000173312 -4.2639e-05 -0.000328729 -0.000132192 -0.000204972 -0.000221157 -0.000214495 0 0 0 
2595.81 -0.000158293 -2.19269e-06 -0.000254637 -0.000177279 -0.000184297 -0.000197196 -0.000195907 0 0 0 
2627.46 -0.000142998 0.000109219 -0.000356534 -8.39965e-05 -0.000183628 -0.000115607 -0.000176977 0 0 0 
2659.12 -0.000117105 8.94969e-05 -0.000206157 -8.45386e-05 -0.000117021 -0.000278527 -0.000144932 0 0 0 
2690.78 -0.000143866 1.68596e-06 -0.000253671 -9.35368e-05 -0.000154255 -0.00027083 -0.000178052 0 0 0 
2722.43 -9.69708e-05 -4.98653e-06 -0.000139392 -3.86579e-05 -7.91238e-05 -0.000323582 -0.000120013 0 0 0 
2754.09 -0.000155138 8.50186e-05 -0.00027569 -0.00016917 -0.000179508 -0.00024456 -0.000192003 0 0 0 
2785.74 -0.000141936 -6.14118e-05 -0.000217165 -0.000142484 -0.000164928 -0.000194709 -0.000175664 0 0 0 
2817.4 -0.000181013 1.18256e-05 -0.000213234 -0.00023436 -0.00019312 -0.000422295 -0.000224026 0 0 0 
2849.06 -0.000197665 7.12669e-05 -0.000316228 -0.000201296 -0.000214635 -0.000381438 -0.000244635 0 0 0 
2880.71 -0.000183398 0.000111752 -0.00022279 -0.000239343 -0.000183589 -0.000478712 -0.000226978 0 0 0 
2912.37 -0.000177564 -3.39412e-05 -0.000281825 -0.000163462 -0.000193356 -0.000389919 -0.000219757 0 0 0 
2944.02 -0.00018238 7.55795e-05 -0.000259666 -0.000176708 -0.000178746 -0.00050575 -0.000225718 0 0 0 
2975.68 -0.000165263 5.94038e-06 -0.000241987 -0.000139005 -0.000161271 -0.000455085 -0.000204533 0 0 0 
3007.34 -9.04942e-05 0.000114168 -8.53403e-05 -9.86764e-05 -6.13014e-05 -0.000409668 -0.000111998 0 0 0 
3038.99 -0.000176293 7.32624e-05 -0.000243846 -0.000217957 -0.000181045 -0.000425954 -0.000218185 0 0 0 
3070.65 -0.00012455 7.42117e-05 -0.000158262 -0.000119465 -0.000100673 -0.000454874 -0.000154146 0 0 0 
3102.31 -0.00016428 -8.5545e-05 -0.000161687 -0.000235624 -0.000178747 -0.000377562 -0.000203317 0 0 0 
3133.96 -0.000126697 6.97251e-05 -0.000197899 -0.000136934 -0.000131709 -0.000278816 -0.000156803 0 0 0 
