0 0 0 0 0 0 0 0 0 0 0 
32 -2.6877e-05 -0.000442587 9.02583e-06 0.000208878 -1.32822e-06 -0.000141254 -6.29444e-05 0.00042396 3.03155e-05 0.000817611 
64 6.72935e-05 0.000292087 -4.18203e-05 -0.000186541 -5.65479e-05 0.000109366 1.82016e-05 0.000680944 2.17797e-05 0.00134012 
96 9.71518e-05 -0.000911657 0.000174164 0.000177889 6.85256e-05 -2.05014e-06 5.05009e-05 0.000680284 1.06854e-05 0.00134989 
128 7.08431e-05 0.000262127 0.000129963 -0.000154851 3.20947e-05 4.33909e-05 4.3176e-05 0.000416681 -4.62386e-05 0.000879608 
160 6.05019e-05 -0.000652245 -3.64391e-05 0.000220447 -2.97919e-05 -3.46804e-06 7.7329e-07 0.000807107 -1.91612e-05 0.00163338 
192 4.85098e-05 -0.000693883 -1.90891e-05 -2.60205e-05 -8.62943e-05 9.72301e-05 2.05612e-05 0.000397867 1.59022e-05 0.00077983 
224 -0.000128801 7.70943e-05 -0.000141106 -0.000261525 -0.000156389 -0.000206857 -0.000165347 0.00032803 3.37228e-05 0.000622339 
256 -5.06601e-06 -0.000826867 -0.00012734 0.000372806 -5.04234e-05 -3.70853e-05 -3.56962e-05 0.000377806 2.53456e-05 0.000730273 
288 -6.41493e-05 -0.000153879 -0.000267149 3.59552e-05 -0.000148937 -3.65966e-05 -7.96599e-05 0.000129732 1.47354e-05 0.00024474 
320 4.6958e-05 0.000439262 5.32293e-05 0.00020421 0.000139699 -0.000133429 2.74878e-05 0.000290339 2.63636e-05 0.000554316 
352 9.07194e-05 0.00033077 -0.000146049 -8.1476e-05 -4.89306e-05 0.000120435 4.98311e-05 0.00060183 2.88396e-05 0.00117482 
384 5.08292e-05 -0.000822454 4.82247e-05 8.74829e-05 -1.59424e-05 8.38508e-06 1.27232e-05 0.000527156 1.43505e-05 0.00103997 
416 8.98273e-06 -0.00060121 -0.000208781 0.000272802 -0.000106796 8.46775e-06 -3.22947e-05 0.000524957 -1.09607e-05 0.00106088 
448 7.60539e-05 -0.000574392 9.93619e-05 0.000164012 4.21183e-05 -9.42054e-06 3.45202e-05 0.000595231 -5.74976e-06 0.00119622 
480 4.60918e-05 0.000158542 -7.55691e-05 -4.01285e-05 -5.45506e-05 -4.96298e-05 -3.36933e-05 0.00104341 2.1508e-05 0.0020653 
512 -6.12265e-06 0.000503089 -6.88577e-05 -0.000363021 -0.000137259 -1.01907e-05 -5.38679e-05 0.00059069 1.54295e-05 0.00116596 
544 -1.73579e-05 -0.000448007 -0.000357473 1.88684e-05 -0.000229004 6.46066e-05 -6.65438e-05 0.000597472 1.66374e-05 0.00117832 
576 0.000106339 0.000745955 -0.000313608 0.000195886 -5.65206e-05 0.000172718 6.87869e-05 0.000575738 1.08889e-05 0.00114059 
608 5.38044e-05 0.000318739 -0.000220856 0.00022786 -3.6105e-05 -3.52128e-06 -9.53746e-06 0.00084558 1.00744e-05 0.00168109 
640 0.000129293 5.74277e-05 -0.000400317 0.000185867 -0.00018445 0.000275395 5.21308e-05 0.00109383 3.47947e-05 0.00215287 
672 0.000243393 -0.000323831 -0.000277203 0.000644863 1.98893e-06 0.000332603 0.00018248 0.00100481 7.21934e-05 0.00193742 
704 0.000281564 4.98055e-05 -0.000531317 0.000520257 -0.000130385 0.000557323 0.000214177 0.00112389 3.86073e-05 0.00220919 
736 0.000266686 -0.000743031 -0.000551446 0.000508214 -0.000242223 0.000595413 0.000183496 0.00130656 2.48725e-05 0.00258826 
768 0.000207721 -7.27494e-05 -0.000415337 0.000198629 -0.000207495 0.000405657 0.000108149 0.00145238 1.88045e-05 0.00288596 
800 0.00023948 -0.000107712 -0.000449753 0.000231287 -0.000195584 0.000465103 0.000144516 0.00142653 1.3027e-05 0.00284004 
832 0.000284321 -0.000321678 -0.000498659 0.000102798 -0.000335086 0.00068301 0.000178144 0.00161153 3.11627e-05 0.00319191 
864 0.000282672 0.000894986 -0.000584452 0.000405166 -0.000144539 0.000437726 0.000158538 0.00183435 2.51035e-05 0.00364359 
896 0.000343352 0.000690458 -0.000428491 0.000492886 -6.41161e-05 0.000476006 0.00023007 0.00175938 1.61963e-05 0.00350257 
928 0.000373221 0.000905561 -0.000348997 0.000432997 4.79321e-06 0.000472228 0.000265286 0.00172241 1.3104e-05 0.00343171 
960 0.000366729 0.00145131 -0.000573445 0.000304695 -0.000129451 0.000524594 0.000216672 0.00224245 1.80549e-05 0.00446684 
992 0.000435118 0.00179666 -0.00042279 0.000866707 0.000196509 0.00032241 0.000297181 0.00215934 -4.10134e-06 0.00432278 
1024 0.000609665 0.00179939 -0.000446704 0.00106261 0.00022951 0.000651203 0.000464268 0.00242714 1.67122e-05 0.00483756 
1056 0.000548582 0.00177846 -0.00051051 0.000861371 0.000153776 0.000566649 0.000390197 0.00252838 2.18148e-05 0.00503495 
1088 0.000728916 0.00204627 -0.000472295 0.00124761 0.000336031 0.000694504 0.000544167 0.00303828 -3.50677e-05 0.00611163 
1120 0.000823963 0.00229371 -0.000287312 0.00103131 0.000431501 0.000882479 0.000675181 0.00268375 -1.34954e-05 0.005381 
1152 0.000804903 0.00196577 -0.000479407 0.0016726 0.000470238 0.000739273 0.00063532 0.00292469 7.90566e-06 0.00584147 
1184 0.000775111 0.0012405 -0.000444607 0.0016274 0.000416024 0.000639267 0.000566172 0.00338685 2.58579e-06 0.00677111 
1216 0.000725378 0.00210189 -0.00059295 0.00196842 0.000499421 0.000505713 0.000536613 0.00308495 1.61872e-05 0.00615372 
1248 0.000377621 0.00143714 -0.00101599 0.00135402 2.15162e-05 0.000282253 0.000184851 0.00278724 2.91907e-05 0.00554529 
1280 0.000235243 -0.000177785 -0.000882861 0.00171926 7.75851e-05 -1.61945e-05 6.87065e-05 0.00231696 1.95584e-05 0.00461437 
1312 -7.2199e-05 -8.74908e-05 -0.00132507 0.00114554 -0.000353559 -0.000185997 -0.000233723 0.00194685 -3.83852e-05 0.00393209 
1344 -0.000448598 -0.000552168 -0.00150021 0.000597891 -0.000685965 -0.000566765 -0.000591005 0.00133149 -0.000101377 0.00276436 
1376 -0.000813966 -0.00158221 -0.00163388 -0.000110286 -0.00109627 -0.00078736 -0.000905478 0.000329925 -0.000217689 0.000877544 
1408 -0.00114209 -0.0023425 -0.00160342 -0.00124749 -0.00151911 -0.000969135 -0.00121082 -0.000283003 -0.000316253 -0.000249752 
1440 -0.00115019 -0.00300191 -0.00159899 -0.00141884 -0.00164975 -0.000769949 -0.00116793 -0.000928527 -0.000353054 -0.001504 
1472 -0.0014291 -0.00394998 -0.00167068 -0.0024011 -0.00204727 -0.000823494 -0.00141415 -0.00161594 -0.000393092 -0.00283877 
1504 -0.00127571 -0.00401931 -0.00157017 -0.00271717 -0.00213042 -0.000307526 -0.00120132 -0.00220554 -0.000411382 -0.00399969 
1536 -0.00126786 -0.00365607 -0.00157442 -0.00287926 -0.0021254 -0.000241872 -0.00116876 -0.00250657 -0.000418661 -0.00459447 
1568 -0.00112157 -0.00404244 -0.00121703 -0.00288196 -0.00195892 -4.5925e-05 -0.000989611 -0.0027711 -0.000361621 -0.00518058 
1600 -0.000835754 -0.00351775 -0.000974655 -0.00254653 -0.00164061 0.000218517 -0.000688792 -0.00267277 -0.000299496 -0.00504604 
1632 -0.000831533 -0.0031542 -0.00108029 -0.00225512 -0.00153827 0.000107145 -0.000694523 -0.00254414 -0.000274617 -0.00481368 
1664 -0.000570149 -0.00277366 -0.000627157 -0.00161997 -0.0010976 0.000190841 -0.000424745 -0.00238771 -0.000162045 -0.00461337 
1696 -0.000454577 -0.00257677 -0.000591395 -0.00139926 -0.000930029 0.000169101 -0.000343723 -0.00184024 -0.000122527 -0.00355795 
1728 -0.000438065 -0.0019075 -0.00102363 -0.000995923 -0.000996787 0.000208545 -0.000357933 -0.00143971 -0.000112993 -0.00276642 
1760 -0.000253121 -0.0018809 -0.000774048 -0.000421309 -0.000669376 9.71571e-05 -0.000243269 -0.000376279 -9.77616e-05 -0.000654797 
1792 -7.54353e-05 -0.00113825 -0.000691189 -2.8185e-05 -0.000418556 0.000131355 -0.000111074 0.000370045 -6.92872e-05 0.000809385 
1824 -8.4267e-05 -0.00166823 -0.000898423 0.000226978 -0.00048574 0.000110482 -0.000155796 0.000809842 -9.72052e-05 0.0017169 
1856 -1.20301e-05 -0.00105679 -0.00110056 0.000468172 -0.000475777 0.000242536 -9.91046e-05 0.00107639 -8.11305e-05 0.00223393 
1888 -7.97673e-05 -0.00152807 -0.00109978 0.000877561 -0.000401432 1.91257e-05 -0.000161677 0.0009441 -2.02739e-05 0.00190848 
1920 8.11344e-05 -0.00143379 -0.00114771 0.00132337 -0.000247018 0.000166723 -1.19656e-05 0.00124488 -1.86179e-05 0.00250839 
1952 0.000138628 -0.00170057 -0.000980371 0.00117826 -0.000242261 0.000278254 4.38078e-05 0.00132389 -6.28946e-05 0.00271068 
1984 0.000194522 -0.000913907 -0.00105745 0.00105216 -0.000240642 0.000429816 0.000118385 0.00114623 -2.32989e-05 0.00231578 
2016 0.000130488 -0.00185391 -0.00133397 0.0011297 -0.000431474 0.000442967 2.65043e-05 0.00143029 -1.04613e-05 0.00287105 
2048 0.000176341 -0.00114823 -0.0013154 0.00123992 -0.000322019 0.000484752 0.000101703 0.00110932 -3.20047e-05 0.00225065 
2080 0.000338532 -0.00077479 -0.000994967 0.00140527 -6.18199e-05 0.000573485 0.000282258 0.00104195 -2.62914e-05 0.00211021 
2112 -5.4082e-05 -0.00117321 -0.00154133 0.000440162 -0.000691131 0.000394784 -0.000119584 0.000764695 -4.87688e-05 0.00157816 
2144 6.27503e-05 -0.000442869 -0.00126087 0.000408406 -0.000465878 0.00053717 5.5907e-05 0.0001483 -2.12344e-05 0.000317837 
2176 0.000104558 -0.00106498 -0.00124663 0.000411006 -0.000558808 0.000719805 9.54058e-05 0.000218969 9.55034e-06 0.000428387 
2208 -4.02174e-05 -0.0014823 -0.00121041 0.000160391 -0.000656482 0.000417555 -8.42514e-05 0.000510207 -2.02605e-05 0.00104068 
2240 -8.50111e-06 -0.00100934 -0.00115876 -0.000133392 -0.000651202 0.000463816 -7.99127e-05 0.000884146 -6.69552e-05 0.00183526 
2272 -8.24926e-05 -0.00155034 -0.00141876 -2.59439e-05 -0.000805301 0.000417347 -0.000167038 0.00097432 -5.13338e-05 0.00199997 
2304 7.92025e-06 -0.00141235 -0.00139236 0.000239673 -0.00071907 0.000580696 -4.86566e-05 0.000715135 -7.74151e-05 0.00150768 
2336 0.000241304 -0.00116134 -0.00118244 0.000326513 -0.000508061 0.000882623 0.000202698 0.000723874 -5.72125e-05 0.00150496 
2368 0.000180648 -0.000791697 -0.00110495 0.000340014 -0.000455294 0.00058346 9.06507e-05 0.00130563 -8.53982e-05 0.00269666 
2400 0.00022937 -0.000684441 -0.00101221 -0.000294502 -0.000583064 0.000816623 0.000142954 0.00130958 -7.7039e-05 0.0026962 
2432 0.000326654 -0.000687397 -0.00111182 0.000650176 -0.000345552 0.000816062 0.000259295 0.00116863 -8.31561e-05 0.00242042 
2464 0.000231527 -0.00052397 -0.00116089 -2.30086e-05 -0.000572433 0.000794463 0.000134445 0.00144506 -4.37733e-05 0.0029339 
2496 0.000187257 -0.00166498 -0.00129995 0.000215218 -0.000688415 0.000770803 5.81822e-05 0.00180069 -5.55027e-05 0.00365689 
2528 0.000267946 -0.000688014 -0.00129586 0.000665625 -0.000427444 0.000676137 0.000158256 0.00163908 -6.19191e-05 0.00334008 
2560 0.000245704 -0.0012199 -0.00127323 0.000509898 -0.000540281 0.000775583 0.000147552 0.00147261 -6.37167e-05 0.00300893 
2592 0.000245169 -0.000722445 -0.00104471 0.000542806 -0.000351382 0.00057531 0.000158996 0.00132234 -3.96072e-05 0.00268428 
2624 0.000293754 -0.000721207 -0.00113197 0.00029008 -0.000476382 0.00082061 0.000209739 0.00134395 -0.000104499 0.0027924 
2656 6.54237e-05 -0.00159571 -0.00121656 0.000388121 -0.000595911 0.000408892 -5.22742e-05 0.00153665 -9.26287e-05 0.00316593 
2688 0.000151358 -0.00144341 -0.00117312 0.000208661 -0.00058793 0.000568871 3.38985e-05 0.00161961 -2.35349e-05 0.00326276 
2720 0.00012941 -0.00119404 -0.00134269 0.000272825 -0.000616286 0.000532105 2.70546e-06 0.00171322 -3.88027e-05 0.00346524 
2752 0.000169867 -0.000347462 -0.00126036 0.000114433 -0.000569384 0.000572295 5.32929e-05 0.00162705 -6.98135e-05 0.00332393 
2784 6.71069e-05 -0.000220742 -0.00161454 0.00033689 -0.000693366 0.000579375 -1.44036e-05 0.00108599 -8.20906e-05 0.00225408 
2816 0.00011687 -0.000680213 -0.00127102 0.000373072 -0.000541472 0.000519452 4.58959e-05 0.00100405 -4.98081e-05 0.0020579 
2848 5.56218e-05 -0.00100877 -0.00164377 0.000507606 -0.00076299 0.000577883 -4.31186e-05 0.00128988 -5.16157e-05 0.00263137 
2880 0.000241189 -0.00117245 -0.0016015 0.000269233 -0.000817603 0.00107054 0.000158814 0.00127089 -6.02839e-05 0.00260205 
2912 0.00012332 -0.00134884 -0.00167558 0.000513287 -0.000773446 0.000754953 2.63593e-05 0.00133533 -6.07869e-05 0.00273146 
2944 0.00012672 -0.00176799 -0.00151157 0.00036954 -0.000758123 0.000816146 6.29983e-05 0.000923246 -4.7174e-05 0.00189367 
2976 0.00025082 -0.00167282 -0.00156426 0.000630403 -0.000708141 0.00105625 0.000214595 0.000703641 -3.36625e-05 0.00144095 
3008 0.000135566 -0.0013693 -0.00164044 0.00074408 -0.000722123 0.000824596 8.3703e-05 0.000783855 -4.21511e-05 0.00160986 
3040 0.000186486 -0.0017279 -0.00175046 0.000839162 -0.000776661 0.000918903 0.000108957 0.0011556 -4.82166e-05 0.00235942 
3072 0.000266683 -0.00100291 -0.00158868 0.00122322 -0.000497247 0.000800317 0.000198842 0.0011147 -5.73332e-05 0.00228674 
3104 0.000190088 -0.00113442 -0.00177823 0.000984608 -0.000698479 0.00080344 8.77322e-05 0.00146954 -3.30179e-05 0.00297211 
3136 0.000381508 -0.000623384 -0.00187732 0.00110459 -0.000639952 0.00114234 0.000289045 0.00153731 9.12304e-06 0.0030655 
3168 0.000313335 -0.000467083 -0.0017778 0.000861109 -0.000675727 0.00102901 0.000209596 0.00161006 -3.71092e-05 0.00325725 
