0 0 0 0 0 0 0 0 0 0 0 0 0 0 0 0 0 0 0 0 0 0 0 0 0 0 0 0 0 0 0 0 0 0 0 0 0 0 0 0 0 0 
16 0.00745755 -0.00506709 0.0050671 0.00119401 -0.00589785 0.00589786 0.00119428 -0.00483836 0.00483836 0.00186367 -0.0053725 0.00537249 0.00144651 -0.00461951 0.0046195 0.000289757 0.000167138 -0.000167148 0.00267805 -0.00481957 0.00481958 0.00467615 -0.00520381 0.00520378 0.00477951 -0.00517296 0.00517295 0.000173881 1.26442e-05 -0.00224791 -0.000833957 -0.000210388 -0.000305849 -0.00129662 -0.00243144 -0.00122376 -0.000601915 0.000726734 0.000248654 0.000762508 0.000242496 
32 0.000871382 -0.000799498 0.000799485 -1.03159e-05 6.73314e-05 -6.7335e-05 0.000433701 -0.000469353 0.000469347 0.000134285 -0.00191053 0.00191052 0.000367735 0.000258086 -0.000258095 -3.34416e-05 0.0023335 -0.00233349 0.000389931 -9.59583e-06 9.5925e-06 0.000451806 -0.0012811 0.00128108 0.000481453 -0.00119569 0.00119568 -0.00026305 -0.000186672 -0.0039928 0.000115504 -0.0016364 -1.67727e-05 -0.00302583 -0.0036885 -0.00246243 -0.00025166 0.000567093 -0.000210636 0.000684478 -0.000179186 
48 0.00568866 -0.00376465 0.00376464 0.000725814 -0.00451643 0.00451642 0.00100753 -0.00471955 0.00471955 0.00155061 -0.00392586 0.00392585 0.00131245 -0.00216915 0.00216914 0.000236175 -0.00331453 0.00331453 0.00196951 -0.00474746 0.00474748 0.00365466 -0.0035143 0.00351428 0.00371913 -0.00345742 0.00345741 -0.00041378 -0.000394799 -0.00258899 0.000422734 -0.00143682 -0.000262419 -0.00241407 -0.00191201 -0.00180524 -0.000117051 8.22636e-05 -0.000531448 0.000206364 -0.000512108 
64 0.002317 -0.00140214 0.00140214 0.000280536 -0.00118419 0.00118419 0.000319997 -0.0014453 0.00144529 0.000799377 -0.00223946 0.00223945 0.000688821 -0.000765199 0.000765182 6.99437e-05 0.00133667 -0.00133666 0.000670463 -0.00128677 0.00128678 0.00158406 -0.00149028 0.00149027 0.00164652 -0.00150373 0.00150373 -0.000703647 -0.000109463 -0.00164911 -0.000103861 -0.00123235 0.000813918 -0.0039503 -0.00350319 -0.00179792 -0.000146812 -0.000241519 -6.63804e-05 -0.00019834 -8.39513e-05 
80 0.00440952 -0.00239128 0.00239129 0.000651498 -0.00218141 0.00218139 0.000694614 -0.00205295 0.00205296 0.00104648 -0.00276848 0.00276847 0.00099987 -0.00176792 0.00176791 0.000113399 0.00311311 -0.00311311 0.00145951 -0.00188248 0.00188249 0.0029068 -0.00265931 0.00265929 0.00295001 -0.00264842 0.00264842 -0.000541256 0.000273131 -0.00219679 7.79912e-06 -0.002569 0.00124316 -0.00231254 -0.0031832 -0.00237176 0.000150033 0.000245351 0.000360402 0.000271229 0.00034352 
96 0.00370477 -0.00179846 0.00179847 0.000387502 -0.00152411 0.00152411 0.000389911 -0.000871557 0.000871565 0.00117448 -0.0020638 0.00206378 0.000985013 -0.000317694 0.000317679 0.000203672 0.0022869 -0.0022869 0.000981088 -0.00121893 0.00121894 0.00264658 -0.00206866 0.00206865 0.00272369 -0.00206512 0.00206511 -9.3724e-05 0.000365194 -0.00373923 0.00123012 -0.00133008 0.000530169 0.000951196 -0.000773875 -0.00171256 0.000625715 0.000461881 0.000252856 0.000572462 0.000258716 
112 0.00437199 -0.00252434 0.00252436 0.00065337 -0.00380374 0.00380374 0.000465545 -0.00310414 0.00310413 0.00141306 -0.00199951 0.0019995 0.000816747 -0.00129103 0.00129102 0.000208575 0.00330467 -0.00330467 0.0013275 -0.00268243 0.00268245 0.00295056 -0.00247996 0.00247993 0.0030445 -0.00246526 0.00246524 0.000145081 -0.000143925 -0.0029927 -0.000973019 -0.00052985 -0.000355839 0.00211478 -0.000221736 -0.00102644 -0.000509463 0.00057847 2.74125e-05 0.000647538 2.11046e-05 
128 0.00274607 -0.00135958 0.00135956 0.000258889 -0.000277509 0.000277516 0.000239531 -0.00140444 0.00140444 0.000864445 -0.000622435 0.000622421 0.000624589 -0.00150428 0.00150427 0.00019158 0.00166853 -0.00166852 0.000689998 -0.000443488 0.000443493 0.00202542 -0.00184046 0.00184045 0.00205607 -0.00180196 0.00180195 -0.00020511 -0.000171285 -0.00102302 0.000537217 -0.000631335 -0.000233801 0.000584006 -0.00142862 -0.000611717 4.4795e-05 4.19503e-05 -0.000251322 2.80309e-05 -0.000217556 
144 0.00499789 -0.00292036 0.00292036 0.000980675 -0.00164212 0.00164213 0.000797562 -0.0030139 0.00301391 0.00152401 -0.0030038 0.00300379 0.000794613 -0.00198712 0.00198711 0.000209793 0.00187423 -0.00187423 0.00198803 -0.00205752 0.00205752 0.00290268 -0.00339351 0.00339348 0.00300985 -0.0032864 0.00328639 -0.000561762 -8.88054e-05 -0.00182429 0.00167748 -0.000803791 -0.000888101 -0.00137914 -0.00224785 -0.00142804 -4.42967e-05 -0.000190559 -0.000141902 -0.000165462 -7.09254e-05 
160 0.00303848 -0.00164617 0.00164617 0.000773682 -0.000263434 0.000263426 0.000332972 -0.0018426 0.0018426 0.000869483 -0.00139496 0.00139495 0.000541553 -0.000894076 0.000894067 0.00017595 0.00101953 -0.00101952 0.0012826 -0.00094973 0.000949746 0.0016135 -0.00205726 0.00205723 0.00175588 -0.00194732 0.0019473 -0.000387181 0.000125977 -0.00253995 0.0017886 -0.000167767 -0.000499467 0.000480279 -0.00111467 -0.00105589 0.00024271 -0.000201391 5.22113e-05 -8.53341e-05 0.00010304 
176 0.00411898 -0.00233214 0.00233215 0.000876652 -3.81182e-05 3.81133e-05 0.000287955 -0.00337037 0.00337036 0.00163361 -0.00255671 0.0025567 0.00057947 -0.00241461 0.00241461 0.000185615 0.00062513 -0.000625125 0.00135023 -0.00192235 0.00192235 0.00266312 -0.00260025 0.00260023 0.00276876 -0.00252742 0.00252741 -0.000487695 0.000398619 -0.00249379 0.00215006 0.000480315 0.000738766 0.00117204 -0.000433055 -0.000637256 0.000959719 -0.000501915 0.000213264 -0.000398912 0.000194846 
192 0.00364337 -0.0022203 0.00222029 0.000734815 3.78923e-05 -3.79008e-05 0.000397195 -0.00284874 0.00284873 0.00100635 -0.000809434 0.000809423 0.000880738 -0.0032355 0.00323549 0.000124243 -0.000874644 0.000874643 0.00125624 -0.00182359 0.0018236 0.00228613 -0.00249292 0.0024929 0.00238713 -0.00249354 0.00249354 -0.00104441 0.000125709 -0.00367398 0.000547136 -0.00106368 0.00094465 -0.000500591 -0.00360169 -0.00190645 0.000182107 -0.000781301 0.00016609 -0.000667019 0.000146925 
208 0.00396068 -0.00232496 0.00232496 0.000911883 -0.00183797 0.00183797 0.000559792 -0.00209311 0.00209312 0.00141294 -0.00235336 0.00235336 0.000756983 -0.00201417 0.00201415 9.47404e-05 -0.000699926 0.000699928 0.00156641 -0.00207325 0.00207327 0.00229977 -0.00241859 0.00241857 0.00239425 -0.0024457 0.00244569 -0.000902586 -0.000406721 -0.00433974 -0.000324003 -0.00145971 0.000106126 -0.00131184 -0.00277676 -0.00249339 -0.000394133 -0.000407774 -0.000406406 -0.000230884 -0.000382059 
224 0.00334297 -0.00223073 0.00223074 0.000661212 -0.00202408 0.00202407 0.000588693 -0.00129879 0.00129878 0.0012013 -0.00176257 0.00176257 0.000722817 -0.00169193 0.00169192 7.34059e-05 -0.000649276 0.00064928 0.00132331 -0.00163533 0.00163535 0.0019564 -0.00256893 0.0025689 0.00201967 -0.00256124 0.00256123 -0.000871083 -1.3725e-05 -0.00429807 0.000624476 -0.00097363 -8.61802e-05 0.000360213 0.000137998 -0.00228382 0.00015947 -0.000375377 -6.43846e-05 -0.00026609 -5.06979e-05 
240 0.00381111 -0.00223663 0.00223661 0.000786259 -0.00271365 0.00271364 0.000545207 -0.000935097 0.00093509 0.00101473 -0.00137679 0.0013768 0.00105902 -0.00172974 0.00172973 6.75484e-05 0.000443915 -0.000443919 0.00139901 -0.00172167 0.00172167 0.00230606 -0.00251148 0.00251145 0.0024121 -0.00251591 0.0025159 -0.000922443 -0.000177375 -0.00209659 0.000690799 -0.000950628 -0.000514188 0.000483623 -0.00136607 -0.00142246 -0.000346289 -0.000706631 -2.84083e-05 -0.000680517 -6.49383e-05 
256 0.0039954 -0.00209613 0.00209613 0.000812603 -0.00253231 0.00253231 0.000762393 -0.00269567 0.00269568 0.00122976 -0.00123826 0.00123825 0.00117747 -0.00212882 0.00212881 0.000118398 0.000473995 -0.000473998 0.00169339 -0.00264387 0.00264388 0.00223995 -0.00194241 0.00194238 0.00230199 -0.00189588 0.00189586 -0.000427882 -0.00036615 -0.00133999 -0.000253887 -0.000617853 0.000144105 0.000760577 -0.00339935 -0.000811665 -0.000640676 -0.000326567 -0.000160957 -0.000265059 -0.000216896 
272 0.00341083 -0.00193871 0.00193871 0.000469213 -0.00206239 0.00206239 0.000518614 -0.0011512 0.0011512 0.000909997 -0.0012982 0.0012982 0.000931305 -0.000531929 0.000531917 9.68024e-05 0.000581557 -0.000581555 0.00108463 -0.00166613 0.00166615 0.00222931 -0.00213306 0.00213303 0.00232622 -0.0020924 0.00209239 -0.000559738 -0.000414712 -0.00327681 -0.00118233 -0.00043938 0.000267659 -1.99958e-05 -0.00151959 -0.00150689 -0.00059722 -0.000202803 -0.000240198 -0.000163291 -0.000299174 
288 0.00419012 -0.00260263 0.00260263 0.000495016 -0.00402782 0.00402782 0.000851277 -0.00370539 0.00370539 0.00107363 -0.00217797 0.00217797 0.00117192 -0.00216623 0.00216622 0.000128163 -0.00151695 0.00151695 0.00147446 -0.00374626 0.00374626 0.00261524 -0.00228096 0.00228095 0.00271567 -0.00218905 0.00218905 -0.000817537 -0.000171113 -0.00219122 -0.00102711 -0.00121672 0.0010729 0.000401674 0.00131713 -0.00142127 0.000141417 -0.00061049 -0.000193311 -0.000549433 -0.00026309 
304 0.00332593 -0.00213406 0.00213406 0.000356308 -0.00229803 0.00229803 0.000415121 -0.00239435 0.00239435 0.00110386 -0.00193422 0.00193421 0.000914335 -0.00175042 0.00175041 0.000137157 0.000311548 -0.000311547 0.000908589 -0.00224008 0.00224009 0.00231491 -0.00222116 0.00222114 0.00241735 -0.00209399 0.00209399 -0.000413724 3.68675e-05 -0.00140128 -0.000457878 -0.000182827 0.000428827 0.000490871 -0.000587864 -0.000725578 -9.49208e-05 -0.000364346 0.000189153 -0.00026702 0.000139578 
320 0.00356341 -0.0026456 0.00264559 0.000625954 -0.00303254 0.00303253 0.000622419 -0.00198068 0.00198068 0.000919005 -0.00346622 0.00346621 0.000828405 -0.00148836 0.00148837 0.000168163 0.000499396 -0.000499383 0.00141653 -0.00228389 0.00228389 0.0020263 -0.00297332 0.00297329 0.00214688 -0.00285262 0.00285262 -0.000489711 -3.41867e-05 -0.00334467 -0.000434406 -0.00140658 0.000206507 -0.00137113 -0.00279068 -0.00236218 -0.00042306 0.000255901 0.000222508 0.000306918 0.000156713 
336 0.00345659 -0.00238216 0.00238215 0.000466553 -0.00241995 0.00241994 0.000695787 -0.00140059 0.0014006 0.00085943 -0.00353242 0.0035324 0.000605423 -0.000642048 0.000642032 0.000241332 -0.00348276 0.00348276 0.00140368 -0.00230132 0.00230133 0.00191547 -0.00262379 0.00262376 0.00205294 -0.00247985 0.00247983 -0.00106868 -0.000300025 -0.003715 0.000762378 -0.00323953 0.000852238 -0.00032862 -0.00205292 -0.00303892 0.000272899 -0.000274946 -0.000425418 -0.0002327 -0.000521473 
352 0.00401837 -0.00262617 0.00262617 0.000427931 -0.00301232 0.00301232 0.000825361 -0.00349698 0.00349698 0.00094112 -0.00265009 0.00265008 0.00104973 -0.00176649 0.00176647 1.8455e-05 0.000535228 -0.000535223 0.00127175 -0.003016 0.003016 0.00261061 -0.00266545 0.00266542 0.00274664 -0.00253939 0.00253938 -0.00123943 -0.000343711 -0.0023176 0.000332648 -0.00228908 0.000690433 0.000255385 -0.0012368 -0.00193617 0.000210828 -0.000997003 -0.000452295 -0.000932175 -0.000544145 
368 0.0033443 -0.00179964 0.00179964 0.00044665 -0.00167035 0.00167035 0.000405764 -0.00196766 0.00196766 0.00101129 -0.00255581 0.00255581 0.000695221 -0.00143597 0.00143596 0.000170821 -0.000651548 0.000651556 0.00102323 -0.0020129 0.00201291 0.0022181 -0.00184666 0.00184664 0.00232107 -0.00174046 0.00174045 -0.00126641 0.00025228 -0.00231596 -0.000645805 -0.00216481 0.00222413 -0.000579521 -0.00325546 -0.002041 0.000306088 -0.00105836 0.000289835 -0.000906855 0.00024647 
384 0.00420984 -0.00209531 0.00209531 0.000604709 -0.0026742 0.0026742 0.00064919 -0.00296815 0.00296814 0.00110373 -0.00160725 0.00160725 0.000982237 -0.00142001 0.00142001 0.000176904 0.00250715 -0.00250715 0.00143081 -0.00246256 0.00246257 0.00265003 -0.00203359 0.00203357 0.00277904 -0.00196442 0.00196441 -0.00134061 0.000479695 -0.00400666 0.000105984 -0.00357629 0.00176455 0.000620863 -0.00219406 -0.00317649 0.000365502 -0.00073213 0.000596725 -0.000538674 0.000578865 
400 0.0035514 -0.00197365 0.00197365 0.000454171 -0.00218256 0.00218255 0.000380444 -0.00203285 0.00203285 0.00141695 -0.00162919 0.00162917 0.00086628 -0.000770346 0.000770331 0.000222548 0.00158197 -0.00158196 0.00105716 -0.00200644 0.00200645 0.00234381 -0.00200832 0.00200831 0.00249423 -0.00194859 0.00194859 -0.00133269 0.000192915 -0.00502446 0.000315696 -0.00135226 0.00126015 0.00259716 -0.00103232 -0.00236216 0.000440456 -0.00106191 0.000171411 -0.00093368 0.00013289 
416 0.00351511 -0.00211976 0.00211977 0.000563391 -0.00332168 0.00332169 0.000384257 -0.00339197 0.00339196 0.00119282 -0.000948314 0.000948305 0.000665373 -0.00109515 0.00109514 6.81883e-05 0.00366965 -0.00366965 0.00101584 -0.00253676 0.00253677 0.00234156 -0.00197591 0.0019759 0.0024993 -0.00190923 0.00190923 -0.00109261 -0.000104991 -0.00269626 0.000140436 -0.00217991 0.000521676 0.00354154 0.000251269 -0.00164907 0.000318773 -0.00100826 -0.000222055 -0.000871928 -0.000265257 
432 0.0037925 -0.00215817 0.00215818 0.000532899 -0.00151684 0.00151685 0.000406806 -0.00288746 0.00288745 0.00122333 -0.00247443 0.00247442 0.000847482 -0.00314076 0.00314075 0.000272578 0.000936595 -0.000936591 0.00121228 -0.00195795 0.00195797 0.00247147 -0.0023676 0.00236758 0.00258023 -0.00225038 0.00225036 -0.00177923 9.91292e-05 -0.00229433 0.00104703 -0.0032588 0.000323543 0.00172695 -0.000655707 -0.00218635 0.00052104 -0.00175022 -7.35375e-06 -0.00159475 -4.68579e-05 
448 0.00401145 -0.00214152 0.00214151 0.000867652 -0.00235463 0.00235463 0.000423229 -0.00207463 0.00207463 0.0011124 -0.00281868 0.00281867 0.000562114 -0.00156114 0.00156113 0.000158005 0.0014899 -0.00148991 0.00144887 -0.0016184 0.00161841 0.00239641 -0.00249269 0.00249266 0.00256257 -0.00239448 0.00239447 -0.00217436 0.000151447 -0.00455329 0.000516277 -0.00191845 -0.000163463 0.00083234 -0.00223824 -0.00278713 -0.000413217 -0.00205329 0.000415491 -0.00192051 0.000414228 
464 0.00408928 -0.0021331 0.00213308 0.000733368 -0.00109187 0.00109187 0.00056967 -0.00379352 0.00379354 0.001412 -0.00261645 0.00261644 0.000565732 -0.00166924 0.00166924 0.000216825 0.00133807 -0.00133806 0.00151986 -0.00217746 0.00217746 0.00242369 -0.00222483 0.00222481 0.00256941 -0.00209508 0.00209508 -0.00207686 -7.21846e-05 -0.00545924 0.000906721 -0.00188857 0.000653026 0.00297743 -0.00362423 -0.00270279 -2.54596e-05 -0.00197756 -3.28925e-05 -0.00180346 -5.43492e-05 
480 0.00371362 -0.00232941 0.00232942 0.000997705 -0.00154479 0.00154479 0.000263775 -0.00311261 0.00311261 0.00115294 -0.001174 0.00117399 0.000883523 -0.00294421 0.0029442 0.00014947 -0.000267912 0.000267916 0.00141094 -0.00219167 0.00219167 0.00213539 -0.0024492 0.00244917 0.00230269 -0.00237604 0.00237603 -0.00242328 0.000413301 -0.00459717 0.000699039 -0.00250321 0.00103729 0.00285358 -0.000276779 -0.00263673 0.000733233 -0.00255217 0.000322205 -0.00233762 0.000317045 
496 0.00346821 -0.00225563 0.00225563 0.000661322 -0.000496167 0.000496167 0.000242531 -0.00294678 0.00294678 0.00136499 -0.00124782 0.00124781 0.000602 -0.00145907 0.00145907 0.000226302 0.000185073 -0.000185067 0.00113016 -0.00180364 0.00180364 0.00223995 -0.00259363 0.0025936 0.00233807 -0.00245934 0.00245932 -0.00299817 7.55779e-05 -0.00435696 -0.000616455 -0.00343816 0.000403839 0.00183057 -0.00258353 -0.00300727 -0.00040095 -0.00317944 0.000333443 -0.00300874 0.000314429 
512 0.0041992 -0.00240472 0.00240472 0.00105557 -0.00317626 0.00317626 0.00061392 -0.00287654 0.00287654 0.00123996 -0.000836563 0.000836551 0.000869287 -0.0019946 0.00199459 7.20351e-06 0.00201002 -0.00201001 0.0016767 -0.00273027 0.00273028 0.00240637 -0.00236624 0.00236621 0.00252252 -0.00224347 0.00224347 -0.00322463 -0.000399334 -0.00589699 0.000134711 -0.00353113 0.000528692 0.00272708 -0.00230349 -0.00364728 -0.000186387 -0.00323515 -0.00038832 -0.0030291 -0.000450033 
528 0.00420456 -0.00211795 0.00211796 0.000657564 -0.00260209 0.00260208 0.000452248 -0.00136975 0.00136975 0.00137249 -0.00159307 0.00159305 0.000869725 -0.00210403 0.00210403 0.000191172 -0.00220316 0.00220317 0.00130099 -0.00218494 0.00218496 0.00279965 -0.0022512 0.00225117 0.00290359 -0.00214759 0.00214758 -0.00341542 -0.00012007 -0.00697162 0.000393816 -0.00336469 -3.32069e-05 0.00209799 0.000814066 -0.00411427 0.000143991 -0.00323813 -0.000166138 -0.00305837 -0.000198678 
544 0.00358925 -0.00162477 0.00162476 0.000722748 -0.00237611 0.00237611 0.000477096 -0.00157775 0.00157776 0.000958682 -0.000350912 0.000350908 0.000854822 -0.00254756 0.00254755 3.57841e-05 0.000594027 -0.000594034 0.00123563 -0.00189444 0.00189446 0.00222979 -0.00156586 0.00156584 0.00235362 -0.00149865 0.00149864 -0.00362573 -0.000422226 -0.00360968 -0.000788289 -0.00402586 2.97194e-05 0.000262806 -0.00201017 -0.00339641 -0.00075636 -0.00382473 -0.000172973 -0.00369595 -0.000236593 
560 0.00404806 -0.00235917 0.00235916 0.000764564 -0.00201954 0.00201953 0.000676514 -0.00250126 0.00250125 0.00168397 -0.00148216 0.00148215 0.000502807 -0.00261703 0.00261702 0.000109554 -0.000113411 0.000113412 0.00155063 -0.00238959 0.00238961 0.00241519 -0.00251111 0.00251108 0.00249743 -0.00236338 0.00236338 -0.00369523 -0.000295712 -0.00258092 -0.00103389 -0.00424497 0.000235842 0.00247218 -0.00202403 -0.00295333 -0.000647639 -0.00420657 -3.05908e-05 -0.0040324 -0.000104133 
576 0.00366934 -0.00250952 0.00250952 0.000766401 -0.00280197 0.00280197 0.000445529 -0.00161679 0.00161679 0.00110292 -0.00128533 0.00128532 0.000862425 -0.0031865 0.00318649 2.67404e-05 -0.00123686 0.00123687 0.00123868 -0.00241517 0.00241518 0.00229497 -0.00256552 0.00256551 0.00243068 -0.00250567 0.00250567 -0.00428276 -0.000465702 -0.00572816 -0.000994087 -0.00548187 -0.00023992 0.00114494 -0.000992921 -0.00489591 -0.000686526 -0.00422419 -0.000253768 -0.00401316 -0.000313718 
592 0.00342704 -0.00192647 0.00192647 0.000511967 -0.00200816 0.00200816 0.000544236 -0.00314538 0.00314538 0.00119443 -0.00114319 0.00114319 0.000768668 -0.00174555 0.00174555 -3.10452e-05 -0.00203022 0.00203023 0.00102516 -0.00274372 0.00274373 0.00231537 -0.00161344 0.00161341 0.00240189 -0.00154686 0.00154686 -0.00476681 -0.000688353 -0.00569764 -0.00130179 -0.0055697 0.000278303 0.00113706 -0.000148232 -0.0048673 -0.000527118 -0.00487489 -0.000687002 -0.00469508 -0.000705141 
608 0.00392401 -0.00238927 0.00238926 0.000679058 -0.00325822 0.00325821 0.000465916 -0.00325725 0.00325725 0.00130814 -0.0013619 0.00136189 0.000961756 -0.00168144 0.00168143 0.000144285 -0.00530245 0.00530244 0.00128925 -0.00383947 0.00383947 0.00255758 -0.0018689 0.00186887 0.00263476 -0.00180193 0.00180192 -0.00492247 4.89283e-05 -0.00587474 0.000692236 -0.0045018 -1.0606e-05 -0.000591337 -0.00050931 -0.00465124 0.000214497 -0.00517679 -2.10183e-05 -0.00501941 -1.34062e-05 
624 0.00401443 -0.00213511 0.00213511 0.000677618 -0.0022822 0.0022822 0.000546859 -0.00267869 0.00267868 0.00136251 -0.00173165 0.00173164 0.000775534 -0.000700991 0.000700983 -0.000101977 0.000867876 -0.00086787 0.0011225 -0.00248943 0.00248944 0.00267322 -0.00203704 0.00203702 0.00289195 -0.00199631 0.00199629 -0.00531181 -0.000156346 -0.00696329 0.00020403 -0.00641603 8.86923e-05 -0.00197911 -0.00355047 -0.00597051 -0.00031624 -0.00522516 1.14167e-06 -0.00502443 -7.25904e-05 
640 0.00369979 -0.0019998 0.00199981 0.00063414 -0.00278126 0.00278126 0.000295292 -0.0024192 0.00241919 0.00120873 -0.00113101 0.001131 0.000590413 -0.00246471 0.0024647 0.000253219 -0.00154377 0.00154378 0.00118265 -0.00285821 0.00285822 0.00236316 -0.00171058 0.00171055 0.00251714 -0.00160156 0.00160155 -0.00615789 -0.000581639 -0.00653982 -0.000266292 -0.00714645 -0.000732161 0.000845361 -0.00117938 -0.00579462 -0.000787073 -0.00650829 -0.00034397 -0.00631988 -0.000460958 
656 0.00388747 -0.00284538 0.00284539 0.000588762 -0.0031922 0.0031922 0.000466201 -0.00423994 0.00423994 0.00160586 -0.00247196 0.00247196 0.000730339 -0.0040388 0.00403878 0.000166538 -0.000388499 0.000388506 0.00122151 -0.00340432 0.00340432 0.00252654 -0.00272429 0.00272426 0.00266597 -0.00262737 0.00262737 -0.00696525 -0.000634652 -0.00635378 -0.000451726 -0.00713336 -0.00146543 -0.000646584 -0.000185181 -0.00590507 -0.000996427 -0.00759528 -0.000339055 -0.00743501 -0.000433023 
672 0.00332926 -0.00241893 0.00241893 0.000704841 -0.00305622 0.00305622 0.000493982 -0.00341168 0.00341167 0.00112025 -0.0011205 0.00112048 0.000543227 -0.00365724 0.00365723 0.000168559 0.000236038 -0.000236035 0.00136738 -0.00278815 0.00278815 0.00184627 -0.00234285 0.00234281 0.00196188 -0.00228246 0.00228244 -0.00784555 -8.79758e-05 -0.00650228 -0.000903537 -0.00838826 -0.000140928 -0.0031427 -0.000808182 -0.00699263 -0.000579707 -0.00843928 0.00022715 -0.00823852 0.000166555 
688 0.00338392 -0.00256517 0.00256517 0.000466736 -0.00294473 0.00294473 0.000325374 -0.00215767 0.00215768 0.00103513 -0.00216995 0.00216994 0.000775703 -0.00398776 0.00398774 0.000257946 0.00111201 -0.00111201 0.00105006 -0.00210061 0.00210062 0.00215753 -0.00282381 0.00282377 0.00233388 -0.00274119 0.00274118 -0.00852626 0.000414304 -0.00676048 0.000756956 -0.00879591 0.000812104 -0.00108777 0.000526397 -0.00714437 0.000692183 -0.00934678 0.000411076 -0.00916218 0.000349769 
704 0.00364605 -0.00277171 0.0027717 0.000561981 -0.00344994 0.00344994 0.000523749 -0.00349465 0.00349464 0.00120189 -0.00246479 0.00246478 0.000554539 -0.00404023 0.00404023 0.000339848 0.0017202 -0.00172018 0.00142558 -0.00298181 0.00298183 0.00211793 -0.00283783 0.00283781 0.00222048 -0.00263601 0.002636 -0.00925399 1.20542e-06 -0.00954071 0.000897601 -0.00812172 2.62677e-05 0.000554991 -0.0011183 -0.00766937 0.000167969 -0.0101239 3.86196e-05 -0.00995653 2.6025e-06 
720 0.00334721 -0.00265879 0.00265878 0.000646152 -0.00331007 0.00331008 0.000584731 -0.00420565 0.00420565 0.000957245 -0.00181068 0.00181067 0.000615808 -0.00431154 0.00431153 0.000182138 0.00342689 -0.00342689 0.00141302 -0.00302007 0.00302007 0.00174937 -0.00260525 0.00260522 0.00193419 -0.00249859 0.00249859 -0.0106932 -0.000178187 -0.0115733 0.000106679 -0.00923206 0.000335648 -0.00428044 -0.00132733 -0.00954118 0.00010805 -0.0113373 -0.000203265 -0.011182 -0.00023677 
736 0.00383899 -0.00244426 0.00244426 0.000617838 -0.002358 0.002358 0.000468537 -0.00302845 0.00302845 0.00113116 -0.00156686 0.00156686 0.000612918 -0.00365715 0.00365714 0.000313998 0.00148089 -0.00148088 0.00140038 -0.00221696 0.00221697 0.00235477 -0.00269777 0.00269774 0.00243861 -0.00254172 0.00254171 -0.0123359 0.00017025 -0.0114261 0.00065631 -0.0117325 -0.000385967 -0.00471937 -0.00340676 -0.0107104 -0.000312774 -0.013172 0.000478186 -0.013057 0.000435187 
752 0.00375447 -0.00202811 0.0020281 0.000757156 -0.00245123 0.00245122 0.000396321 -0.00269811 0.0026981 0.0015651 -0.00177973 0.00177972 0.000654742 -0.00338667 0.00338667 0.000219693 0.00288072 -0.00288072 0.00137317 -0.00210728 0.00210728 0.00228652 -0.00211269 0.00211267 0.00238131 -0.00200886 0.00200886 -0.0131864 0.000224539 -0.0115356 0.000679615 -0.0116103 -0.00167685 -0.00240521 -0.00100927 -0.010399 -0.000562183 -0.0145711 0.000610421 -0.014381 0.000592817 
768 0.00411594 -0.00236996 0.00236996 0.000820902 -0.00321178 0.00321178 0.000492521 -0.00434465 0.00434465 0.00147532 -0.000883697 0.000883685 0.000651899 -0.00343268 0.00343268 0.000154801 0.00110381 -0.00110381 0.00146823 -0.00317694 0.00317693 0.00257597 -0.00213056 0.00213054 0.00264772 -0.00203683 0.00203683 -0.0142017 0.000293717 -0.0129179 0.000326289 -0.0115563 -0.000892486 -0.00194574 0.000400442 -0.0109629 -0.000129742 -0.0159034 0.000641953 -0.0155841 0.00050439 
784 0.00436463 -0.00203831 0.00203831 0.000719967 -0.0022635 0.00226349 0.000708793 -0.00357649 0.00357649 0.0016944 -0.00116058 0.00116056 0.000907627 -0.00268982 0.0026898 0.000168543 0.00236439 -0.00236438 0.0015973 -0.00255246 0.00255246 0.00264798 -0.00187958 0.00187955 0.00276733 -0.00177212 0.0017721 -0.0163276 1.76192e-05 -0.0149914 0.000483162 -0.0142478 -0.000578651 -0.00477649 -0.000860931 -0.0134051 -0.000121324 -0.0179205 0.0002534 -0.017606 0.000111915 
800 0.00371486 -0.002345 0.00234499 0.000601803 -0.00188592 0.00188593 0.000614693 -0.00222693 0.00222692 0.00122896 -0.00175532 0.00175531 0.000661343 -0.00250774 0.00250772 0.00024795 -0.00179041 0.00179041 0.00146445 -0.00225582 0.00225581 0.00212997 -0.0025433 0.00254327 0.00225042 -0.00236711 0.00236711 -0.0181904 -0.000286835 -0.0172958 0.00132736 -0.0158479 -0.000974978 -0.00653898 -0.00194305 -0.0151948 -0.000227678 -0.0196742 -0.000244113 -0.019474 -0.000269317 
816 0.00327561 -0.00280493 0.00280492 0.000737622 -0.00384715 0.00384715 0.000594 -0.00316685 0.00316685 0.00125401 -0.00152537 0.00152536 0.000828375 -0.00411603 0.00411601 7.25604e-05 -0.00174014 0.00174013 0.00140419 -0.0035633 0.00356331 0.00169962 -0.00263309 0.00263307 0.00187142 -0.0024232 0.00242319 -0.0194752 -0.000163887 -0.0184974 0.000428215 -0.0167729 -0.00126074 -0.00629862 -0.00157284 -0.0159006 -0.000507552 -0.0211374 0.000116695 -0.0209961 3.38767e-05 
832 0.00381774 -0.00263112 0.00263112 0.000723361 -0.00249081 0.00249082 0.000477019 -0.00383872 0.00383872 0.00152825 -0.00136292 0.00136292 0.000514079 -0.00265128 0.00265126 0.000105945 0.00152308 -0.00152308 0.00130633 -0.00284639 0.00284639 0.00224081 -0.00263288 0.00263285 0.00251142 -0.00245854 0.00245853 -0.0218392 -0.000257226 -0.0208082 0.000109215 -0.0188761 -0.000439131 -0.00926276 -0.000892589 -0.0180953 -0.000172228 -0.0235708 -0.000100098 -0.0234201 -0.000241886 
848 0.00362357 -0.00258619 0.00258618 0.000714873 -0.00227398 0.00227398 0.000593169 -0.00511077 0.00511076 0.00127402 -0.0010874 0.00108739 0.000772749 -0.0035005 0.00350049 0.000234843 -0.00110581 0.00110581 0.00154287 -0.0038584 0.00385841 0.00186619 -0.00221221 0.00221219 0.00208069 -0.00200265 0.00200264 -0.024811 -0.000321602 -0.0237171 -0.000274995 -0.021247 -0.00125628 -0.0138694 -0.000714336 -0.0210002 -0.000781234 -0.0265533 3.37125e-05 -0.0264128 -6.49442e-05 
864 0.00374614 -0.00200949 0.0020095 0.000667022 -0.00252787 0.00252788 0.000626478 -0.00343928 0.00343928 0.00148646 -0.000431433 0.000431424 0.0007725 -0.00169221 0.00169219 7.44302e-05 -0.000593715 0.000593716 0.00136792 -0.0029947 0.00299471 0.00220726 -0.00173318 0.00173315 0.00237823 -0.00153562 0.0015356 -0.0268735 0.000234013 -0.0259299 0.000969698 -0.0231291 -0.000742632 -0.0132523 -0.00212932 -0.0225508 -0.000255 -0.0287886 0.000567151 -0.0287358 0.000479158 
880 0.00392608 -0.0022114 0.0022114 0.000617658 -0.00291192 0.00291192 0.00065616 -0.00319337 0.00319335 0.00125075 -0.000151335 0.000151326 0.000798806 -0.00191729 0.00191728 0.000124235 -0.00185602 0.00185603 0.00139805 -0.00340071 0.00340071 0.00231715 -0.00175378 0.00175375 0.00252805 -0.00164746 0.00164745 -0.0288382 -9.81421e-05 -0.0264389 0.000571937 -0.0249883 -0.00119848 -0.0118878 0.00116645 -0.0234612 1.90125e-05 -0.0310876 -5.28617e-05 -0.0311258 -0.000111745 
896 0.00365772 -0.00213734 0.00213732 0.000329554 -0.00260851 0.00260851 0.000459322 -0.00386703 0.00386702 0.00155617 -0.00097461 0.000974603 0.000749629 -0.00237518 0.00237518 -2.08771e-05 0.00291601 -0.002916 0.000767989 -0.00290076 0.00290076 0.00273627 -0.00196596 0.00196592 0.00288973 -0.00182807 0.00182806 -0.0318556 1.516e-05 -0.0276245 0.000149713 -0.0273841 -7.76104e-06 -0.0138726 0.00129017 -0.0254662 0.000530355 -0.0345496 -8.052e-05 -0.0345849 -0.000165548 
912 0.00374075 -0.00257271 0.00257271 0.000591827 -0.00461513 0.00461512 0.000415171 -0.00542589 0.00542589 0.00138369 -0.000547219 0.000547211 0.000732861 -0.00265791 0.00265789 0.000129161 -0.000698366 0.000698365 0.00113616 -0.00464581 0.00464581 0.00244345 -0.00175702 0.00175701 0.0026046 -0.00166632 0.00166633 -0.0343427 0.000336204 -0.0306715 0.000530693 -0.0297199 0.00018338 -0.0154475 0.000344467 -0.0276633 0.000366761 -0.0371918 0.000503077 -0.0372029 0.000375316 
928 0.00393734 -0.00267086 0.00267086 0.000457584 -0.00134191 0.00134191 0.000488053 -0.00604879 0.00604879 0.00157186 -0.000572184 0.00057218 0.000615295 -0.00201379 0.00201378 0.000131106 0.00210137 -0.00210137 0.00107676 -0.00331094 0.00331094 0.00263711 -0.00247199 0.00247197 0.00286061 -0.00236362 0.00236361 -0.0368295 0.000614125 -0.0322436 0.000378429 -0.0312949 9.2571e-05 -0.017096 0.00095282 -0.0293712 0.000526517 -0.0399483 0.000755648 -0.0399993 0.000722243 
944 0.00356265 -0.00179015 0.00179015 0.000775455 -0.00163701 0.00163701 0.00035414 -0.00397548 0.00397548 0.00130223 -0.00019494 0.000194936 0.000627476 -0.00212792 0.00212791 0.000292318 0.00289681 -0.00289681 0.0014219 -0.00245742 0.00245743 0.00194714 -0.00166714 0.00166712 0.00214073 -0.00146677 0.00146676 -0.0404401 0.000962173 -0.0344332 0.00106826 -0.0341727 0.000844952 -0.0197013 0.00116057 -0.0321634 0.00137913 -0.0438246 0.000844275 -0.0439623 0.000851538 
960 0.00428471 -0.00238672 0.00238671 0.000870017 -0.00248457 0.00248457 0.000629344 -0.00418575 0.00418575 0.00156586 -0.00127552 0.0012755 0.000444258 -0.00224854 0.00224853 0.000228841 0.00521765 -0.00521765 0.0017282 -0.00253612 0.00253613 0.00232277 -0.00238287 0.00238286 0.00255651 -0.00225969 0.00225969 -0.0432971 0.00116012 -0.036488 0.00216039 -0.0353151 0.00120077 -0.0184035 -0.00125218 -0.0333442 0.0013719 -0.0473526 0.00116793 -0.047562 0.00111484 
976 0.00410567 -0.00242982 0.00242982 0.000743547 -0.00263114 0.00263114 0.000705538 -0.00403431 0.00403431 0.00166374 -0.00201303 0.00201301 0.000468632 -0.00300639 0.00300638 0.000169692 0.0046682 -0.00466819 0.00161877 -0.00254053 0.00254053 0.00230798 -0.00242301 0.00242298 0.00248689 -0.00235515 0.00235514 -0.0468534 0.000927237 -0.0406698 0.000613496 -0.0380886 0.000383746 -0.0183875 -0.000558033 -0.0361091 0.0004868 -0.0512914 0.00132225 -0.0514913 0.00122174 
992 0.00393986 -0.00219804 0.00219804 0.000681074 -0.000890864 0.000890865 0.000681285 -0.00295775 0.00295774 0.00119199 -0.000570993 0.000570987 0.000486956 -0.00252903 0.00252902 0.0001649 0.000951052 -0.000951049 0.00152725 -0.00207491 0.00207493 0.00223126 -0.00220263 0.00220262 0.00241262 -0.00219197 0.00219197 -0.0508202 0.00128695 -0.044821 0.00197663 -0.0425566 0.00124003 -0.0195642 0.00210087 -0.039827 0.0020217 -0.0554117 0.00119492 -0.0555876 0.00108023 
1008 0.00427675 -0.00217603 0.00217602 0.00089273 -0.00415528 0.00415528 0.000956388 -0.00356955 0.00356955 0.00138889 -0.000330077 0.00033006 0.000794659 -0.00246205 0.00246204 4.24311e-05 0.000469072 -0.000469067 0.00189154 -0.00360314 0.00360315 0.0022114 -0.00164522 0.0016452 0.00238522 -0.00154569 0.00154568 -0.0534759 0.00184566 -0.0465926 0.00215166 -0.0437623 0.00137794 -0.0197527 -0.00120819 -0.0412224 0.00179808 -0.0586407 0.00212017 -0.0587839 0.00195078 
1024 0.00407814 -0.00194842 0.00194843 0.00078497 -0.0035211 0.0035211 0.000687567 -0.00202948 0.00202947 0.00141932 -0.00111699 0.00111697 0.00068048 -0.00174478 0.00174476 -2.28361e-05 0.000428387 -0.000428388 0.00144969 -0.00269703 0.00269704 0.00233656 -0.00171056 0.00171056 0.00262846 -0.00158143 0.00158144 -0.0561995 0.00192065 -0.0472936 0.00286486 -0.0441727 0.000388082 -0.0206348 -0.0040294 -0.0419298 0.0010576 -0.0622024 0.00254865 -0.0623861 0.00238109 
1040 0.00409856 -0.00215294 0.00215295 0.000826481 -0.0011316 0.0011316 0.000723223 -0.00434346 0.00434346 0.000798582 -0.000115675 0.000115661 0.000947104 -0.00349289 0.00349288 0.000243102 0.000636178 -0.000636179 0.00179282 -0.00277804 0.00277804 0.00208086 -0.00204099 0.00204096 0.00230578 -0.00183856 0.00183856 -0.059398 0.001984 -0.0491408 0.0023694 -0.0472784 0.000321357 -0.0217464 0.00086132 -0.0439198 0.00129531 -0.0658046 0.00248409 -0.0660466 0.0023784 
1056 0.00460615 -0.00205264 0.00205264 0.00114623 -0.0010299 0.00102989 0.000645663 -0.00364832 0.00364833 0.00138319 -0.00152095 0.00152093 0.000690577 -0.00255755 0.00255753 0.000141861 0.00226514 -0.00226514 0.00193375 -0.00217597 0.00217599 0.00243723 -0.0021166 0.00211657 0.00267239 -0.00196688 0.00196688 -0.0620216 0.00235192 -0.0512787 0.00146558 -0.0496062 0.00165036 -0.021713 0.00136498 -0.045888 0.00167751 -0.0688224 0.00285495 -0.0689957 0.00273089 
1072 0.00383104 -0.00236953 0.00236953 0.000801506 -1.30232e-05 1.30204e-05 0.000683188 -0.00301283 0.00301284 0.00105046 -0.00171145 0.00171144 0.000659543 -0.0025834 0.00258339 9.86204e-05 -0.00185571 0.00185571 0.00158331 -0.00179827 0.00179827 0.00195821 -0.00272217 0.00272215 0.00224771 -0.00261626 0.00261625 -0.0645264 0.00220945 -0.0533003 0.000987729 -0.0509081 0.00195068 -0.0227628 -0.000148967 -0.0475379 0.00147585 -0.0717446 0.0027881 -0.0718984 0.00266234 
1088 0.00408899 -0.00196528 0.00196528 0.00088845 -0.001892 0.00189201 0.00093958 -0.00317222 0.00317222 0.00120788 -0.00161466 0.00161465 0.000804859 -0.00269523 0.00269523 8.90741e-05 0.0021213 -0.0021213 0.00191709 -0.0022946 0.0022946 0.00190195 -0.00202657 0.00202654 0.00217189 -0.00185601 0.00185599 -0.067636 0.0023401 -0.0559575 0.00240913 -0.0524873 0.00108559 -0.0216646 0.00020304 -0.049129 0.00153799 -0.0753285 0.00299033 -0.0756031 0.0028397 
1104 0.00406222 -0.00182486 0.00182487 0.000682901 -0.00193286 0.00193285 0.00078185 -0.00147158 0.00147156 0.00109479 -0.00156247 0.00156246 0.00069965 -0.0012705 0.0012705 0.000197548 0.000330666 -0.00033066 0.0016623 -0.00182768 0.00182768 0.00207025 -0.00201008 0.00201006 0.00239994 -0.00185874 0.00185875 -0.0697228 0.00256885 -0.0575157 0.0019289 -0.05394 0.000427441 -0.0209316 0.00179773 -0.050144 0.00139095 -0.07779 0.00333418 -0.0781528 0.0031853 
1120 0.00423493 -0.00233781 0.00233781 0.000778156 -0.00385349 0.00385349 0.000871771 -0.00229183 0.00229182 0.00115073 -0.00274863 0.00274862 0.000942497 -0.000765213 0.000765202 3.38708e-05 7.98542e-05 -7.98508e-05 0.0016838 -0.00289787 0.00289787 0.00222129 -0.00219781 0.00219778 0.00255114 -0.00206672 0.00206671 -0.0712057 0.00240964 -0.0573634 0.0012503 -0.0553754 0.000116014 -0.0240329 0.00162358 -0.0511344 0.000908719 -0.0796288 0.00339952 -0.0798943 0.00318242 
1136 0.00382699 -0.00214436 0.00214434 0.000557556 -0.00317485 0.00317485 0.000667397 -0.00134747 0.00134747 0.00108737 -0.0017182 0.00171818 0.000957422 -0.00107608 0.00107607 0.000264901 -0.00182544 0.00182545 0.00148986 -0.00250484 0.00250484 0.00201324 -0.00206821 0.00206818 0.00233714 -0.00193295 0.00193293 -0.0728275 0.00257939 -0.0574415 0.00240959 -0.0561122 -8.3606e-05 -0.0226505 0.00208792 -0.0515069 0.00137414 -0.0817533 0.00340317 -0.0820344 0.00323208 
1152 0.00416757 -0.00230175 0.00230175 0.000913215 -0.00475201 0.00475201 0.000790775 -0.00359751 0.0035975 0.00153479 -0.00102365 0.00102364 0.00077316 -0.00225173 0.00225172 4.47993e-05 0.00390442 -0.00390442 0.00174879 -0.00338147 0.00338148 0.00207678 -0.00190625 0.00190622 0.00241878 -0.00178658 0.00178657 -0.0738506 0.00292178 -0.057375 0.00218045 -0.0549217 0.00121962 -0.0181129 0.00384424 -0.0503565 0.00197893 -0.0836065 0.00354054 -0.0840231 0.0034279 
1168 0.00393059 -0.00157679 0.00157679 0.000762133 -0.0020673 0.0020673 0.000607172 -0.00324506 0.00324506 0.00124058 -0.000787925 0.00078792 0.000790654 -0.00228185 0.00228184 0.000249965 -0.000338052 0.000338058 0.00161927 -0.00247805 0.00247805 0.00197283 -0.00127132 0.0012713 0.00231132 -0.0011643 0.00116429 -0.0733204 0.00286357 -0.0564917 0.0016087 -0.0544711 0.00179497 -0.0168751 0.00563066 -0.0494756 0.00212924 -0.0831945 0.00343042 -0.0836536 0.00332179 
1184 0.00517287 -0.00156337 0.00156336 0.000961715 -0.00231423 0.00231422 0.0010772 -0.00265506 0.00265507 0.00155463 -0.00120063 0.00120062 0.000953421 -0.00157853 0.00157852 0.000221647 -0.0004653 0.000465303 0.00226056 -0.00221582 0.00221581 0.00260801 -0.0013536 0.00135357 0.0029123 -0.00126437 0.00126435 -0.0725809 0.00271533 -0.0561788 0.00155361 -0.0538995 0.000782121 -0.0167692 0.00289498 -0.0489985 0.0014851 -0.082339 0.00348094 -0.082761 0.00338189 
1200 0.00461805 -0.000879959 0.000879975 0.000934307 -0.00152958 0.00152957 0.000664898 -0.000744179 0.000744182 0.00140544 0.000191119 -0.000191126 0.000767366 -0.000772747 0.000772739 8.98226e-05 0.00396221 -0.00396221 0.00168903 -0.000760832 0.00076084 0.00256109 -0.000965847 0.000965829 0.00292904 -0.000929519 0.000929505 -0.0723425 0.00246171 -0.0543385 0.00237756 -0.0541374 -0.000296756 -0.0162239 0.0014937 -0.0483399 0.00109193 -0.0822636 0.00324633 -0.0827136 0.00315404 
1216 0.00501947 -0.0016905 0.0016905 0.00110192 -0.00192383 0.00192384 0.000921468 -0.00349133 0.00349132 0.00148312 0.000169636 -0.000169644 0.00112999 -0.00130896 0.00130894 0.00027207 0.00350143 -0.00350144 0.00229545 -0.00218997 0.00218997 0.00240861 -0.00156371 0.0015637 0.00272402 -0.00145798 0.00145799 -0.0705896 0.00247362 -0.0526641 0.00252107 -0.0532101 -0.000693609 -0.0125312 0.00422965 -0.0467874 0.00134987 -0.0803449 0.00311098 -0.0808705 0.00306774 
1232 0.0044849 -0.00114812 0.00114811 0.000988328 -0.00131446 0.00131446 0.000997081 -0.00350497 0.00350497 0.00155538 0.000499597 -0.000499607 0.00105992 0.000337803 -0.000337812 0.000192835 0.00167697 -0.00167696 0.00217824 -0.00211725 0.00211727 0.00196182 -0.000849764 0.000849731 0.00230667 -0.000748125 0.000748117 -0.0673916 0.00181664 -0.0498854 0.000941251 -0.0492115 -0.00106333 -0.00639681 0.0019727 -0.0428402 0.000171178 -0.0774641 0.00272542 -0.0779881 0.0026418 
1248 0.00574995 -0.00184088 0.00184088 0.00106271 -0.00135916 0.00135916 0.00095386 -0.00268971 0.0026897 0.00161619 0.00011568 -0.000115689 0.00142678 0.0004455 -0.000445509 0.000275986 -0.00164654 0.00164655 0.00229256 -0.00233383 0.00233385 0.00303891 -0.00171036 0.00171033 0.0034574 -0.00156059 0.00156058 -0.064219 0.00192062 -0.0455978 0.00114731 -0.0469611 0.000890039 -0.00495917 0.000434896 -0.0398288 0.000883118 -0.074262 0.00255452 -0.0747708 0.00248671 
1264 0.00455596 -0.00145782 0.00145781 0.000858381 -0.00190201 0.00190201 0.000640768 -0.00176637 0.00176637 0.00161233 -0.000182183 0.000182176 0.00116125 0.000232269 -0.00023228 0.000170411 0.00123536 -0.00123536 0.00166957 -0.0016637 0.00166371 0.00239417 -0.00147567 0.00147564 0.0028864 -0.00133577 0.00133576 -0.0592942 0.00170528 -0.0404699 0.00228104 -0.04497 7.85698e-05 -0.00028896 0.00260669 -0.0363417 0.00141383 -0.0686596 0.00199503 -0.0691738 0.00193968 
1280 0.00504889 -0.00132641 0.00132641 0.000776119 -0.00189077 0.00189077 0.00107142 -0.00220279 0.00220279 0.0015123 0.00051885 -0.000518869 0.00105754 -0.000670612 0.00067061 0.000273004 0.00171951 -0.00171951 0.00212053 -0.00178559 0.0017856 0.00240214 -0.00124314 0.00124312 0.00292835 -0.00108437 0.00108437 -0.0537442 0.00106375 -0.0349309 0.00203457 -0.0404354 -0.000720177 0.00429932 0.00312037 -0.0316356 0.000928479 -0.062826 0.00136968 -0.0632358 0.00119437 
1296 0.00523597 -0.00153354 0.00153354 0.00100928 -0.00372525 0.00372524 0.00107138 -0.00241768 0.00241767 0.00140459 -0.000359996 0.000359981 0.00101368 -0.000947149 0.00094714 0.000249133 0.00485755 -0.00485755 0.0023298 -0.00206683 0.00206683 0.00240676 -0.00139493 0.0013949 0.00290619 -0.00123017 0.00123016 -0.0479445 0.00041879 -0.0293659 0.000680771 -0.0356 -0.00111415 0.00752841 0.00192156 -0.0266289 0.000161987 -0.0568255 0.000789304 -0.0571234 0.00062072 
1312 0.00522528 -0.00182398 0.00182398 0.000605344 -0.00256212 0.00256212 0.000739668 -0.00299915 0.00299914 0.00161159 -0.000408956 0.00040895 0.00106764 -0.00157142 0.0015714 0.000323732 0.00305744 -0.00305744 0.00166874 -0.00216522 0.00216523 0.0030231 -0.00177579 0.00177577 0.00355653 -0.00164767 0.00164766 -0.0410407 -0.000221672 -0.0233527 2.51735e-05 -0.0305926 -0.000929972 0.0108429 0.00129837 -0.0213656 -5.62746e-05 -0.049259 -2.79804e-05 -0.0494868 -0.000194607 
1328 0.00508492 -0.00128089 0.00128088 0.00114211 -0.00211777 0.00211777 0.00073023 -0.00395557 0.00395557 0.00148891 0.000642442 -0.000642453 0.000834655 5.25408e-05 -5.25442e-05 0.000316288 0.00471832 -0.00471832 0.00218862 -0.00220416 0.00220416 0.00225822 -0.000760025 0.000759994 0.00289631 -0.000831101 0.000831089 -0.0343155 -0.000595958 -0.0179949 4.14815e-05 -0.0258064 -0.000320856 0.0133318 0.000354934 -0.0167616 -0.000143157 -0.0416158 -0.000556866 -0.0418543 -0.000722553 
1344 0.00616948 -0.00118447 0.00118448 0.00136734 0.000237804 -0.0002378 0.000955959 -0.00206467 0.00206467 0.00153108 -8.25146e-05 8.25067e-05 0.00140785 0.00044119 -0.000441203 0.000607406 0.00468596 -0.00468596 0.0029307 -0.00047498 0.000474984 0.0025951 -0.00132783 0.00132782 0.00323877 -0.0014684 0.00146839 -0.0262153 -0.000743711 -0.0104749 -0.000178567 -0.0204518 -0.000963038 0.0191176 0.0027761 -0.0104844 -0.000208631 -0.0327648 -0.000795829 -0.0329852 -0.000935345 
1360 0.00571641 -0.000413392 0.000413392 0.00150447 0.000603433 -0.000603434 0.000901414 -0.0011389 0.00113889 0.00168249 0.000457174 -0.000457186 0.00101575 0.000415549 -0.000415555 0.000322886 0.00945045 -0.00945045 0.00272877 0.000748753 -0.000748748 0.00231311 -0.000603381 0.000603357 0.00298764 -0.000871424 0.00087142 -0.018449 -0.000822608 -0.00292207 -0.000478684 -0.0153912 -0.00173369 0.0218898 0.00767472 -0.00493288 0.000173802 -0.0242409 -0.00103975 -0.0242721 -0.00120853 
1376 0.00628494 -0.000127202 0.000127209 0.0014035 0.00219382 -0.00219383 0.000972998 -0.000430601 0.00043059 0.00186999 0.00128096 -0.00128097 0.00101126 5.94983e-05 -5.95013e-05 0.000436108 0.00667271 -0.0066727 0.00281262 0.00126039 -0.00126039 0.00248601 7.84425e-05 -7.84454e-05 0.00347233 -0.000658355 0.000658358 -0.0105993 -0.00144305 0.00274192 -0.000558475 -0.0087801 -0.00160044 0.0239996 0.00318913 0.00068903 -0.000456595 -0.0158434 -0.00167234 -0.0154247 -0.00183537 
1392 0.00681722 0.000145695 -0.000145706 0.00164691 0.00142087 -0.00142087 0.00103354 -0.000526108 0.000526098 0.00204524 0.00138229 -0.0013823 0.00108889 0.000522799 -0.000522811 0.000515956 0.00569119 -0.00569118 0.0031964 0.00088072 -0.00088071 0.00317879 0.000187763 -0.000187803 0.00362082 -0.000128286 0.000128275 -0.00191833 -0.00162838 0.010014 -0.00143551 -0.00295744 -0.00146902 0.0280991 0.00419222 0.00699005 -0.000772274 -0.00659555 -0.00179156 -0.00567316 -0.00194743 
1408 0.00733122 0.000948639 -0.000948655 0.00162824 0.00297232 -0.00297232 0.00125624 0.000332114 -0.000332106 0.00213139 0.00172938 -0.0017294 0.00133457 0.00111072 -0.00111073 0.000515901 0.00648602 -0.00648603 0.00340038 0.00213725 -0.00213724 0.0034362 0.000779826 -0.000779849 0.00393087 0.000451518 -0.000451528 0.0052278 -0.0014591 0.0143588 -0.00211611 0.00168953 -0.00311528 0.0308547 0.00602867 0.0111497 -0.00138428 0.00163465 -0.00125324 0.00274996 -0.00145586 
1424 0.00764347 0.00142469 -0.00142468 0.00154826 0.00216866 -0.00216866 0.00121263 -0.000409156 0.000409162 0.0022868 0.00273159 -0.0027316 0.00126222 0.00235902 -0.00235903 0.00048774 0.0114695 -0.0114695 0.00324863 0.00216424 -0.00216424 0.00328812 0.00175889 -0.00175892 0.00439486 0.00108711 -0.00108711 0.0125474 -0.00145053 0.0183732 -0.00229949 0.00557752 -0.00268374 0.0313971 0.00596731 0.014503 -0.00127759 0.0107192 -0.00136625 0.0117702 -0.00152292 
1440 0.00842113 0.00165443 -0.00165444 0.00177812 0.00182987 -0.00182987 0.00104192 -0.000190874 0.000190872 0.00267366 0.00377711 -0.00377712 0.00163813 0.00174381 -0.00174382 0.000709408 0.00836402 -0.00836402 0.00352945 0.00156936 -0.00156936 0.00405005 0.00186929 -0.00186931 0.00489169 0.00173524 -0.00173527 0.0201377 -0.00163167 0.0260106 -0.00163208 0.010824 -0.00194907 0.0301504 0.00454219 0.0196257 -0.000895885 0.0194855 -0.00180993 0.0204507 -0.00189986 
1456 0.00887988 0.00170139 -0.00170139 0.00150001 0.00421564 -0.00421564 0.00139678 -0.00121275 0.00121274 0.0025119 0.00362861 -0.00362862 0.00171092 0.00126343 -0.00126344 0.000512215 0.00788549 -0.00788548 0.00340901 0.00198687 -0.00198687 0.00462457 0.0016163 -0.00161633 0.00547088 0.00154396 -0.00154396 0.0265616 -0.00176831 0.0334583 -0.00302558 0.0169872 -0.00273507 0.0316059 0.00368 0.0255948 -0.00183768 0.0259399 -0.00159834 0.0270566 -0.00168509 
1472 0.00896348 0.0026075 -0.00260752 0.00177542 0.00385729 -0.00385728 0.00122142 0.00162967 -0.00162966 0.00268872 0.00418905 -0.00418906 0.00136605 0.00195569 -0.00195569 0.000495986 0.00953256 -0.00953257 0.00349283 0.00335085 -0.00335084 0.00482139 0.00211708 -0.0021171 0.00547064 0.00223846 -0.00223846 0.0325226 -0.00184876 0.0361361 -0.00269697 0.020923 -0.00324664 0.0341994 0.0054594 0.0289203 -0.00185641 0.0328514 -0.00173702 0.0341394 -0.00183247 
1488 0.00951045 0.00286053 -0.00286053 0.00181629 0.00484342 -0.00484342 0.00142161 0.00208521 -0.0020852 0.00279667 0.00488951 -0.00488952 0.00159354 0.00284394 -0.00284395 0.000518471 0.00988271 -0.00988272 0.00375637 0.00406204 -0.00406204 0.00498152 0.00230305 -0.00230309 0.00575409 0.00244893 -0.00244895 0.0383882 -0.00124888 0.0388349 -0.00118384 0.0240813 -0.00278318 0.033024 0.00331767 0.0312671 -0.00123694 0.0401807 -0.00114277 0.0415233 -0.00123802 
1504 0.00968443 0.0033563 -0.0033563 0.00173547 0.00330028 -0.00330028 0.00155185 0.00311553 -0.00311554 0.00284233 0.00476239 -0.00476239 0.00193401 0.00326403 -0.00326404 0.000564823 0.00991208 -0.00991208 0.00385214 0.00411219 -0.00411218 0.00522261 0.00277551 -0.00277554 0.00583228 0.00305353 -0.00305354 0.0425345 -0.000987165 0.0418807 -0.00269404 0.0267416 -0.00288611 0.0311318 0.00347618 0.0333462 -0.00169619 0.0452942 -0.000678433 0.0466003 -0.000668947 
1520 0.010788 0.00296523 -0.00296522 0.00180826 0.00272046 -0.00272047 0.00181033 0.00288428 -0.00288429 0.00297129 0.0040508 -0.00405082 0.0021153 0.00354493 -0.00354494 0.000521366 0.00899762 -0.0089976 0.00413996 0.00373862 -0.0037386 0.00598935 0.00245415 -0.00245415 0.00664803 0.00266494 -0.00266494 0.0465359 -0.00106816 0.0440506 -0.00292847 0.0287796 -0.00360548 0.0320801 0.00582766 0.0351454 -0.00204058 0.0502658 -0.000623173 0.0515775 -0.00062883 
1536 0.0102011 0.00367539 -0.00367539 0.00160918 0.00358729 -0.0035873 0.00179918 0.00363418 -0.00363417 0.00301959 0.00394237 -0.00394239 0.00185376 0.00446713 -0.00446715 0.00049147 0.00674017 -0.00674017 0.00389982 0.00387197 -0.00387195 0.00568629 0.00349891 -0.00349894 0.00630131 0.00361177 -0.00361178 0.0504695 -0.00150951 0.0456849 -0.0019138 0.0315804 -0.00357708 0.0280527 0.00387446 0.0366068 -0.00191948 0.0552097 -0.00126631 0.0565799 -0.00128796 
1552 0.0107888 0.0036437 -0.00364371 0.00188321 0.00378803 -0.00378803 0.00153732 0.0040295 -0.0040295 0.00295207 0.00392662 -0.00392664 0.00212383 0.00415529 -0.0041553 0.000466398 0.00659733 -0.00659733 0.00388693 0.0042005 -0.00420049 0.00640605 0.0032942 -0.00329423 0.00690186 0.00343007 -0.00343009 0.0536233 -0.00121612 0.0481221 -0.00277511 0.0340399 -0.00235204 0.0261211 0.00218213 0.0384468 -0.00193463 0.0588936 -0.000923408 0.0602996 -0.000888548 
1568 0.0111332 0.00348888 -0.00348888 0.0018128 0.00559395 -0.00559395 0.00153706 0.00167397 -0.00167397 0.00324121 0.00456351 -0.00456353 0.00209064 0.0028804 -0.00288042 0.000592385 0.00487617 -0.00487616 0.00394225 0.00343996 -0.00343995 0.00677517 0.00333888 -0.00333892 0.00719097 0.00347139 -0.00347139 0.0556379 -0.000598943 0.0483225 -0.00339939 0.0347697 -0.00290517 0.0258674 0.00401696 0.0387055 -0.00202321 0.061692 -2.11563e-05 0.0631018 -3.55667e-06 
1584 0.0109359 0.00389336 -0.00389336 0.00205703 0.00469201 -0.00469201 0.00149982 0.00255172 -0.00255172 0.00333892 0.00500149 -0.00500151 0.00209883 0.00288747 -0.00288748 0.000503161 0.0041701 -0.0041701 0.00406002 0.0032726 -0.0032726 0.00640697 0.0041249 -0.00412493 0.00687584 0.00415692 -0.00415693 0.0568525 -0.000550958 0.0457515 -0.00188223 0.0358202 -0.00356318 0.0216136 0.00395638 0.0375597 -0.0017847 0.0639692 -2.86963e-05 0.0653959 -3.26517e-05 
1600 0.0115238 0.00361901 -0.00361901 0.00180287 0.0050122 -0.00501221 0.00182483 0.00282725 -0.00282725 0.00326835 0.00476991 -0.00476993 0.00237606 0.00382046 -0.00382047 0.000404846 0.00827202 -0.00827202 0.00403254 0.00393651 -0.0039365 0.00701832 0.00341082 -0.00341084 0.00749129 0.00349653 -0.00349655 0.0574633 -0.000479364 0.0459817 -0.00148463 0.0349228 -0.00297034 0.0182569 0.0021325 0.0366986 -0.00164201 0.0651013 -7.45171e-05 0.0666047 1.09858e-05 
1616 0.0114146 0.00377422 -0.00377422 0.00187208 0.00367951 -0.0036795 0.00165619 0.00388962 -0.00388962 0.00324971 0.00498781 -0.00498782 0.00244878 0.00320829 -0.00320831 0.000706932 0.008524 -0.008524 0.0042352 0.00400739 -0.00400737 0.00677358 0.00355642 -0.00355642 0.00717936 0.00368796 -0.00368797 0.0569159 -0.000818865 0.0455862 -0.00180563 0.0330357 -0.00317255 0.0154001 0.00144416 0.0352042 -0.0019946 0.0649769 -0.000404828 0.0664384 -0.000294854 
1632 0.0109405 0.00370617 -0.00370616 0.00185694 0.00282189 -0.0028219 0.00157088 0.00280395 -0.00280395 0.00313893 0.00553453 -0.00553454 0.00209671 0.00304765 -0.00304767 0.000482197 0.0113786 -0.0113786 0.00391003 0.00357566 -0.00357566 0.00662382 0.00356438 -0.0035644 0.00703047 0.00376566 -0.00376568 0.0551013 -0.000516287 0.040313 -0.00299002 0.0325129 -0.00318325 0.0113095 0.00178716 0.0324124 -0.00243303 0.0637063 0.00020782 0.065077 0.000337668 
1648 0.0119424 0.00379465 -0.00379465 0.00183331 0.0030084 -0.0030084 0.00177234 0.00243751 -0.00243752 0.00337958 0.00622192 -0.00622194 0.00249867 0.0029762 -0.00297621 0.000643849 0.00751091 -0.00751091 0.0042495 0.00298635 -0.00298634 0.00728554 0.00395468 -0.00395471 0.00769286 0.0041174 -0.0041174 0.0533219 -7.45096e-05 0.0358918 -0.00234598 0.0311294 -0.00277493 0.0108347 0.00147908 0.0299395 -0.00195969 0.0621774 0.000620856 0.0635903 0.00073861 
1664 0.0115489 0.00372991 -0.00372992 0.00183288 0.00343476 -0.00343476 0.00161772 0.00329556 -0.00329556 0.00330852 0.0054838 -0.00548381 0.00234892 0.00376572 -0.00376573 0.000561228 0.0119063 -0.0119063 0.00401183 0.00407354 -0.00407353 0.00716927 0.00343373 -0.00343376 0.00753706 0.00359872 -0.00359873 0.0510368 -0.000219851 0.0349356 -0.000551247 0.0288097 -0.00296533 0.00901313 0.00175152 0.0281441 -0.00133188 0.0595878 0.000253674 0.0611005 0.000299202 
1680 0.011562 0.00347134 -0.00347133 0.00185453 0.002916 -0.002916 0.00143394 0.00213253 -0.00213253 0.00327111 0.00539669 -0.0053967 0.00258649 0.00343434 -0.00343435 0.000650955 0.00698347 -0.00698348 0.00393943 0.00291193 -0.00291192 0.00723795 0.00360185 -0.00360187 0.00762257 0.0037592 -0.0037592 0.0481381 -0.000589826 0.0317887 -0.00195281 0.0277929 -0.00300844 0.00746187 -8.12085e-05 0.0260515 -0.00221675 0.0563392 0.000169828 0.0578524 0.000148243 
1696 0.0116787 0.00376757 -0.00376757 0.00175533 0.00437206 -0.00437207 0.00145045 0.00217383 -0.00217384 0.0035377 0.0054055 -0.00540551 0.00242065 0.00325 -0.00325001 0.000612986 0.00619037 -0.00619037 0.00381877 0.00328325 -0.00328324 0.00746763 0.00385391 -0.00385394 0.00785997 0.00401413 -0.00401414 0.0443718 -0.00089518 0.0274572 -0.00276678 0.0257092 -0.00313803 0.00431196 0.00154796 0.0230408 -0.00231933 0.052362 -0.000153175 0.0537254 -0.00022715 
1712 0.011882 0.0032272 -0.0032272 0.00191004 0.00306 -0.00305999 0.00180364 0.00304309 -0.0030431 0.00330506 0.00563558 -0.00563559 0.00224469 0.00266702 -0.00266703 0.000524612 0.00817391 -0.00817392 0.0042383 0.00364882 -0.00364883 0.00725889 0.00302972 -0.00302974 0.00764376 0.00311531 -0.00311532 0.0403659 -0.00159227 0.0226506 -0.00273311 0.0221734 -0.00457074 -4.18604e-05 0.00156854 0.01903 -0.00293794 0.0484531 -0.000997967 0.0497205 -0.00101513 
1728 0.0121189 0.00269868 -0.00269867 0.00204211 0.00284478 -0.00284478 0.00170469 0.00255803 -0.00255803 0.0033884 0.00448664 -0.00448666 0.00237915 0.000476105 -0.000476099 0.000722276 0.00750756 -0.00750756 0.00446908 0.00324938 -0.00324937 0.00736981 0.0024221 -0.00242212 0.00764983 0.00249218 -0.00249219 0.0373412 -0.00140638 0.021352 -0.00243624 0.019872 -0.00370524 0.00158663 0.00111774 0.0176774 -0.00253838 0.0447239 -0.000862205 0.0459873 -0.000908385 
1744 0.0117327 0.00343396 -0.00343397 0.00199964 0.00411457 -0.00411457 0.00162435 0.00408588 -0.00408588 0.00354173 0.00437841 -0.00437842 0.00212731 0.00323488 -0.0032349 0.000694977 0.00725133 -0.00725133 0.00431896 0.00432818 -0.00432817 0.00711976 0.00300015 -0.00300017 0.00741372 0.00306198 -0.00306198 0.0341084 -0.00120158 0.0179634 -0.00221932 0.0183009 -0.00279771 0.00284418 0.000218793 0.0157804 -0.00222383 0.0409833 -0.000661842 0.0421928 -0.000733104 
1760 0.0122601 0.00326938 -0.00326937 0.00197654 0.00460053 -0.00460053 0.00177882 0.00339117 -0.00339117 0.00356746 0.00487164 -0.00487164 0.00243009 0.0029117 -0.00291171 0.000686647 0.0092756 -0.0092756 0.00444202 0.00455263 -0.00455262 0.00750891 0.00267012 -0.00267015 0.0078181 0.00276334 -0.00276335 0.0309223 -0.00123889 0.0133054 -0.00101138 0.0163367 -0.00354887 0.000483313 0.00147192 0.0127229 -0.00197953 0.0376205 -0.00078555 0.0388903 -0.000889004 
1776 0.0129259 0.00272649 -0.0027265 0.00215584 0.00331241 -0.0033124 0.00186824 0.00161776 -0.00161777 0.0037329 0.00410665 -0.00410667 0.00251115 0.00329344 -0.00329345 0.000643745 0.00939227 -0.00939227 0.00466783 0.00317099 -0.00317098 0.00795947 0.00242418 -0.00242421 0.00825807 0.0025371 -0.00253711 0.0279486 -0.00110129 0.0112098 -0.000290644 0.0155078 -0.00427069 0.00194545 0.000593586 0.0116269 -0.00213301 0.0338452 -0.00053313 0.0350984 -0.000615814 
1792 0.012127 0.00284489 -0.0028449 0.00211767 0.00380144 -0.00380144 0.00170923 0.00383424 -0.00383425 0.00358806 0.00468109 -0.00468109 0.00243914 0.00261519 -0.0026152 0.000604681 0.00837255 -0.00837255 0.00443159 0.00392405 -0.00392404 0.00736263 0.00229802 -0.00229804 0.00769541 0.00243505 -0.00243505 0.0246903 -0.0011657 0.0102839 -0.00148195 0.0142262 -0.00392369 0.00254896 0.000990127 0.0105515 -0.00246554 0.0297083 -0.000544139 0.030896 -0.00059849 
1808 0.012368 0.0034218 -0.0034218 0.00207942 0.00437157 -0.00437157 0.0019355 0.00425975 -0.00425975 0.0035228 0.00501061 -0.00501062 0.00246924 0.00250217 -0.00250218 0.000692541 0.00811113 -0.00811112 0.00470745 0.00461429 -0.00461428 0.00732903 0.00281512 -0.00281516 0.00766049 0.00300384 -0.00300385 0.0218665 -0.00171356 0.00739286 -0.00214343 0.0118043 -0.00276694 0.00200621 0.00103237 0.00832759 -0.00215481 0.0266497 -0.00142924 0.0277996 -0.00150725 
1824 0.0135727 0.00301965 -0.00301965 0.00215841 0.00331541 -0.00331542 0.0019312 0.00417555 -0.00417555 0.00371822 0.00407665 -0.00407666 0.0025297 0.00358591 -0.00358592 0.000800555 0.00863186 -0.00863186 0.00489017 0.00426368 -0.00426367 0.00837283 0.00233951 -0.00233953 0.00868253 0.00253707 -0.00253709 0.0195795 -0.00171351 0.00519596 -0.0013578 0.011122 -0.00283423 0.00217901 -0.000929281 0.00745055 -0.00195017 0.0237951 -0.00144764 0.0249168 -0.00157974 
1840 0.0129125 0.00353302 -0.00353302 0.00214909 0.00415118 -0.00415118 0.00187419 0.00434236 -0.00434237 0.00394884 0.00478726 -0.00478726 0.00267724 0.00353082 -0.00353083 0.000562763 0.00970399 -0.00970398 0.00458604 0.00475847 -0.00475846 0.00811858 0.00290167 -0.0029017 0.00832648 0.00307456 -0.00307457 0.0172167 -0.00114037 0.00522705 -0.000893817 0.0110667 -0.00406026 0.00264292 0.00154839 0.00750108 -0.00207877 0.020277 -0.000585138 0.0215207 -0.000687415 
1856 0.0137823 0.00313345 -0.00313345 0.00225611 0.00430485 -0.00430485 0.00212949 0.00316392 -0.00316392 0.00388558 0.0048567 -0.00485672 0.0030613 0.00339797 -0.00339799 0.000736542 0.00652866 -0.00652867 0.00512215 0.00372607 -0.00372606 0.00838727 0.00285666 -0.00285669 0.00866017 0.00294032 -0.00294034 0.0151248 -0.000815354 0.00369811 8.78872e-05 0.00907192 -0.00371996 0.00378562 0.00127579 0.00617768 -0.00151139 0.017856 -0.000342552 0.0190865 -0.00047907 
1872 0.0130833 0.00317156 -0.00317156 0.00229418 0.00449586 -0.00449586 0.00210113 0.003386 -0.00338601 0.00386347 0.00347534 -0.00347535 0.00280945 0.00410046 -0.00410046 0.000601849 0.00953778 -0.00953779 0.00499715 0.00455462 -0.00455461 0.00790535 0.00248387 -0.00248388 0.00808618 0.00263225 -0.00263226 0.0137114 -0.00101009 0.00236406 0.00130664 0.00831136 -0.00327395 0.0079567 0.000727851 0.00578225 -0.00093126 0.0161503 -0.000898885 0.017205 -0.00103811 
1888 0.0134701 0.00275556 -0.00275556 0.00221215 0.00503631 -0.0050363 0.00200501 0.00351416 -0.00351416 0.00376155 0.0038296 -0.00382961 0.00256268 0.00406036 -0.00406037 0.000886715 0.00742845 -0.00742845 0.00510389 0.0044225 -0.00442248 0.0080727 0.00207293 -0.00207296 0.00836619 0.0021264 -0.00212641 0.0125466 -0.00127865 0.00212451 0.00152341 0.0076676 -0.0035404 0.0101534 0.00170888 0.00567293 -0.000962194 0.0145675 -0.00124195 0.0155871 -0.00139944 
1904 0.013516 0.00311117 -0.00311118 0.00219113 0.00450223 -0.00450223 0.00209 0.00387451 -0.00387452 0.00365507 0.00458281 -0.00458283 0.00277118 0.00301583 -0.00301585 0.000823698 0.00898531 -0.0089853 0.00510482 0.00464632 -0.00464632 0.00815395 0.0024659 -0.00246593 0.00841116 0.00252 -0.00252 0.0117573 -0.00117849 0.00335766 0.0007597 0.00701634 -0.00351864 0.0108188 0.000995062 0.00598759 -0.0014008 0.0132103 -0.000922119 0.0142998 -0.00104848 
1920 0.0136232 0.00325496 -0.00325497 0.00221387 0.00406977 -0.00406976 0.00204409 0.00364583 -0.00364584 0.00374341 0.00438771 -0.00438771 0.00271925 0.00359161 -0.00359162 0.000870672 0.00903677 -0.00903676 0.00512863 0.00438947 -0.00438946 0.00824877 0.00279471 -0.00279474 0.0084946 0.00284227 -0.00284228 0.0115116 -0.000978098 0.00351098 0.000156292 0.0078045 -0.00185873 0.0115629 0.00125438 0.00658684 -0.000577268 0.0125747 -0.00102756 0.0136743 -0.00112638 
1936 0.0139349 0.0029128 -0.0029128 0.00235208 0.0019534 -0.0019534 0.00218573 0.00234963 -0.00234963 0.00349742 0.00477318 -0.0047732 0.00272627 0.00379898 -0.003799 0.000955429 0.010055 -0.010055 0.00549325 0.00313022 -0.00313021 0.00820522 0.00277169 -0.00277172 0.00844168 0.00288329 -0.0028833 0.0110551 -0.0011285 0.00361043 -0.000953553 0.00883126 -0.00138143 0.0112012 0.00130462 0.00700682 -0.000767983 0.0117925 -0.00114461 0.0128632 -0.00126439 
1952 0.0134752 0.00368386 -0.00368387 0.00206093 0.0029525 -0.00295251 0.0018993 0.0040942 -0.0040942 0.00382251 0.00457728 -0.00457728 0.00254048 0.00408022 -0.00408023 0.000855033 0.0111069 -0.0111069 0.00481527 0.00428382 -0.0042838 0.00841934 0.0033704 -0.00337044 0.00865998 0.00347785 -0.00347786 0.00994309 -0.00129975 0.00162831 -0.000752646 0.00767717 -0.00199298 0.013785 0.00113536 0.00609938 -0.001277 0.0106884 -0.00121475 0.0116654 -0.00128643 
1968 0.0141226 0.00338369 -0.00338368 0.0022815 0.00124724 -0.00124725 0.00210885 0.00253207 -0.00253208 0.00371965 0.00478116 -0.00478117 0.00277334 0.00334096 -0.00334097 0.000935715 0.00939331 -0.0093933 0.00532607 0.00278971 -0.00278971 0.00855153 0.00364964 -0.00364966 0.00879652 0.00373808 -0.00373809 0.00917307 -0.00100668 0.00132661 -0.00113053 0.00714622 -0.00164907 0.0159154 0.00356405 0.00629586 -0.000920744 0.0095755 -0.000977322 0.0104839 -0.00103268 
1984 0.0138476 0.00291095 -0.00291095 0.00215174 0.00307737 -0.00307737 0.00226347 0.000728781 -0.000728783 0.00372534 0.00476685 -0.00476687 0.00260809 0.00315797 -0.00315799 0.000758306 0.00910625 -0.00910624 0.00517353 0.00274316 -0.00274315 0.00845965 0.00297002 -0.00297003 0.00867409 0.00306475 -0.00306474 0.00903596 -0.00116216 0.00348995 -0.00204018 0.00741302 -0.002157 0.0171542 0.00192195 0.00725072 -0.00164825 0.00904621 -0.000878805 0.00987548 -0.000913171 
2000 0.012936 0.00278297 -0.00278296 0.00207652 0.00336988 -0.00336989 0.00180454 0.00188604 -0.00188604 0.00372125 0.00461829 -0.00461829 0.00222128 0.00358407 -0.00358408 0.000739991 0.00399875 -0.00399875 0.00462105 0.00244335 -0.00244335 0.00804078 0.00291431 -0.00291434 0.00831499 0.00295516 -0.00295517 0.00899512 -0.00115398 0.00407617 -0.00321934 0.00714815 -0.00251894 0.0163694 0.00415241 0.00725173 -0.00197939 0.00899476 -0.00075369 0.00979006 -0.000736625 
2016 0.0140341 0.00247851 -0.00247851 0.00227208 0.0027204 -0.0027204 0.0022014 0.00262736 -0.00262736 0.00410908 0.00472643 -0.00472645 0.00288364 0.00151593 -0.00151594 0.000680664 0.00225833 -0.00225834 0.00515415 0.00225006 -0.00225004 0.00863453 0.00244346 -0.00244349 0.00887996 0.00259573 -0.00259575 0.00920282 -0.00118443 0.00458675 -0.00238601 0.00753605 -0.00239756 0.0149985 0.00526489 0.00766461 -0.0013419 0.00909785 -0.00108127 0.00991899 -0.00108418 
2032 0.0139969 0.00289183 -0.00289183 0.00211802 0.0048054 -0.0048054 0.00220545 0.00263903 -0.00263904 0.00389857 0.00512644 -0.00512645 0.0022723 0.00312918 -0.00312919 0.000631118 0.00496561 -0.0049656 0.00495458 0.00348092 -0.0034809 0.00873804 0.00257321 -0.00257324 0.00904234 0.00268369 -0.0026837 0.00934793 -0.0010288 0.00406714 -0.00170213 0.00789768 -0.00196656 0.0175484 0.00406561 0.00784158 -0.00112223 0.00928472 -0.000890442 0.0100558 -0.000944606 
2048 0.0136297 0.00276852 -0.00276852 0.00218768 0.00286472 -0.00286472 0.00198856 0.000702886 -0.000702898 0.00379988 0.00421922 -0.00421923 0.00242247 0.00158048 -0.0015805 0.000655891 0.0063809 -0.00638091 0.00483215 0.00201681 -0.0020168 0.00856547 0.00297631 -0.00297634 0.00879761 0.00316658 -0.00316659 0.00977442 -0.00127385 0.00308083 -0.00178114 0.00690692 -0.00171774 0.0192203 0.00388545 0.00729719 -0.00109956 0.0101984 -0.00131074 0.0109177 -0.00128888 
2064 0.014079 0.00198371 -0.0019837 0.00229561 0.000380163 -0.000380158 0.00178183 0.000536205 -0.000536201 0.00359915 0.00359235 -0.00359237 0.00274333 0.000667178 -0.000667185 0.000777732 0.00522715 -0.00522715 0.00485517 0.00111657 -0.00111656 0.00896374 0.0022275 -0.00222754 0.00922384 0.00242446 -0.00242447 0.00988012 -0.00100162 0.00435792 -0.0026276 0.00742455 -0.00208034 0.0163323 0.00473449 0.00777233 -0.00137849 0.0101335 -0.000862882 0.0108604 -0.000825722 
2080 0.0138437 0.00260086 -0.00260086 0.00203229 0.0010346 -0.0010346 0.0018722 0.0020833 -0.0020833 0.00390216 0.00367997 -0.00367998 0.00268185 0.00222915 -0.00222916 0.00081591 0.00585482 -0.00585482 0.00472039 0.00197093 -0.00197093 0.00886917 0.00284029 -0.00284032 0.00912331 0.0030089 -0.00300891 0.00988891 -0.00097162 0.00740592 -0.00221049 0.00588854 -0.00268602 0.015 0.00402587 0.00791852 -0.00149402 0.0100929 -0.000716851 0.0108135 -0.000746393 
2096 0.014143 0.00328436 -0.00328437 0.00201217 0.00222678 -0.00222679 0.00183456 0.00277733 -0.00277734 0.00382996 0.00524019 -0.00524019 0.00255792 0.00372784 -0.00372785 0.000768941 0.00617914 -0.00617914 0.00461568 0.00283202 -0.00283201 0.0093281 0.00348791 -0.00348793 0.00952733 0.00362394 -0.00362395 0.0101296 -0.00101905 0.005866 -0.00268728 0.0062125 -0.00209164 0.0168288 0.00502453 0.00784866 -0.00144306 0.010466 -0.000829387 0.0111582 -0.000823125 
2112 0.014698 0.00261234 -0.00261234 0.00226445 0.000834156 -0.000834167 0.00208902 0.00156712 -0.00156712 0.0040689 0.00409979 -0.0040998 0.00267653 0.0022125 -0.00221251 0.000813163 0.005586 -0.005586 0.00516663 0.00175591 -0.0017559 0.00934463 0.00298486 -0.00298488 0.00953141 0.00307839 -0.0030784 0.0105023 -0.00104792 0.00474678 -0.00261074 0.00629545 -0.00101713 0.0200779 0.00437765 0.00790303 -0.00102382 0.010872 -0.0010476 0.011667 -0.00106168 
2128 0.0143496 0.00256162 -0.00256162 0.00218678 0.00204098 -0.00204098 0.0019127 0.00243601 -0.00243601 0.00390821 0.00386055 -0.00386056 0.002978 0.00125164 -0.00125165 0.000840227 0.00381476 -0.00381476 0.0049397 0.00241813 -0.00241813 0.00923353 0.00262598 -0.00262602 0.00940991 0.0027314 -0.00273142 0.010839 -0.00137969 0.00608861 -0.00391775 0.00603631 -0.00106873 0.0205884 0.00271219 0.00821919 -0.00165805 0.0112432 -0.00123965 0.0120532 -0.00125682 
2144 0.0140454 0.0025249 -0.00252491 0.00221978 0.0029443 -0.0029443 0.00169381 0.000683316 -0.000683311 0.00399019 0.00249298 -0.00249298 0.00255178 0.00359815 -0.00359817 0.000866838 0.0078502 -0.0078502 0.00478042 0.00251042 -0.00251041 0.00905277 0.00242507 -0.0024251 0.00926496 0.00251978 -0.0025198 0.0107929 -0.00175813 0.00711075 -0.00409758 0.00692986 -0.00208296 0.0183915 0.00342385 0.00873342 -0.00208336 0.0110533 -0.00160681 0.0117801 -0.0016047 
2160 0.0145124 0.00153624 -0.00153624 0.0021866 0.00214952 -0.00214952 0.00207738 -0.00110855 0.00110855 0.00374399 0.00161604 -0.00161606 0.00282204 0.00187331 -0.00187332 0.000903343 0.00673661 -0.00673661 0.00516732 0.000826728 -0.000826722 0.00915208 0.00180794 -0.00180796 0.0093451 0.0018868 -0.00188681 0.0107348 -0.00131051 0.00727613 -0.00198882 0.00555664 -0.00194129 0.0155237 0.00423454 0.00769891 -0.00112402 0.0114268 -0.0013271 0.0121252 -0.00137752 
2176 0.0134163 0.00250186 -0.00250186 0.00207509 0.000212442 -0.000212436 0.00166743 0.00237181 -0.00237181 0.00355699 0.0026859 -0.0026859 0.00279064 0.00202801 -0.00202802 0.000641688 0.00522803 -0.00522802 0.0043842 0.00163383 -0.00163382 0.00883514 0.00283807 -0.00283811 0.00903209 0.00291879 -0.00291881 0.0110247 -0.0015386 0.00556146 -0.00157241 0.00498025 -0.00268732 0.0180512 0.0032712 0.00708959 -0.00141188 0.012119 -0.00150422 0.0127816 -0.00155129 
2192 0.014777 0.00144213 -0.00144214 0.00198066 -4.42886e-05 4.4295e-05 0.00196783 0.000480682 -0.000480687 0.00404347 0.00279585 -0.00279585 0.00282704 0.00110337 -0.00110337 0.000694946 0.00454811 -0.00454811 0.00464344 0.00051883 -0.000518823 0.00997692 0.00179565 -0.00179568 0.0101335 0.0018638 -0.00186381 0.0113741 -0.00195793 0.00589705 -0.00283232 0.00559373 -0.00347565 0.0186482 0.00594034 0.007679 -0.00199189 0.0123514 -0.00196284 0.0130584 -0.00191665 
2208 0.0137178 0.00205329 -0.00205327 0.00222455 -0.00187587 0.00187587 0.0018745 0.00163676 -0.00163676 0.00375364 0.00255679 -0.00255681 0.00272976 0.00208859 -0.00208859 0.000614502 0.00674194 -0.00674193 0.00471355 0.000828015 -0.000827998 0.0087914 0.00263079 -0.00263082 0.00900425 0.00262928 -0.00262928 0.0113375 -0.00179681 0.00702996 -0.00175216 0.00557914 -0.00307351 0.0161483 0.00638948 0.00765088 -0.00124068 0.0122104 -0.00204229 0.0130047 -0.00204204 
2224 0.0142342 0.00177568 -0.00177568 0.00224223 -0.000803034 0.000803025 0.00200627 9.96496e-05 -9.96517e-05 0.00386747 0.00298437 -0.00298438 0.00293348 0.0014751 -0.00147511 0.000704815 0.00420106 -0.00420105 0.00495332 -0.000288414 0.000288415 0.00900855 0.00254872 -0.00254875 0.0092809 0.00267671 -0.00267671 0.0110188 -0.00126954 0.00543345 -0.00112869 0.00564635 -0.0025891 0.0166226 0.00631539 0.00690635 -0.000785052 0.0120228 -0.00144555 0.0128929 -0.00149112 
2240 0.0133883 0.00160268 -0.00160269 0.00197434 0.000665266 -0.000665275 0.00153845 -0.0003452 0.000345188 0.00356037 0.00286829 -0.00286829 0.0028213 0.0014088 -0.00140881 0.000591029 0.00224429 -0.00224428 0.00410382 0.000301624 -0.000301622 0.00904598 0.00204385 -0.00204388 0.00928449 0.00220751 -0.00220752 0.0110364 -0.000695402 0.00422502 -0.00131816 0.0050346 -0.00166794 0.01729 0.00840001 0.00634615 -0.000304036 0.0123091 -0.000763514 0.0131583 -0.000865204 
2256 0.0138025 0.00134548 -0.00134548 0.00240377 0.000821826 -0.000821821 0.00193953 -0.00195471 0.00195472 0.00409257 0.00298672 -0.00298673 0.00273691 0.00156218 -0.00156219 0.000544305 0.00204078 -0.00204078 0.00488761 -0.00035597 0.00035597 0.00865783 0.00210351 -0.00210355 0.00891489 0.00214728 -0.0021473 0.0109734 -0.00094957 0.00542049 -0.00147258 0.00238405 -0.00224264 0.0147954 0.00773889 0.00529207 -0.000587757 0.0127616 -0.00101412 0.013516 -0.00112092 
2272 0.0139716 0.00172754 -0.00172754 0.00239813 0.00198101 -0.001981 0.00191787 -0.000276202 0.000276197 0.00410304 0.00389752 -0.00389754 0.00291009 0.00116508 -0.0011651 0.000638567 0.00160486 -0.00160486 0.00495457 0.000837627 -0.000837628 0.00883971 0.0021742 -0.00217421 0.00901705 0.00219515 -0.00219515 0.0106048 -0.00129856 0.005218 -0.00150276 0.00298783 -0.00265274 0.0118384 0.00474479 0.00510059 -0.00114867 0.0123577 -0.00130282 0.013084 -0.00140307 
2288 0.0142984 0.00123877 -0.00123878 0.00223067 0.00240623 -0.00240623 0.00205408 -0.000979142 0.000979134 0.00421087 0.00259671 -0.00259671 0.00275221 0.00228572 -0.00228572 0.000740898 0.00423657 -0.00423658 0.00502566 0.00101136 -0.00101136 0.00913697 0.00137321 -0.00137323 0.00927274 0.00139583 -0.00139584 0.0104542 -0.0011486 0.00437055 -0.00197714 0.00376638 -0.00270275 0.0139913 0.00469612 0.00542236 -0.00138768 0.0119916 -0.000964458 0.0127663 -0.00108417 
2304 0.0135317 0.00143577 -0.00143578 0.00235678 0.00165518 -0.00165519 0.00179758 -0.000373331 0.000373322 0.00376322 0.0027344 -0.00273442 0.00286329 0.00263687 -0.00263688 0.00061605 0.00768423 -0.00768423 0.00477041 0.0014332 -0.00143319 0.00850335 0.00145327 -0.0014533 0.00876131 0.00146577 -0.00146577 0.0107014 -0.00133748 0.00455238 -0.00166234 0.0037461 -0.00231371 0.0138938 0.00574832 0.0055168 -0.00103035 0.0123356 -0.00141352 0.0130755 -0.00148364 
2320 0.0142899 0.00160907 -0.00160906 0.00219359 0.00185232 -0.00185232 0.00221268 -0.000267306 0.000267304 0.00404061 0.00371204 -0.00371205 0.00293918 0.00209639 -0.00209639 0.000672153 0.0061594 -0.0061594 0.00507842 0.00158572 -0.00158571 0.00895731 0.00160436 -0.00160439 0.00921145 0.00171971 -0.00171973 0.0107309 -0.0015391 0.00511711 -0.00244769 0.00439712 -0.00287374 0.0102185 0.00602959 0.00549876 -0.00151535 0.0123788 -0.00158344 0.0130988 -0.00159284 
2336 0.0140585 0.00186723 -0.00186724 0.00213876 -0.000360995 0.000360999 0.00211915 0.00121327 -0.00121326 0.00409221 0.00403648 -0.0040365 0.0027078 0.00183683 -0.00183685 0.000808412 0.00562064 -0.00562064 0.00506632 0.0010463 -0.0010463 0.00875191 0.00211749 -0.00211751 0.00899222 0.00221647 -0.00221648 0.0103296 -0.00138907 0.0035917 -0.00258214 0.00288455 -0.0028723 0.00932027 0.00593891 0.00422801 -0.00151253 0.0123696 -0.00129268 0.0130889 -0.00135375 
2352 0.0153011 0.0011124 -0.0011124 0.00214893 -0.00139417 0.00139417 0.00233885 0.00132442 -0.00132442 0.00438757 0.00325968 -0.00325969 0.00316491 0.00013375 -0.000133763 0.000699963 0.00440773 -0.00440773 0.00518774 0.000651508 -0.00065149 0.00983465 0.00127198 -0.001272 0.0101134 0.00131006 -0.00131006 0.00987331 -0.00143576 0.00168264 -0.0012944 0.0029889 -0.00298301 0.0130572 0.00501124 0.0039954 -0.00137613 0.01178 -0.00126504 0.0125225 -0.00146055 
2368 0.0139623 0.00173476 -0.00173475 0.00199198 6.4241e-05 -6.42454e-05 0.00198933 0.00141903 -0.00141903 0.004081 0.00403876 -0.00403877 0.0024284 0.00108709 -0.0010871 0.000722599 0.00163757 -0.00163756 0.00470391 0.000798485 -0.00079848 0.00906649 0.00205034 -0.00205036 0.0092584 0.00212726 -0.00212727 0.00987098 -0.00123097 0.00217627 -0.00118418 0.00468064 -0.00267708 0.0126881 0.00674775 0.00483356 -0.00106007 0.0113969 -0.00114034 0.0121522 -0.00130939 
2384 0.0140401 0.00136354 -0.00136352 0.00224983 -0.00135808 0.00135807 0.00184474 -3.07763e-05 3.0765e-05 0.00411414 0.0033367 -0.00333669 0.00282921 -0.000450965 0.000450952 0.000663919 0.00242101 -0.00242101 0.00475849 -0.000331109 0.00033111 0.0091546 0.00215807 -0.00215809 0.00928157 0.00217112 -0.00217112 0.0100543 -0.00154852 0.0022236 -0.00232022 0.00331185 -0.00289599 0.0112099 0.00444015 0.00403975 -0.00177394 0.0120569 -0.00126653 0.012798 -0.00141673 
2400 0.0147997 0.00062002 -0.000620021 0.00216628 -0.00174543 0.00174543 0.00184871 -0.00209286 0.00209286 0.00424381 0.00249619 -0.0024962 0.00291601 4.39317e-05 -4.39367e-05 0.000835453 0.000297653 -0.000297654 0.00485044 -0.00193419 0.0019342 0.00974559 0.00182613 -0.00182615 0.00994931 0.00177411 -0.00177412 0.00989934 -0.00185372 0.00202074 -0.00264336 0.00349117 -0.00275148 0.0123804 0.00265862 0.0041698 -0.00204053 0.0117589 -0.00165525 0.0125577 -0.00176494 
2416 0.0138718 0.000541527 -0.000541518 0.00207469 -0.00149636 0.00149636 0.00190993 -0.00186008 0.00186008 0.00388259 0.00279941 -0.00279943 0.00289418 3.83225e-05 -3.83321e-05 0.000714651 0.00208946 -0.00208946 0.00469927 -0.00160265 0.00160265 0.00903362 0.00146293 -0.00146297 0.00917252 0.00149479 -0.00149482 0.00926687 -0.00106281 0.00203044 -0.00125441 0.00466849 -0.002044 0.00962982 0.00504636 0.00429621 -0.000712086 0.0107458 -0.00115216 0.0115871 -0.00120906 
2432 0.0138852 0.000748927 -0.000748922 0.00233716 -0.000881829 0.000881831 0.00186514 0.000873565 -0.000873571 0.00382674 0.00209698 -0.00209701 0.00286385 0.000644235 -0.000644246 0.000673478 0.000777127 -0.000777125 0.00487577 -7.65908e-05 7.66079e-05 0.00881085 0.0012119 -0.00121192 0.00900947 0.00119257 -0.00119258 0.0095752 -0.00136725 0.00203415 -0.00225248 0.00587117 -0.00314272 0.00903215 0.00613966 0.00479494 -0.0015618 0.0109829 -0.00118009 0.0117815 -0.00127057 
2448 0.0143014 0.000814612 -0.000814605 0.00212301 0.000616937 -0.000616935 0.00217612 -0.000885707 0.0008857 0.00365728 0.00228185 -0.00228186 0.00297272 0.000945437 -0.000945451 0.000590986 0.00216145 -0.00216144 0.00489012 -4.44513e-05 4.44567e-05 0.00918605 0.00116955 -0.00116957 0.00941129 0.00119688 -0.00119688 0.00967251 -0.00190977 0.00168359 -0.00223101 0.00567636 -0.00326509 0.0119018 0.00576954 0.0049269 -0.00189181 0.0111101 -0.00177382 0.011875 -0.00190233 
2464 0.0140196 0.000581098 -0.000581104 0.00231009 -0.000408752 0.000408749 0.00177013 0.000120111 -0.000120121 0.00368358 0.00110226 -0.00110227 0.00302841 0.000980243 -0.000980256 0.00070568 0.00115086 -0.00115085 0.0047859 -0.000308625 0.000308633 0.00901952 0.000993326 -0.00099335 0.00923373 0.00101669 -0.00101671 0.00945746 -0.00172095 0.00136978 -0.00122392 0.00374855 -0.00145004 0.0103194 0.00575846 0.0038119 -0.000497954 0.0112742 -0.00204997 0.0120529 -0.00222849 
2480 0.0147309 0.000222892 -0.000222909 0.00233583 -0.00132894 0.00132894 0.00182379 -1.73287e-05 1.73179e-05 0.00405035 0.00156937 -0.00156938 0.00292432 0.00103862 -0.00103863 0.000700919 0.00179123 -0.00179123 0.00486055 -0.0004212 0.000421201 0.00962124 0.000557385 -0.000557403 0.0098704 0.000587407 -0.000587412 0.00946179 -0.00171321 0.00150416 -0.00154496 0.00435269 -0.00264822 0.00900618 0.00748389 0.00389991 -0.000813616 0.0111556 -0.00191242 0.0119871 -0.00207536 
2496 0.0137098 0.000622192 -0.00062219 0.00210438 -0.00126328 0.0012633 0.00206506 -0.00084099 0.000840993 0.00386454 0.00200418 -0.00200419 0.0026951 0.00118541 -0.00118542 0.000541378 0.00351324 -0.00351323 0.00471082 -0.000631533 0.000631532 0.00873365 0.00117702 -0.00117703 0.00899901 0.00124229 -0.00124229 0.0091365 -0.00158767 0.00198866 -0.000647584 0.00524393 -0.00308277 0.0083598 0.00758268 0.00442367 -0.000647637 0.0105021 -0.00175317 0.0112788 -0.00196238 
2512 0.014056 7.48604e-05 -7.48613e-05 0.002204 -0.00175408 0.00175408 0.00205905 0.000108668 -0.00010867 0.0038025 0.000900762 -0.000900777 0.00300676 0.00103844 -0.00103846 0.000735977 0.00133505 -0.00133504 0.00499902 -0.000617568 0.000617561 0.00878135 0.000282393 -0.000282415 0.00905694 0.000469814 -0.000469822 0.0090629 -0.0015566 0.000933395 -0.000381479 0.00604804 -0.00352007 0.00809397 0.0072526 0.0043979 -0.000711788 0.010546 -0.00170059 0.0112175 -0.00188682 
2528 0.0143067 0.000147565 -0.000147556 0.00240302 -0.00145567 0.00145567 0.00200974 2.37733e-05 -2.37713e-05 0.00405039 0.000795343 -0.000795346 0.00316201 0.000572089 -0.000572098 0.00072925 0.00184494 -0.00184494 0.005142 -0.000580811 0.000580828 0.00882714 0.000302422 -0.000302451 0.00916475 0.000472245 -0.000472263 0.00893432 -0.00159466 0.000976612 -0.00137301 0.00604983 -0.00292138 0.00937516 0.00790806 0.00460714 -0.000684792 0.0102724 -0.00183073 0.0109668 -0.00196176 
2544 0.0141621 0.000775594 -0.000775604 0.00224915 0.000650155 -0.000650155 0.00197943 0.00069149 -0.0006915 0.00390193 0.00130796 -0.00130796 0.00269042 0.0016228 -0.00162281 0.000695457 0.00300144 -0.00300144 0.00492402 0.000824006 -0.000824009 0.00894594 0.000701349 -0.000701379 0.00923809 0.000860732 -0.000860747 0.00890562 -0.00131573 0.00310989 -0.00126499 0.00546841 -0.00263923 0.00973739 0.00917247 0.00525875 -0.000384553 0.00981238 -0.00158096 0.0106068 -0.00170694 
2560 0.0141522 0.000327607 -0.000327606 0.00234237 0.000665661 -0.000665666 0.00198927 -0.000211488 0.000211486 0.00397465 0.00120959 -0.0012096 0.00245679 5.42129e-05 -5.42238e-05 0.000538642 0.0039499 -0.0039499 0.00487028 0.000382638 -0.000382639 0.00905031 0.000185848 -0.000185871 0.00928199 0.000354315 -0.000354329 0.00932616 -0.0013863 0.00410438 -0.000278909 0.00592524 -0.00286728 0.00733216 0.0065182 0.00549297 -0.00032971 0.0103522 -0.00171709 0.0111147 -0.00181684 
2576 0.0139338 0.000605297 -0.000605295 0.00237027 0.000980903 -0.000980907 0.00187044 -0.00050915 0.000509153 0.00412423 0.00155075 -0.00155076 0.00258355 -0.000822542 0.00082253 0.000590365 0.00100767 -0.00100767 0.00483109 1.63508e-05 -1.63425e-05 0.00886175 0.000817717 -0.00081774 0.00910272 0.000914435 -0.000914453 0.00953939 -0.00105104 0.00227473 -0.000331034 0.0066719 -0.00268464 0.0060757 0.00474376 0.00483166 -0.00048364 0.0110046 -0.00114898 0.0117849 -0.0012813 
2592 0.0146527 -0.00023257 0.000232571 0.00245989 0.000757472 -0.000757472 0.00203027 -0.00222333 0.00222332 0.00431937 0.00130872 -0.00130873 0.00268555 -0.000496898 0.000496895 0.000619241 0.00174422 -0.00174422 0.0051094 -0.000670937 0.000670937 0.00933522 -3.612e-05 3.61071e-05 0.00954334 -2.25117e-05 2.25196e-05 0.00911434 -0.000871942 0.00211674 -8.85115e-05 0.00553222 -0.00377469 0.0102033 0.00656067 0.00497597 -0.000809078 0.0102537 -0.000786779 0.0110653 -0.000906738 
2608 0.0135266 0.000633553 -0.000633567 0.00239231 0.00111876 -0.00111877 0.00181852 -0.000485169 0.000485168 0.00379748 0.00274581 -0.00274583 0.00265738 0.00111829 -0.0011183 0.000601413 0.00539237 -0.00539237 0.00481225 0.000887475 -0.000887464 0.00857622 0.000437289 -0.000437309 0.00871436 0.000560569 -0.00056058 0.0090424 -0.0014572 0.00292183 0.000110798 0.00546383 -0.00324253 0.010458 0.00828935 0.00543646 -0.00018907 0.00992327 -0.00183244 0.0106963 -0.00196768 
2624 0.014199 -1.29771e-05 1.29637e-05 0.00235262 0.000121152 -0.000121148 0.00189682 0.000312898 -0.0003129 0.00411283 0.00202491 -0.00202491 0.00280299 0.00051443 -0.000514438 0.000711626 0.00464106 -0.00464105 0.00496107 0.000719555 -0.000719549 0.00897852 -0.000336398 0.000336377 0.00923795 -0.000290882 0.000290875 0.00891536 -0.00156566 0.00236598 -0.000528609 0.00564578 -0.00331562 0.00668872 0.00677877 0.00449271 -0.000624787 0.0101259 -0.0018069 0.0109225 -0.00190712 
2640 0.0138745 0.00038982 -0.000389833 0.00225833 -0.000494107 0.000494104 0.00203663 -0.000183995 0.000184002 0.00397478 0.00266597 -0.00266597 0.00281483 0.000797185 -0.000797198 0.000763112 0.00549133 -0.00549132 0.00505807 0.000374985 -0.000374978 0.00867149 0.000316331 -0.000316363 0.00881642 0.000423786 -0.0004238 0.00881434 -0.00144511 0.00108275 -0.00171744 0.00499995 -0.00423393 0.00897562 0.00602614 0.00392022 -0.00170749 0.0102536 -0.00119462 0.0110562 -0.00129223 
2656 0.0146062 0.000213498 -0.000213505 0.00243596 -0.00161412 0.00161411 0.00217191 -0.000408011 0.000408013 0.00406222 0.00263586 -0.00263587 0.0027611 0.000915999 -0.000916013 0.000689342 0.00635705 -0.00635705 0.00529722 4.43783e-05 -4.43712e-05 0.00908098 0.00027528 -0.000275285 0.00930897 0.000367628 -0.000367631 0.00877106 -0.00116369 0.000814228 -0.000991314 0.00573067 -0.00373936 0.0109779 0.00592999 0.00444527 -0.00124993 0.0100198 -0.000977012 0.0108028 -0.00108821 
2672 0.0141787 0.000632596 -0.000632598 0.00205973 0.000490488 -0.000490488 0.0020575 -0.000602393 0.00060239 0.00414196 0.00221335 -0.00221336 0.00292423 0.00199643 -0.00199644 0.000720634 0.00559765 -0.00559766 0.00483786 0.000545322 -0.000545311 0.00910524 0.000636654 -0.000636685 0.00934088 0.000723835 -0.000723839 0.00922835 -0.000443194 0.00216814 0.000466186 0.00650299 -0.00243495 0.00954808 0.00512917 0.00515399 -0.000144279 0.0103014 -0.000428269 0.0111553 -0.000552974 
2688 0.0145139 -2.28971e-05 2.29008e-05 0.00222433 -0.000553408 0.000553401 0.00203743 -0.000621787 0.00062179 0.00394842 0.00162231 -0.00162233 0.00297502 0.00205523 -0.00205523 0.000795129 0.00232783 -0.00232783 0.00505688 -0.000243588 0.000243601 0.00926546 2.06733e-05 -2.06917e-05 0.00945702 0.000138356 -0.000138361 0.00969294 -0.000624336 0.00233284 0.00107365 0.0066424 -0.00267405 0.0085294 0.00607533 0.00527427 5.14742e-05 0.0109157 -0.000745181 0.0117342 -0.000880759 
2704 0.013877 0.00017936 -0.00017937 0.00232766 -0.000760633 0.000760633 0.00209169 -0.00181128 0.00181127 0.00386809 0.00103031 -0.00103032 0.00300276 0.000646844 -0.000646848 0.000549511 0.00255418 -0.00255418 0.00496885 -0.000805603 0.000805607 0.00872156 0.000614435 -0.00061446 0.00890817 0.00070174 -0.000701745 0.00913857 -0.00159884 -0.000337391 0.000613748 0.00800475 -0.00277076 0.00931978 0.00440472 0.00489662 -0.00033163 0.0103216 -0.00199099 0.011114 -0.00209247 
2720 0.0144998 3.04317e-05 -3.04375e-05 0.00227986 -0.000966229 0.000966227 0.0022573 -0.00164161 0.0016416 0.0039561 0.000929122 -0.000929128 0.0028955 0.000858791 -0.000858806 0.000570228 -0.000543528 0.000543523 0.00510739 -0.00138258 0.0013826 0.00921416 0.000566208 -0.000566231 0.00939242 0.000701261 -0.000701275 0.00850995 -0.00163961 -0.00121745 0.000186783 0.00586689 -0.00379381 0.0105536 0.00358014 0.00361733 -0.00129293 0.00999268 -0.00170869 0.0107977 -0.00175787 
2736 0.0142243 0.000360249 -0.00036026 0.00218805 -0.000789353 0.000789346 0.00210163 0.000923582 -0.000923583 0.00383411 0.00158164 -0.00158165 0.00266139 0.00132514 -0.00132514 0.000642882 0.00127382 -0.00127383 0.00493256 -3.605e-05 3.60729e-05 0.0089841 0.000460769 -0.0004608 0.00929176 0.000593075 -0.00059309 0.00897861 -0.000876879 0.00121368 0.00132139 0.00548081 -0.00288251 0.00962256 0.00468741 0.0044191 -0.000248979 0.0103081 -0.00100763 0.0110895 -0.00113812 
2752 0.0144073 0.000642864 -0.000642851 0.00225284 -0.000894795 0.000894793 0.00226884 0.000129472 -0.00012948 0.0038699 0.00160792 -0.00160793 0.00293536 0.00177742 -0.00177743 0.000721411 0.00372923 -0.00372921 0.00524309 9.34858e-05 -9.34792e-05 0.00898372 0.000720878 -0.000720909 0.00916418 0.000915837 -0.000915857 0.00944023 -0.00133057 0.00300021 0.000597321 0.00614247 -0.00234589 0.00982225 0.00311072 0.00547975 -0.000343876 0.0104646 -0.00158601 0.01127 -0.00173916 
2768 0.0151029 0.000831081 -0.00083107 0.00221308 8.51793e-05 -8.51792e-05 0.00228586 0.0010593 -0.0010593 0.00393386 0.00164859 -0.00164861 0.00318909 0.00166513 -0.00166513 0.000734261 0.00438256 -0.00438256 0.0052332 0.000958902 -0.000958894 0.00964213 0.000733412 -0.000733437 0.00986969 0.000789653 -0.000789653 0.00918957 -0.00151722 0.00146693 0.000901339 0.00625498 -0.00364845 0.0114325 0.00357417 0.00498642 -0.00082097 0.0102991 -0.00172339 0.0111248 -0.00183379 
2784 0.0144331 -6.92867e-05 6.92837e-05 0.00212633 -0.00157087 0.00157087 0.00252552 -0.000592022 0.000592018 0.00376955 0.00129612 -0.00129612 0.00310279 0.00123141 -0.00123143 0.000718453 0.0035905 -0.00359049 0.00537031 -0.000694074 0.000694085 0.00886612 4.353e-05 -4.3545e-05 0.00906277 0.000185372 -0.000185372 0.00869557 -0.00147538 0.000799806 0.000125415 0.0058803 -0.00278432 0.0124657 0.00614775 0.00472376 -0.000443174 0.00983104 -0.00180836 0.010596 -0.00191852 
2800 0.0139939 0.000749485 -0.00074949 0.00225176 -0.000347097 0.000347105 0.00230844 0.000229125 -0.000229131 0.00385224 0.00266238 -0.0026624 0.00280993 0.000502439 -0.000502446 0.000589756 0.00268229 -0.0026823 0.00514996 -9.02367e-05 9.02617e-05 0.00862152 0.00105154 -0.00105156 0.00884401 0.00112043 -0.00112044 0.0086924 -0.00176288 0.00188296 -0.00115888 0.0049654 -0.00274936 0.0121975 0.00547574 0.00465155 -0.000877172 0.00982973 -0.00205763 0.0106242 -0.00211267 
2816 0.0144428 0.00041746 -0.000417456 0.00231438 0.000305526 -0.000305526 0.00228067 -0.00124979 0.00124979 0.00403515 0.00368404 -0.00368404 0.00285274 -0.000830461 0.000830452 0.000715042 0.00196118 -0.00196118 0.00531008 -0.000400858 0.000400865 0.00900179 0.000639515 -0.000639552 0.00913268 0.000788684 -0.0007887 0.00889358 -0.00191187 0.00110116 0.000968254 0.00614787 -0.0036874 0.0116195 0.00340516 0.00490629 -0.000880519 0.00981185 -0.00233504 0.0107206 -0.0023691 
2832 0.0143866 0.000708511 -0.000708528 0.00237628 0.000377805 -0.000377811 0.00218751 -0.00145537 0.00145538 0.00429702 0.00329295 -0.00329296 0.00302923 -0.000305276 0.000305256 0.000684024 0.00222417 -0.00222418 0.00524782 -0.000201781 0.000201803 0.00897217 0.00104368 -0.0010437 0.00913883 0.00113448 -0.0011345 0.0086633 -0.00198696 0.00130173 -0.000315806 0.00491242 -0.00258574 0.0115923 0.00198811 0.00442051 -0.00109663 0.00973092 -0.0023159 0.0106257 -0.00238057 
2848 0.0147773 0.000357112 -0.000357109 0.00231902 -0.000476059 0.00047606 0.00220662 -0.0008693 0.000869296 0.00415865 0.0033879 -0.00338791 0.00306393 7.79358e-05 -7.79438e-05 0.000728548 -0.00124421 0.00124421 0.0052542 -0.000964923 0.000964925 0.00935862 0.00082018 -0.000820194 0.00952313 0.000960833 -0.00096084 0.0082889 -0.00204261 0.00142363 0.000151922 0.00469626 -0.00274702 0.011811 0.00357257 0.00439588 -0.000788718 0.00922753 -0.00245111 0.0101258 -0.00252857 
2864 0.014422 0.00064363 -0.000643633 0.00236081 -0.000593319 0.000593316 0.00218302 0.000173164 -0.000173163 0.00423741 0.00298616 -0.00298617 0.00293641 -0.000186897 0.000186886 0.000547126 -0.00122192 0.00122193 0.00509096 -0.000417243 0.00041725 0.00918396 0.000947169 -0.000947192 0.00933102 0.00110036 -0.00110037 0.00863369 -0.00198752 0.0010176 0.00173616 0.00593932 -0.00370888 0.0138544 0.00348121 0.00512647 -0.000613396 0.00937938 -0.00250669 0.0103097 -0.00256937 
2880 0.0143585 0.000895885 -0.000895894 0.00226559 0.000113789 -0.000113782 0.00228846 0.00134095 -0.00134095 0.00397417 0.00310488 -0.00310488 0.00286288 0.000279843 -0.000279858 0.000620695 0.00171432 -0.00171433 0.00517473 0.000912095 -0.000912081 0.00903727 0.00093782 -0.000937843 0.00918375 0.000985099 -0.000985106 0.00826348 -0.00200073 -0.000581767 0.000107105 0.00543652 -0.00372517 0.0140659 0.00512487 0.0042395 -0.000878616 0.00918745 -0.0023489 0.0101368 -0.00247294 
2896 0.0149093 0.000703485 -0.000703493 0.00230982 0.000686843 -0.000686837 0.00239322 0.00030367 -0.000303664 0.00413761 0.00230553 -0.00230555 0.00302271 0.000605742 -0.000605754 0.000768951 0.00194054 -0.00194054 0.00547199 0.00064401 -0.000644007 0.00931241 0.000764743 -0.000764768 0.00943735 0.000786108 -0.000786114 0.00838551 -0.00204877 -0.00075336 -0.00107017 0.00596058 -0.0033439 0.0140389 0.00283957 0.00429913 -0.00143017 0.00928137 -0.00219608 0.0102829 -0.00228502 
2912 0.0145454 0.000434289 -0.000434286 0.00233058 -0.00146632 0.00146632 0.00217051 -0.000253075 0.00025307 0.00418007 0.00155767 -0.00155768 0.00302627 0.000584536 -0.000584537 0.000723272 0.000967866 -0.000967866 0.00522438 -0.00089111 0.000891115 0.00922218 0.00101746 -0.0010175 0.009321 0.00105949 -0.00105949 0.00922252 -0.00198322 -0.000578595 -0.000857457 0.00719189 -0.00250455 0.0143647 0.00360029 0.00512452 -0.000785887 0.0100957 -0.00240457 0.0111588 -0.00245494 
2928 0.0143651 0.000876453 -0.000876452 0.00200367 0.000335133 -0.000335129 0.00201568 -0.000121346 0.000121337 0.00379793 0.00221603 -0.00221604 0.00314797 0.000975959 -0.000975976 0.000678866 0.00179863 -0.00179863 0.00469821 0.000223683 -0.000223677 0.00953952 0.00130662 -0.00130666 0.00966693 0.0012814 -0.00128142 0.00932788 -0.00224951 -0.000971588 -0.00137089 0.00741467 -0.00229211 0.0163014 0.00474333 0.00535229 -0.000675731 0.0101719 -0.00286299 0.0112329 -0.00291072 
2944 0.0149001 0.000493148 -0.000493139 0.00243555 -0.00103207 0.00103207 0.0023661 -0.0012871 0.0012871 0.00399529 0.00142981 -0.00142984 0.00308868 0.000706039 -0.000706055 0.000722205 0.00382739 -0.00382739 0.00552386 -0.000868887 0.000868894 0.00925809 0.00107013 -0.00107015 0.00937631 0.00113942 -0.00113941 0.00925934 -0.00207515 -0.000377335 -0.000750458 0.00674485 -0.00288694 0.0154888 0.00447473 0.00504382 -0.000812295 0.0102244 -0.00261315 0.0112629 -0.00260438 
2960 0.0145262 -1.32904e-05 1.32787e-05 0.00219676 -0.00135259 0.0013526 0.00209753 -0.000539229 0.00053923 0.00410746 0.00212283 -0.00212284 0.00309923 -6.91033e-05 6.90933e-05 0.000931901 0.00167465 -0.00167465 0.0052262 -0.000661754 0.000661765 0.00921059 0.000146682 -0.000146705 0.00929996 0.000279193 -0.000279209 0.00907843 -0.00202229 0.000907571 -0.000508987 0.00586931 -0.00325966 0.0126254 0.00496623 0.00465256 -0.000817015 0.0101598 -0.0025162 0.0111464 -0.00250429 
2976 0.0143502 -0.00013837 0.00013838 0.00221788 -0.00321435 0.00321435 0.00214402 -0.00164844 0.00164845 0.00384814 0.00118224 -0.00118226 0.00296853 0.00102878 -0.0010288 0.000963838 0.00502578 -0.00502578 0.00532573 -0.0013384 0.00133841 0.00890726 0.000342969 -0.000342995 0.00902451 0.000434327 -0.000434332 0.00911147 -0.00189555 0.000514884 -0.00203056 0.00772793 -0.00342238 0.012284 0.0045962 0.00534706 -0.00169124 0.00995994 -0.00189521 0.0108985 -0.00191971 
2992 0.0142374 -0.000211309 0.000211306 0.00215141 -0.00231547 0.00231547 0.00228832 -0.00184669 0.00184669 0.00384048 0.000308665 -0.00030868 0.0031207 8.12287e-05 -8.12446e-05 0.000815956 0.00855874 -0.00855874 0.00525569 -0.00088053 0.000880537 0.00887735 8.27738e-05 -8.28017e-05 0.00898175 0.000161109 -0.000161115 0.00894554 -0.00167228 0.000197089 -0.000307224 0.00833923 -0.00266492 0.0117068 0.00453374 0.00537897 -0.00066685 0.00968907 -0.00203128 0.0106679 -0.00206658 
3008 0.0136987 -0.000236724 0.000236722 0.00230029 -0.00260621 0.00260621 0.00194907 -0.000423454 0.000423442 0.00366652 0.000340335 -0.000340344 0.00290709 0.000868622 -0.000868625 0.000810806 0.00240458 -0.00240459 0.00506016 -0.000959217 0.000959228 0.00854958 3.99325e-05 -3.99613e-05 0.00863852 0.000139251 -0.000139255 0.00892789 -0.00179205 0.000727865 0.00139542 0.00620202 -0.00278229 0.0133253 0.00571414 0.00477828 0.000126653 0.0100306 -0.00254091 0.0108863 -0.00257372 
3024 0.0138937 -0.000658312 0.000658308 0.00225579 -0.00281094 0.00281094 0.00226 -0.00126235 0.00126236 0.00371507 3.54083e-06 -3.54792e-06 0.00287036 -0.000737741 0.000737735 0.000660419 0.00671229 -0.00671229 0.0051762 -0.00104837 0.00104839 0.00860671 -0.000521143 0.000521126 0.00871752 -0.000478781 0.00047877 0.00880047 -0.00208725 0.000976051 -0.000149801 0.0061616 -0.00328026 0.0135249 0.00630663 0.00486211 -0.000533085 0.00982342 -0.00266216 0.0106649 -0.00270394 
3040 0.0138431 -0.000629673 0.000629671 0.00221967 -0.00204538 0.00204538 0.00226841 -0.00150771 0.00150772 0.00374339 -0.000718441 0.000718438 0.00266937 -0.00087072 0.000870704 0.000857994 0.00805064 -0.00805064 0.00534608 -0.00059073 0.000590746 0.00840412 -0.000697842 0.000697813 0.008497 -0.000621583 0.000621563 0.00870715 -0.00190243 0.000310911 -0.000870014 0.00885166 -0.00317567 0.0112023 0.00508552 0.00568308 -0.000858291 0.00923818 -0.00222129 0.0101899 -0.00230467 
3056 0.0141481 -0.000458922 0.000458921 0.00211572 -0.00214624 0.00214624 0.00229 -0.00195021 0.00195021 0.00392138 -0.000534651 0.000534646 0.00275801 -0.000409747 0.000409733 0.00079141 0.00875252 -0.00875252 0.00519712 -0.000745095 0.000745101 0.00883257 -0.000352972 0.000352933 0.008951 -0.000258723 0.000258695 0.00903717 -0.0018723 0.000901171 0.000549483 0.00812192 -0.00322645 0.0134152 0.00537502 0.00577638 -0.000470153 0.00960747 -0.00231617 0.0106094 -0.00240267 
3072 0.0141415 5.06196e-05 -5.06346e-05 0.00214979 -0.00289351 0.00289351 0.00217378 -0.00144205 0.00144205 0.00374212 0.00060754 -0.000607545 0.00279777 0.00114635 -0.00114636 0.000832788 0.00678917 -0.00678917 0.00515635 -0.00107529 0.0010753 0.00888876 0.000441853 -0.000441884 0.0089851 0.000616464 -0.000616475 0.00861695 -0.00174199 0.000122524 0.00170476 0.00742743 -0.00292156 0.0126254 0.00659426 0.00491271 0.000185103 0.00932324 -0.00242669 0.0103413 -0.0024952 
3088 0.0145507 -0.000300296 0.000300299 0.00227735 -0.00287622 0.00287622 0.00219559 -0.00226437 0.00226437 0.00406315 -4.66354e-05 4.66217e-05 0.00314562 0.00146004 -0.00146006 0.000796706 0.00407154 -0.00407153 0.00526965 -0.00153276 0.00153278 0.00913583 0.000169383 -0.000169407 0.00928102 0.000290674 -0.000290691 0.00782796 -0.00161062 0.000244498 0.00165057 0.00679008 -0.0025174 0.0114478 0.00554658 0.00453446 0.000295157 0.00845364 -0.00225227 0.00939524 -0.00234553 
3104 0.0139618 0.000107162 -0.000107174 0.00234955 -0.00123736 0.00123735 0.00210098 -0.00114695 0.00114694 0.00347342 0.00144165 -0.00144165 0.00289719 0.00143083 -0.00143083 0.000520891 0.00392395 -0.00392395 0.00497142 -0.000506449 0.000506457 0.00889143 0.000297084 -0.000297104 0.00899035 0.00044172 -0.00044174 0.00796108 -0.00176149 0.00139875 5.16663e-05 0.00628537 -0.00331347 0.0116261 0.00528105 0.00485393 -0.000669955 0.00861365 -0.00203156 0.00948498 -0.0021162 
3120 0.0147888 -0.000267182 0.000267178 0.00240988 -0.00036253 0.000362538 0.00218402 -0.00194069 0.00194069 0.00388224 0.0013936 -0.00139361 0.00297159 -0.000124785 0.000124774 0.000795969 -0.000302042 0.000302049 0.00538987 -0.00132331 0.00132332 0.00926791 0.000217517 -0.00021755 0.00939891 0.000286151 -0.000286158 0.00843852 -0.00190849 0.00153598 -0.000220812 0.00798331 -0.00156256 0.01351 0.00180892 0.00606832 -0.000359795 0.0087153 -0.00239381 0.00962837 -0.00250814 
3136 0.0143802 0.000103895 -0.000103898 0.0024165 -0.000189446 0.000189433 0.00210321 -0.00137453 0.00137453 0.00401343 0.00211938 -0.00211939 0.00295241 0.000939716 -0.000939734 0.000595424 0.00331145 -0.00331144 0.00511513 -0.000327737 0.000327745 0.00918988 0.000260583 -0.000260612 0.00926503 0.000388415 -0.000388429 0.00799795 -0.0016582 0.000949493 -7.88714e-05 0.00703919 -0.0022474 0.0139705 0.00157078 0.00535887 -0.000592457 0.00846218 -0.00190799 0.00935123 -0.00205525 
3152 0.0148507 -2.1675e-05 2.167e-05 0.00242309 -0.000411655 0.000411653 0.00229578 -0.00305168 0.00305168 0.00397665 0.00282423 -0.00282424 0.00296241 0.000128012 -0.000128035 0.000741365 0.00421755 -0.00421755 0.00546024 -0.00130561 0.00130561 0.00927498 0.000463657 -0.000463676 0.00939049 0.000583978 -0.000583973 0.00748983 -0.00148155 0.00290263 0.00171593 0.0049856 -0.00373427 0.0107906 0.00580695 0.00473845 -6.83979e-05 0.00795059 -0.00190112 0.00888055 -0.00202762 
3168 0.0147476 0.000576935 -0.000576928 0.00236626 -0.000339587 0.000339578 0.00204412 -0.000323817 0.000323821 0.00396437 0.00149899 -0.001499 0.00303327 -9.35192e-05 9.35004e-05 0.000748091 0.00462113 -0.00462113 0.00515846 0.000302194 -0.000302181 0.00949995 0.000672203 -0.000672225 0.00958914 0.000734808 -0.000734814 0.00755126 -0.00142114 0.00357665 0.00213766 0.00540081 -0.00322009 0.00757098 0.00483755 0.00489969 6.79308e-05 0.00796009 -0.0019709 0.00889001 -0.00205163 
