-4.875	1.3304E-4
-4.85	1.11886E-4
-4.825	5.79099E-6
-4.8	-8.24213E-5
-4.775	-1.39428E-4
-4.75	-1.00404E-4
-4.725	-5.76801E-5
-4.7	4.11093E-5
-4.675	1.33364E-4
-4.65	2.59772E-4
-4.625	2.88312E-4
-4.6	2.66494E-4
-4.575	1.57807E-4
-4.55	-1.59186E-5
-4.525	-1.24483E-4
-4.5	-8.79417E-5
-4.475	-2.66189E-5
-4.45	2.14742E-5
-4.425	2.70047E-5
-4.4	-4.63168E-5
-4.375	-6.60326E-5
-4.35	-3.64105E-5
-4.325	2.94514E-5
-4.3	7.15011E-5
-4.275	6.0765E-5
-4.25	4.16205E-5
-4.225	6.31944E-5
-4.2	1.23269E-4
-4.175	1.25625E-4
-4.15	8.82928E-5
-4.125	2.18465E-5
-4.1	-9.21958E-5
-4.075	-1.39534E-4
-4.05	-1.13166E-4
-4.025	-5.66452E-5
-4	4.73376E-6
-3.975	9.26721E-5
-3.95	1.28333E-4
-3.925	2.0875E-4
-3.9	1.82466E-4
-3.875	1.83121E-4
-3.85	1.5731E-4
-3.825	1.72243E-4
-3.8	1.81422E-4
-3.775	2.09773E-4
-3.75	1.60285E-4
-3.725	1.46102E-4
-3.7	9.53982E-5
-3.675	1.51596E-4
-3.65	2.28387E-4
-3.625	2.55685E-4
-3.6	2.12138E-4
-3.575	1.41576E-4
-3.55	3.85699E-5
-3.525	-1.22352E-5
-3.5	-1.66272E-5
-3.475	1.3398E-5
-3.45	-8.51978E-6
-3.425	-3.84274E-5
-3.4	1.33569E-5
-3.375	5.15806E-5
-3.35	1.1721E-4
-3.325	1.3254E-4
-3.3	5.26211E-5
-3.275	1.76038E-5
-3.25	4.71304E-5
-3.225	7.74388E-5
-3.2	6.74446E-5
-3.175	2.15395E-5
-3.15	-5.09863E-5
-3.125	-6.27322E-5
-3.1	-1.92099E-5
-3.075	6.07283E-5
-3.05	9.51509E-5
-3.025	5.09872E-5
-3	-1.30904E-6
-2.975	-8.74971E-5
-2.95	-1.30246E-4
-2.925	-1.82443E-4
-2.9	-1.75065E-4
-2.875	-1.38024E-4
-2.85	-1.20912E-4
-2.825	-1.63956E-4
-2.8	-1.20393E-4
-2.775	-9.40489E-5
-2.75	1.10441E-5
-2.725	1.01197E-4
-2.7	1.58231E-4
-2.675	9.72346E-5
-2.65	9.48387E-5
-2.625	8.25657E-5
-2.6	1.6691E-4
-2.575	1.74934E-4
-2.55	1.69171E-4
-2.525	1.00234E-4
-2.5	1.21938E-4
-2.475	1.91039E-4
-2.45	2.25759E-4
-2.425	1.80183E-4
-2.4	4.17929E-5
-2.375	-8.00479E-5
-2.35	-1.82195E-4
-2.325	-1.60337E-4
-2.3	-6.38442E-5
-2.275	1.45481E-4
-2.25	2.86176E-4
-2.225	4.01688E-4
-2.2	4.12004E-4
-2.175	2.83384E-4
-2.15	8.86604E-5
-2.125	-6.70818E-6
-2.1	-6.22879E-5
-2.075	-1.47211E-4
-2.05	-1.08887E-4
-2.025	-6.81946E-5
-2	-6.61045E-5
-1.975	1.35839E-5
-1.95	8.72177E-5
-1.925	2.67992E-5
-1.9	-1.15039E-5
-1.875	-3.21747E-5
-1.85	-9.20153E-5
-1.825	-1.07564E-4
-1.8	-5.76996E-5
-1.775	-5.20813E-5
-1.75	-2.95642E-5
-1.725	3.71452E-5
-1.7	4.39429E-5
-1.675	3.33175E-5
-1.65	5.38491E-5
-1.625	8.18247E-5
-1.6	9.29805E-5
-1.575	1.15322E-4
-1.55	7.20378E-5
-1.525	7.79587E-6
-1.5	-9.18122E-5
-1.475	-2.20806E-4
-1.45	-2.43367E-4
-1.425	-2.00307E-4
-1.4	-1.49008E-4
-1.375	1.61094E-5
-1.35	1.45527E-4
-1.325	1.9786E-4
-1.3	2.15644E-4
-1.275	1.96794E-4
-1.25	1.06764E-4
-1.225	6.3128E-5
-1.2	4.28394E-6
-1.175	4.13296E-5
-1.15	6.20815E-5
-1.125	3.84511E-5
-1.1	1.11495E-5
-1.075	-7.19506E-6
-1.05	-2.91643E-5
-1.025	-5.33283E-5
-1	-5.07408E-5
-0.975	-1.00515E-4
-0.95	-1.48862E-4
-0.925	-1.26331E-4
-0.9	-6.0974E-5
-0.875	3.65989E-6
-0.85	-6.75334E-6
-0.825	-1.00411E-4
-0.8	-1.21258E-4
-0.775	-1.09782E-4
-0.75	-8.65535E-5
-0.725	2.39581E-5
-0.7	3.51259E-5
-0.675	-2.57607E-5
-0.65	-1.12203E-5
-0.625	-3.36403E-5
-0.6	-1.54722E-4
-0.575	-2.14947E-4
-0.55	-1.82438E-4
-0.525	-1.09159E-4
-0.5	4.90076E-5
-0.475	2.00612E-4
-0.45	2.46635E-4
-0.425	2.99284E-4
-0.4	4.48531E-4
-0.375	5.86597E-4
-0.35	7.98215E-4
-0.325	9.39775E-4
-0.3	0.0011
-0.275	0.00128
-0.25	0.00155
-0.225	0.00186
-0.2	0.00229
-0.175	0.00278
-0.15	0.00341
-0.125	0.00409
-0.1	0.00475
-0.075	0.00527
-0.05	0.00562
-0.025	0.0057
0	0.00552
0.025	0.00502
0.05	0.00431
0.075	0.00341
0.1	0.00256
0.125	0.0019
0.15	0.00149
0.175	0.00121
0.2	0.00103
0.225	7.5441E-4
0.25	3.00725E-4
0.275	-2.74921E-4
0.3	-9.22264E-4
0.325	-0.00163
0.35	-0.00226
0.375	-0.00281
0.4	-0.00324
0.425	-0.00356
0.45	-0.00378
0.475	-0.0039
0.5	-0.00396
0.525	-0.00393
0.55	-0.00381
0.575	-0.00364
0.6	-0.00347
0.625	-0.00324
0.65	-0.00301
0.675	-0.0028
0.7	-0.00251
0.725	-0.00222
0.75	-0.00199
0.775	-0.00174
0.8	-0.00152
0.825	-0.00132
0.85	-0.00111
0.875	-9.9314E-4
0.9	-9.57083E-4
0.925	-9.75182E-4
0.95	-0.00112
0.975	-0.00125
1	-0.00127
1.025	-0.00128
1.05	-0.00122
1.075	-0.00114
1.1	-0.00106
1.125	-0.00107
1.15	-0.00105
1.175	-0.00104
1.2	-9.88751E-4
1.225	-9.68143E-4
1.25	-8.42627E-4
1.275	-7.00518E-4
1.3	-5.49379E-4
1.325	-4.45593E-4
1.35	-3.4967E-4
1.375	-3.54858E-4
1.4	-4.3593E-4
1.425	-5.50659E-4
1.45	-6.26763E-4
1.475	-6.72889E-4
1.5	-6.41996E-4
1.525	-5.23958E-4
1.55	-3.94008E-4
1.575	-3.63846E-4
1.6	-3.85388E-4
1.625	-4.29347E-4
1.65	-4.74984E-4
1.675	-5.05484E-4
1.7	-4.76942E-4
1.725	-5.15241E-4
1.75	-5.72682E-4
1.775	-5.94006E-4
1.8	-5.33723E-4
1.825	-4.75152E-4
1.85	-3.92072E-4
1.875	-3.78285E-4
1.9	-4.02291E-4
1.925	-4.35369E-4
1.95	-4.5383E-4
1.975	-4.65892E-4
2	-4.24577E-4
2.025	-3.73668E-4
2.05	-3.4465E-4
2.075	-3.13116E-4
2.1	-2.75135E-4
2.125	-2.25516E-4
2.15	-1.68334E-4
2.175	-1.6335E-4
2.2	-2.10043E-4
2.225	-2.42597E-4
2.25	-2.00045E-4
2.275	-1.33553E-4
2.3	-8.70255E-5
2.325	-8.63286E-5
2.35	-2.11191E-4
2.375	-2.80658E-4
2.4	-3.35477E-4
2.425	-3.0354E-4
2.45	-2.96116E-4
2.475	-2.76254E-4
2.5	-2.38561E-4
2.525	-1.36689E-4
2.55	-8.27026E-5
2.575	-7.61086E-6
2.6	4.39036E-5
2.625	-5.12284E-5
2.65	-7.90359E-5
2.675	-1.46101E-4
2.7	-1.58061E-4
2.725	-1.377E-4
2.75	-5.1268E-5
2.775	-6.84286E-5
2.8	-8.25921E-5
2.825	-1.59093E-4
2.85	-1.86462E-4
2.875	-1.75943E-4
2.9	-8.07119E-5
2.925	-5.62671E-5
2.95	-1.31515E-4
2.975	-2.23719E-4
3	-2.29176E-4
3.025	-1.63039E-4
3.05	-1.83072E-5
3.075	8.33473E-5
3.1	1.15999E-4
3.125	2.40159E-5
3.15	-9.71258E-5
3.175	-1.77222E-4
3.2	-1.45305E-4
3.225	-1.35211E-4
3.25	-5.37827E-5
3.275	5.85628E-6
3.3	7.4288E-7
3.325	1.16948E-5
3.35	5.64848E-5
3.375	2.90811E-5
3.4	-4.42249E-5
3.425	-9.5186E-5
3.45	-1.25436E-4
3.475	-6.19227E-5
3.5	-1.85298E-5
3.525	1.74806E-5
3.55	-2.00828E-5
3.575	-7.07358E-5
3.6	-1.04571E-4
3.625	-7.44159E-5
3.65	-4.81785E-5
3.675	-6.98092E-5
3.7	-1.24784E-4
3.725	-1.1968E-4
3.75	-1.14142E-4
3.775	-1.91487E-5
3.8	1.20288E-4
3.825	1.6017E-4
3.85	1.51637E-4
3.875	9.16249E-5
3.9	-5.94671E-5
3.925	-2.10838E-4
3.95	-2.82574E-4
3.975	-2.96433E-4
4	-2.42691E-4
4.025	-1.56636E-4
4.05	-1.62976E-4
4.075	-1.76127E-4
4.1	-1.66811E-4
4.125	-1.25978E-4
4.15	-8.56198E-5
4.175	-5.09666E-5
4.2	-5.25569E-5
4.225	4.99156E-5
4.25	1.13076E-4
4.275	1.65916E-4
4.3	2.04344E-4
4.325	1.42253E-4
4.35	8.33397E-6
4.375	-2.60747E-5
4.4	-2.73188E-5
4.425	-3.78901E-5
4.45	-6.20778E-5
4.475	-7.19298E-5
4.5	-1.53962E-4
4.525	-1.96654E-4
4.55	-1.4481E-4
4.575	-7.42268E-5
4.6	-3.55921E-5
4.625	-1.34287E-5
4.65	-2.748E-5
4.675	-5.16011E-5
4.7	-2.06014E-5
4.725	-3.3825E-5
4.75	-5.55627E-5
4.775	-5.45406E-5
4.8	-1.00169E-5
4.825	3.88452E-7
4.85	7.89399E-5
4.875	7.28539E-6
4.9	-6.28913E-5
4.925	-1.48452E-4
4.95	-1.77784E-4
4.975	-1.5222E-4
5	9.45399E-6
5.025	1.01907E-4
5.05	1.37105E-4
5.075	9.57842E-5
5.1	1.24712E-5
5.125	-9.96765E-5
5.15	-8.81099E-5
5.175	-3.56449E-5
5.2	2.81937E-5
5.225	6.04559E-5
5.25	8.21279E-5
5.275	6.89343E-5
5.3	1.05617E-4
5.325	1.10886E-4
5.35	1.52198E-4
5.375	1.20777E-4
5.4	2.87061E-5
5.425	-3.34592E-5
5.45	-1.26921E-5
5.475	3.77581E-5
5.5	6.66525E-5
5.525	6.49537E-5
5.55	9.63249E-7
5.575	-6.69641E-5
5.6	-8.95062E-5
5.625	-1.07144E-4
5.65	-1.2714E-4
5.675	-1.02102E-4
5.7	-4.42374E-5
5.725	1.96189E-5
5.75	6.03122E-5
5.775	3.5562E-5
5.8	2.4426E-5
5.825	-7.27114E-7
5.85	-4.63674E-5
5.875	-7.78878E-5
5.9	-1.50039E-4
5.925	-2.31813E-4
5.95	-2.64888E-4
5.975	-2.64437E-4
6	-2.75128E-4
6.025	-2.16397E-4
6.05	-1.67552E-4
6.075	-1.34827E-4
6.1	-8.08883E-5
6.125	-5.65243E-5
6.15	-2.17994E-5
6.175	6.87514E-5
6.2	8.09859E-5
6.225	4.22294E-5
6.25	-2.60564E-5
6.275	-1.06979E-4
6.3	-1.39003E-4
6.325	-4.70725E-5
6.35	2.34661E-5
6.375	4.02882E-7
6.4	-1.43792E-4
6.425	-2.61862E-4
6.45	-3.78362E-4
6.475	-3.71861E-4
6.5	-2.96239E-4
6.525	-2.19841E-4
6.55	-1.98536E-4
6.575	-1.64281E-4
6.6	-1.47412E-4
6.625	-1.12249E-4
6.65	-1.02965E-4
6.675	-1.26279E-4
6.7	-1.27727E-4
6.725	-9.68601E-5
6.75	2.92788E-7
6.775	6.36622E-5
6.8	1.16735E-4
6.825	8.98391E-5
6.85	6.91778E-5
6.875	2.5745E-5
6.9	4.97498E-5
6.925	3.75829E-5
6.95	1.31478E-5
6.975	-5.77932E-5
7	-6.04478E-5
7.025	-1.2759E-5
7.05	6.61207E-5
7.075	6.2023E-5
7.1	1.76275E-5
7.125	-9.33402E-5
7.15	-1.83542E-4
7.175	-2.24079E-4
7.2	-2.61613E-4
7.225	-3.10513E-4
7.25	-3.1214E-4
7.275	-2.77566E-4
7.3	-1.84253E-4
7.325	-8.62819E-5
7.35	-3.10344E-6
7.375	2.24779E-6
7.4	-1.00924E-5
7.425	-5.25546E-5
7.45	-7.80261E-5
7.475	-1.46127E-4
7.5	-1.2012E-4
7.525	-1.81382E-4
7.55	-2.35202E-4
7.575	-2.32925E-4
7.6	-1.5141E-4
7.625	-7.85372E-5
7.65	3.2611E-5
7.675	1.26828E-5
7.7	-7.31456E-5
7.725	-1.00092E-4
7.75	-1.01433E-4
7.775	-7.22373E-5
7.8	-3.66683E-5
7.825	-7.15781E-5
7.85	-8.65665E-5
7.875	-9.62141E-5
7.9	-8.78607E-5
7.925	-1.15241E-4
7.95	-1.06854E-4
7.975	-1.43504E-4
8	-1.52277E-4
8.025	-1.79534E-4
8.05	-1.19982E-4
8.075	-1.09397E-4
8.1	-6.50991E-5
8.125	-2.16248E-5
8.15	4.17926E-5
8.175	3.98859E-5
8.2	6.28526E-5
8.225	6.07912E-5
8.25	4.39595E-5
8.275	7.01638E-6
8.3	-2.2116E-5
8.325	-7.18361E-5
8.35	-1.24474E-4
8.375	-1.6682E-4
8.4	-2.33815E-4
8.425	-1.8904E-4
8.45	-2.05022E-4
8.475	-1.79876E-4
8.5	-1.27351E-4
8.525	-2.72643E-5
8.55	-2.91435E-5
8.575	-1.33558E-5
8.6	-6.68734E-5
8.625	-1.12741E-4
8.65	-1.34496E-4
8.675	-1.19471E-4
8.7	-5.66143E-5
8.725	-7.29508E-5
8.75	-1.06569E-4
8.775	-1.11277E-4
8.8	-1.26287E-4
8.825	-1.69134E-4
8.85	-1.75655E-4
8.875	-2.21908E-4
8.9	-2.79811E-4
8.925	-2.58919E-4
8.95	-2.74405E-4
8.975	-3.09599E-4
9	-3.55042E-4
9.025	-3.3983E-4
9.05	-2.58125E-4
9.075	-1.09022E-4
9.1	-1.22964E-5
9.125	-6.48801E-5
9.15	-1.5329E-4
9.175	-2.64824E-4
9.2	-3.64915E-4
9.225	-3.6227E-4
9.25	-3.69764E-4
9.275	-4.25633E-4
9.3	-4.01813E-4
9.325	-2.9399E-4
9.35	-2.59827E-4
9.375	-1.85618E-4
9.4	-1.45852E-4
9.425	-1.57698E-4
9.45	-1.75462E-4
9.475	-9.95018E-5
9.5	-6.74404E-5
9.525	-2.71462E-5
9.55	2.38561E-5
9.575	7.33167E-5
9.6	7.71953E-5
9.625	8.7521E-5
9.65	4.42655E-5
9.675	7.49106E-6
9.7	-5.64767E-5
9.725	-8.9986E-5
9.75	-7.44664E-5
9.775	-6.92041E-5
9.8	-8.44563E-5
9.825	-9.03987E-5
9.85	-1.13222E-4
9.875	-8.73359E-5
9.9	1.00462E-5
9.925	6.82919E-5
9.95	5.4474E-5
9.975	-2.23743E-5
10	-1.33674E-4
10.025	-1.66456E-4
10.05	-1.17616E-4
10.075	-8.83717E-5
10.1	-3.4867E-5
10.125	-1.0928E-5
10.15	-1.59919E-5
10.175	-2.77389E-5
10.2	8.21069E-6
10.225	1.36456E-5
10.25	8.17714E-5
10.275	1.77407E-4
10.3	1.75682E-4
10.325	1.49147E-4
10.35	1.09029E-4
10.375	-1.93574E-5
10.4	-1.43493E-4
10.425	-2.228E-4
10.45	-2.71862E-4
10.475	-2.41173E-4
10.5	-1.40365E-4
10.525	-3.92181E-5
10.55	-3.10829E-5
10.575	-4.44518E-5
10.6	-5.42749E-5
10.625	-5.43724E-5
10.65	-8.12689E-5
10.675	-7.0399E-5
10.7	-1.04813E-4
10.725	-1.45866E-4
10.75	-2.09239E-4
10.775	-1.75463E-4
10.8	-1.07431E-4
10.825	8.23062E-5
10.85	1.96586E-4
10.875	2.17428E-4
10.9	8.26913E-5
10.925	-6.88257E-5
10.95	-2.91533E-4
10.975	-3.64522E-4
11	-3.78699E-4
11.025	-3.21648E-4
11.05	-1.91349E-4
11.075	-9.37362E-5
11.1	-1.08056E-4
11.125	-1.46072E-4
11.15	-2.28109E-4
11.175	-2.51359E-4
11.2	-1.84079E-4
11.225	-1.40482E-4
11.25	-9.39036E-5
11.275	-2.70452E-5
11.3	1.35702E-5
11.325	8.71106E-5
11.35	1.13186E-5
11.375	-9.22239E-5
11.4	-1.50381E-4
11.425	-1.57944E-4
11.45	-9.34481E-5
11.475	1.03064E-5
11.5	6.29077E-5
11.525	1.03206E-4
11.55	3.84404E-5
11.575	-3.7272E-5
11.6	-1.881E-4
11.625	-3.66337E-4
11.65	-4.52704E-4
11.675	-3.89247E-4
11.7	-3.38161E-4
11.725	-2.8402E-4
11.75	-2.0039E-4
11.775	-1.65771E-4
11.8	-1.82755E-4
11.825	-2.08054E-4
11.85	-2.66872E-4
11.875	-3.21934E-4
11.9	-3.8883E-4
11.925	-4.79886E-4
11.95	-4.73198E-4
11.975	-4.11057E-4
12	-3.20651E-4
12.025	-1.6259E-4
12.05	-4.97324E-5
12.075	-1.47626E-5
12.1	1.72532E-5
12.125	7.52548E-5
12.15	3.37E-5
12.175	-4.54009E-5
12.2	-1.66611E-4
12.225	-2.77223E-4
12.25	-2.56476E-4
12.275	-1.51752E-4
12.3	-1.3674E-4
12.325	-4.28926E-5
12.35	-4.36987E-5
12.375	-9.39466E-5
12.4	-1.1831E-4
12.425	-1.78134E-4
12.45	-2.65262E-4
12.475	-2.51701E-4
12.5	-2.03606E-4
12.525	-1.02186E-4
12.55	-2.78566E-5
12.575	-8.42857E-6
12.6	-4.78729E-5
12.625	-2.28349E-5
12.65	-6.00064E-5
12.675	-1.40927E-4
12.7	-1.98924E-4
12.725	-2.71075E-4
12.75	-3.19185E-4
12.775	-2.44851E-4
12.8	-2.1149E-4
12.825	-1.83378E-4
12.85	-1.38974E-4
12.875	-1.47582E-4
12.9	-1.88038E-4
12.925	-1.5092E-4
12.95	-1.31844E-4
12.975	-1.48433E-4
13	-1.63069E-4
13.025	-1.61349E-4
13.05	-2.47252E-4
13.075	-2.75807E-4
13.1	-2.88126E-4
13.125	-2.63769E-4
13.15	-2.26022E-4
13.175	-1.86265E-4
13.2	-1.55785E-4
13.225	-1.24541E-4
13.25	-1.47515E-4
13.275	-1.22788E-4
13.3	-9.7545E-5
13.325	-5.09706E-5
13.35	-3.44674E-5
13.375	3.41796E-5
13.4	8.02403E-5
13.425	1.18018E-4
13.45	1.08086E-4
13.475	1.31355E-4
13.5	1.14848E-4
13.525	6.65587E-5
13.55	-1.76076E-5
13.575	-8.9557E-5
13.6	-1.57213E-4
13.625	-1.82748E-4
13.65	-2.39631E-4
13.675	-3.15774E-4
13.7	-4.09726E-4
13.725	-4.5547E-4
13.75	-3.70816E-4
13.775	-2.03265E-4
13.8	-4.40006E-5
13.825	1.35142E-4
13.85	2.36103E-4
13.875	1.78749E-4
13.9	3.52737E-5
13.925	-1.21949E-4
13.95	-2.78268E-4
13.975	-3.20347E-4
14	-2.95987E-4
14.025	-2.23402E-4
14.05	-1.84315E-4
14.075	-6.1887E-5
14.1	-7.22544E-6
14.125	6.18703E-5
14.15	5.41117E-5
14.175	2.77642E-5
14.2	-2.75405E-5
14.225	9.17599E-6
14.25	-2.16655E-6
14.275	3.67111E-6
14.3	9.2517E-6
14.325	-7.32422E-6
14.35	2.46629E-6
14.375	1.86871E-5
14.4	3.03559E-5
14.425	-9.75604E-6
14.45	-2.44458E-5
14.475	-6.03014E-5
14.5	-1.80326E-5
14.525	-2.77151E-5
14.55	-5.23555E-5
14.575	-4.2594E-5
14.6	2.1691E-5
14.625	1.11065E-4
14.65	2.38138E-4