0.22106896555031463, -1.2368522721657875
0.4290375988066486, 0.045521995104184754
0.5623826861495784, 0.5785364911970774
0.6825278650336688, 0.10198275643188381
0.783554615395111, -0.30388604910126915
0.8735253315645806, -0.8215762227492469
1.0209933933517503, 0.20261576044537222
1.160121557204201, -0.1839079691615524
1.2839495108263115, 0.34245400214339483
1.4012637851601426, 0.41618412553615514
1.3445640227543143, -1.0833611093243505
1.5104029788114437, 0.5921534983408172
1.8791712964957459, -1.160407511678148
1.9542390516333714, 0.5582770415441978
2.0630580587980987, -0.34345759310820156
2.260180612669634, -0.5185044044532638
2.366139679309593, -0.5000439496466065
2.4822807973087775, -0.32415068816236214
2.552835991335561, -1.1157845318220971
2.6621137710161227, -1.2734567431984551
2.708288606330253, -1.9535418356546828
2.779466010401447, -0.7520941983403446
2.894995729623327, -1.4973098234408937
3.0376555884783425, -1.2831913810798206
3.1628566718686244, -1.3434008720527473
3.278430723463499, -1.6739572789183654
3.398289447014383, -2.4827992002033454
3.5185673450134507, -2.8053987615945637
3.623406271713357, -3.783605915949952
3.6908218737729284, -4.584829785982258
3.7822614704699147, -5.668828957456174
3.8568141397754694, -7.090279628350281
3.9285674155283505, -8.81042412345353
3.9974792766045963, -9.190038736021158
4.026909530818219, -10.647843073025413
4.074992948100526, -12.080381351130022
4.156665411336164, -13.844904688417678
4.197853744301049, -15.76340814612037
4.255560761969707, -17.278843082797216
4.3307233521167126, -18.81577654013345
4.385584218893188, -20.47667777427852
4.453192273862958, -21.962740432379398
4.575123721187425, -23.09147526800193
4.676205781991377, -24.492615484773893
4.7954608043871305, -25.231255091790388
4.883870445661793, -26.56456859005234
5.002916479056904, -25.844124201422865
5.1196171882414285, -27.137968214039354
5.212684035084349, -28.83158866695014
5.270307223851148, -30.32202303079616
5.317256598299923, -31.603145807963045
5.388133313866162, -32.0761444876268
5.487645694006689, -30.354100492746547
5.587862103861076, -29.227957395853032
5.65784297454921, -27.86065558021749
5.7285817871365, -26.320428844593962
5.7849460254714895, -24.503803848875222
5.8464648123730205, -23.06449166325349
5.90258990959823, -21.52527035487782
5.995563347093365, -20.004483142409946
6.069725179826285, -18.346031308940127
6.195186042520424, -17.95354944678673
6.305857848604003, -16.97089521670982
6.415182008620442, -16.80990835732929
6.524924746920909, -14.58179076968846
6.635523079470668, -13.738133980125191
6.754685548315783, -12.009058124688117
6.849362841506623, -11.304845051738532
6.953797951935499, -9.87587922814312
7.058623598597634, -8.564354502568996
7.194720676161301, -8.279273279035209
7.311179151184014, -7.583898509611728
7.4348213639107215, -7.356819130564681
7.542624806456557, -7.326324066946171
7.668420977754879, -7.269758424947277
7.770737944732602, -7.238407480146314
7.9049983139486155, -6.1733817735478524
7.998877303176441, -5.335769773145149
8.086392521116018, -5.523543319825432
8.25845709044743, -4.449811649114615
8.383308663392986, -4.356632232032062
8.495246360741856, -4.8189808267230205
8.480999272951253, -5.454129795604906
8.679158555263017, -4.426571616284562
8.794547468542126, -4.06380430554314
8.869409611913017, -6.215966057321289
8.942607512070879, -3.942060788930288
9.06332871526631, -3.750426322541564
9.18885358066171, -3.283701326926618
9.296880426880836, -3.7189322032987064
9.419092563492116, -3.8687399455867393
9.5492311689223, -3.456293259887765
9.66634313870749, -3.478501332323603
9.783392403143472, -3.308589728703055
9.91033657168438, -3.314336133394555
10.02811754267801, -3.355076447450621
10.145197078661885, -4.209481372821745
10.252521175886487, -3.6670169643779538
10.409910919124947, -2.8933644201667903
10.45686125960202, -1.8263183039717887
10.58789381691125, -1.3272598356014065
10.69909764544905, -0.5220332020362441
10.819995288523629, -0.12572847583460955
10.940576377697381, -0.0966262745914328
11.061390990240598, 0.20336303522764965
11.181940942965088, 0.19634695532737112
11.25921469082143, 0.8416464066685378

