0 0 0 0 0 0 0 0 0 0 0
32 1.71295e-05 9.3342e-05 2.92496e-05 -0.000101249 1.60165e-05 1.22402e-05 1.56397e-05 2.91518e-05 -9.40737e-07 4.41972e-05
64 6.49978e-05 0.00013607 2.2716e-05 3.5499e-05 5.01614e-05 7.44988e-05 6.27624e-05 8.3036e-05 -6.29895e-07 0.00012487
96 1.05397e-05 -8.0491e-05 -2.17499e-05 8.6405e-05 -2.16584e-05 5.07955e-05 9.54996e-06 1.85276e-05 -2.5812e-05 4.06985e-05
128 1.40303e-05 -7.305e-05 -3.5563e-05 0.000124123 -2.9346e-05 3.77172e-05 -1.0893e-06 0.000136 -2.1036e-05 0.000214517
160 2.34058e-05 9.28095e-05 -2.1062e-05 -1.22265e-05 -4.882e-06 2.80337e-05 1.16201e-05 0.000118479 -4.74535e-06 0.000180091
192 5.42247e-06 0.000132955 -4.13403e-05 -0.000128625 -2.34644e-05 3.42885e-05 2.21226e-06 3.13212e-05 -1.70998e-06 4.78374e-05
224 5.3276e-06 0.000115319 -6.5593e-05 -0.000178547 -4.19358e-05 6.81248e-05 4.6233e-06 1.10104e-05 -2.54991e-06 1.77901e-05
256 5.60547e-05 0.00029027 -3.6106e-05 -0.000163378 1.9409e-06 0.000118038 5.19982e-05 8.87804e-05 -1.5452e-06 0.000133945
288 1.56641e-05 0.000155962 -0.000103584 -0.000167347 -6.88542e-05 0.000126987 1.214e-05 4.40969e-05 -1.54397e-05 7.38648e-05
320 1.58742e-05 0.00029157 -0.000113338 -0.000155671 -6.11408e-05 9.18765e-05 5.2929e-06 0.00010123 -2.50114e-05 0.00016435
352 1.99613e-05 0.00028938 -7.1838e-05 -0.000251444 -4.12441e-05 7.13431e-05 8.1227e-06 0.000115464 -7.43297e-06 0.000176913
384 1.3137e-06 0.000213797 -5.4859e-05 -0.000196658 -5.2328e-05 5.99049e-05 -3.8677e-06 4.31161e-05 -6.97395e-06 6.81611e-05
416 -3.5753e-06 0.000265778 -5.50518e-05 -0.000256967 -2.70194e-05 4.9046e-05 5.6705e-06 -7.81494e-05 5.51786e-06 -0.000119984
448 1.22093e-05 0.000196575 -8.9713e-05 -0.000174627 -6.5646e-05 0.00011024 7.7032e-06 4.85603e-05 6.36711e-06 6.96581e-05
480 -9.56016e-06 0.000114448 -0.00012713 -0.000177384 -9.69272e-05 0.00011204 -9.24883e-06 -1.20641e-05 -1.10519e-05 -1.25704e-05
512 -1.91111e-05 0.000176058 -0.000148571 -0.000284326 -0.00010673 9.5656e-05 -2.24411e-05 7.75551e-06 -3.12602e-05 2.7263e-05
544 -1.77193e-05 0.000206387 -0.00016686 -0.000137683 -8.51768e-05 9.9327e-05 -5.7652e-06 -0.000114146 -1.30089e-05 -0.000164716
576 -1.39761e-05 0.000140954 -0.000155853 -0.00017849 -0.000104458 0.000132978 -7.4739e-06 -6.64221e-05 2.56571e-06 -0.000100916
608 -1.94557e-05 0.000271961 -0.00018514 -0.000239886 -9.4291e-05 0.000111366 -1.04597e-05 -9.20205e-05 5.75281e-06 -0.000140907
640 -3.80524e-05 0.000167073 -0.000136099 -0.000454842 -0.000136276 7.99786e-05 -4.79675e-05 4.19285e-05 -5.0464e-06 6.54164e-05
672 -4.7985e-06 6.9537e-05 -0.000102025 -0.00042539 -0.000128556 0.000155145 -8.4694e-06 2.48204e-05 -1.71385e-05 4.58012e-05
704 -2.38393e-05 -8.68059e-05 -0.000130749 -0.000252248 -0.00013081 0.000163667 -8.6996e-06 -0.000145965 -2.73213e-05 -0.000205288
736 -6.73837e-05 -0.000118009 -0.000177545 -0.000239136 -0.000182541 0.00014334 -4.89244e-05 -0.000216282 -1.99708e-05 -0.000314438
768 -5.00537e-05 -2.79338e-05 -0.000181995 -0.00034907 -0.000176175 0.000160008 -4.03284e-05 -0.000128499 -2.47397e-05 -0.000180378
800 -3.47022e-05 -0.000123878 -9.27982e-05 -0.000640248 -0.00020419 0.000198096 -3.844e-05 -4.55046e-06 -3.76699e-05 1.20087e-05
832 -7.4175e-06 0.000142422 -9.9172e-05 -0.000788434 -0.000167962 0.000205607 -1.62293e-05 6.36656e-05 -3.2253e-05 0.000111625
864 -2.48137e-05 -1.69339e-05 -0.000107843 -0.000699508 -0.000195547 0.000239117 -1.80519e-05 -7.9353e-05 -4.61362e-05 -9.59614e-05
896 -0.000116103 -7.9735e-05 -0.000204318 -0.00100995 -0.000339899 0.000295883 -8.18906e-05 -0.000392081 -7.00587e-05 -0.000553093
928 -0.00018692 -0.000146554 -0.000236899 -0.00112735 -0.000396094 0.000249767 -0.00013588 -0.000598642 -0.000106726 -0.0008446
960 -0.000231082 -3.0566e-05 -0.000224599 -0.0015293 -0.000433492 0.000234785 -0.000163056 -0.000779812 -0.000139777 -0.00109983
992 -0.000284769 -0.000165401 -0.000240732 -0.00160568 -0.000498157 0.000266739 -0.000190489 -0.00104529 -0.000120869 -0.0015075
1024 -0.000346464 -8.22072e-05 -0.000311003 -0.00227183 -0.000629586 0.000381302 -0.000223371 -0.00133941 -0.000141264 -0.00193849
1056 -0.000425912 -4.94199e-05 -0.00032287 -0.00242547 -0.000674864 0.000345197 -0.000264096 -0.00173123 -0.000160909 -0.00251639
1088 -0.000594087 -0.000317155 -0.00042348 -0.00306658 -0.000913491 0.00034702 -0.000402642 -0.0021384 -0.000192514 -0.00311135
1120 -0.000576156 -4.1907e-05 -0.000395851 -0.00338464 -0.000894511 0.000402505 -0.000370659 -0.00223382 -0.000190527 -0.00325546
1152 -0.000574365 -0.000121008 -0.000335195 -0.00340347 -0.000874217 0.000387703 -0.000368298 -0.00223664 -0.000155925 -0.003277
1184 -0.000596077 2.72399e-05 -0.000409363 -0.00339361 -0.000881948 0.000358487 -0.000381532 -0.00232674 -0.000148556 -0.00341584
1216 -0.000541703 0.000158801 -0.000366743 -0.00301936 -0.000749095 0.000298832 -0.000328088 -0.00226487 -0.000106492 -0.00334407
1248 -0.000507075 9.8206e-07 -0.000321034 -0.00277613 -0.000710988 0.000270625 -0.000316663 -0.00204306 -7.62065e-05 -0.00302648
1280 -0.000413184 0.000135999 -0.000267737 -0.00237137 -0.000575136 0.000187163 -0.000271118 -0.00155918 -4.51038e-05 -0.00231622
1312 -0.000366223 -0.00016725 -0.00017111 -0.00183983 -0.00049034 0.00010276 -0.000256638 -0.0012502 -4.66428e-05 -0.00185197
1344 -0.000370642 -0.000147719 -9.0357e-05 -0.00182383 -0.000450953 -2.5151e-05 -0.000282756 -0.00107959 -9.1636e-05 -0.00157356
1376 -0.000526294 -0.000616309 -0.000172671 -0.00212154 -0.000658304 -0.000126815 -0.000443793 -0.00119181 -0.000172665 -0.00170138
1408 -0.000673914 -0.000909484 -0.000298272 -0.00218604 -0.000822657 -0.000187834 -0.000564514 -0.00155636 -0.000262758 -0.00220316
1440 -0.000866358 -0.00118825 -0.000391536 -0.00269434 -0.00103283 -0.000246985 -0.000712642 -0.00210633 -0.000333792 -0.00299259
1472 -0.00100371 -0.00150541 -0.000445453 -0.00299554 -0.00119416 -0.00024831 -0.00080901 -0.00257435 -0.000400237 -0.00366141
1504 -0.00109326 -0.00132654 -0.000561041 -0.00307604 -0.00122712 -0.000245 -0.00082569 -0.00325161 -0.000412549 -0.00467113
1536 -0.00118891 -0.00131508 -0.000727546 -0.00315359 -0.0013392 -0.00013503 -0.00084618 -0.0039536 -0.000394096 -0.00573335
1568 -0.00126627 -0.00111426 -0.000932617 -0.00313122 -0.00140085 -0.000134043 -0.00088501 -0.00434178 -0.000358124 -0.0063336
1600 -0.001215 -0.00071215 -0.00104512 -0.00276902 -0.00129876 -9.067e-05 -0.000806998 -0.00450614 -0.000271674 -0.00662337
1632 -0.00113835 -0.000807397 -0.00106105 -0.00200604 -0.00118478 -5.4724e-05 -0.000725347 -0.00446992 -0.00018822 -0.00661077
1664 -0.00104045 -0.00030095 -0.00107084 -0.00193249 -0.00105779 1.598e-06 -0.000628057 -0.00436701 -0.000120369 -0.00649033
1696 -0.0009257 -0.000491945 -0.00099669 -0.00112849 -0.000902047 -2.9533e-05 -0.000548661 -0.00396718 -8.72073e-05 -0.00590717
1728 -0.000830733 -0.000366388 -0.000887388 -0.00094751 -0.00077559 -0.000104165 -0.000501382 -0.00348748 -7.24744e-05 -0.00519498
1760 -0.000736906 -0.000237059 -0.000783105 -0.0009047 -0.00068778 -9.9764e-05 -0.000446211 -0.00308187 -5.86993e-05 -0.00459346
1792 -0.000616041 -0.000328244 -0.000632145 -0.00067111 -0.000560176 -5.834e-05 -0.000355169 -0.00272043 -5.42633e-05 -0.00405351
1824 -0.000611626 -0.000259148 -0.000634502 -0.00091576 -0.000599971 -6.3608e-05 -0.000382707 -0.0024582 -7.08786e-05 -0.00365186
1856 -0.000542925 -0.000163849 -0.000624554 -0.000844995 -0.000552641 7.028e-06 -0.000325869 -0.00229384 -9.79325e-05 -0.0033918
1888 -0.000509097 -8.6246e-05 -0.000626874 -0.000800984 -0.00050738 -1.1144e-05 -0.000308251 -0.00212925 -8.70636e-05 -0.00315035
1920 -0.000509752 2.7662e-05 -0.000571861 -0.0009141 -0.000483111 -0.000108205 -0.000332648 -0.00193838 -6.43973e-05 -0.00287538
1952 -0.00049282 2.9949e-05 -0.000575287 -0.000810725 -0.000473892 -0.00011519 -0.000333724 -0.0017762 -5.51103e-05 -0.00263674
1984 -0.000377901 -3.982e-05 -0.000506994 -0.00036416 -0.000376238 -2.29394e-05 -0.00023838 -0.00150338 -7.58329e-05 -0.00221715
2016 -0.000350615 -0.000170069 -0.000501047 -0.000149735 -0.00036984 -2.971e-06 -0.000223231 -0.00137818 -5.93933e-05 -0.00203757
2048 -0.000350776 -0.000125767 -0.000497642 -0.000251458 -0.000391579 -9.9225e-06 -0.000240095 -0.0012436 -5.30041e-05 -0.0018389
2080 -0.000305314 -0.000113326 -0.000402558 -0.000345097 -0.000334235 -1.2846e-05 -0.000205794 -0.0011081 -4.99266e-05 -0.00163718
2112 -0.000278831 0.000110253 -0.000432511 -0.000311598 -0.000290949 2.73245e-06 -0.000172776 -0.00113433 -6.20748e-05 -0.00167045
2144 -0.000280025 -7.0843e-05 -0.00033953 -0.000292351 -0.000285356 -2.45705e-05 -0.000181355 -0.00107596 -6.56652e-05 -0.00158111
2176 -0.000300623 -0.000117495 -0.000296144 -0.000325067 -0.000271195 -0.000107481 -0.000208796 -0.00104136 -4.84349e-05 -0.00153782
2208 -0.000266794 -0.000106364 -0.000313854 2.0739e-05 -0.000234374 -0.000119874 -0.000189708 -0.000888611 -4.11275e-05 -0.00131235
2240 -0.000222422 -6.9882e-05 -0.000247813 9.0814e-05 -0.000175326 -9.27717e-05 -0.000143657 -0.000857789 -7.85436e-05 -0.00124741
2272 -0.000220959 -0.0001928 -0.000238532 -7.2652e-05 -0.00020651 -0.000117806 -0.000172117 -0.000614951 -8.34979e-05 -0.000880677
2304 -0.000128985 -7.094e-06 -0.000183022 0.00026693 -7.458e-05 -8.47915e-05 -8.28358e-05 -0.000501251 -4.74373e-05 -0.000728158
2336 -0.000128949 -2.6848e-05 -0.000232216 0.000304479 -8.3847e-05 -0.000120618 -0.000100129 -0.000361422 -4.27685e-05 -0.000520748
2368 -0.000114135 0.000116321 -0.000246403 0.000444364 -5.083e-05 -0.000119245 -7.96756e-05 -0.000392109 -4.17969e-05 -0.000567266
2400 -0.000148617 4.7915e-05 -0.000243416 0.000159421 -0.000108479 -0.000111786 -0.000110359 -0.000457232 -4.48317e-05 -0.000663433
2432 -0.000123944 7.6818e-05 -0.000235867 0.000172201 -9.8283e-05 -5.98265e-05 -8.3902e-05 -0.000446941 -5.35451e-05 -0.00064364
2464 -6.45677e-05 0.000114319 -0.000246446 0.000564471 -1.7603e-05 -6.1378e-06 -1.58297e-05 -0.000457717 -5.74178e-05 -0.000657865
2496 -0.000139363 -1.4022e-05 -0.000301339 0.000370563 -0.000109047 -2.6246e-05 -7.92592e-05 -0.000624197 -4.9285e-05 -0.000911654
2528 -0.000154213 3.5763e-05 -0.000303506 0.000327221 -0.00010471 -4.853e-05 -8.43258e-05 -0.00071797 -6.77834e-05 -0.00104306
2560 -0.000103856 -2.7261e-05 -0.000213584 0.000485127 -3.38477e-05 -5.08081e-05 -4.44105e-05 -0.000583374 -5.21009e-05 -0.000849011
2592 -0.000155754 0.000192543 -0.000194377 -0.000226652 -0.00010025 -8.44072e-05 -9.75024e-05 -0.00062564 -3.26667e-05 -0.000922127
2624 -0.000102625 0.000213519 -0.000140758 0.000292277 1.088e-06 -6.33826e-05 -2.74928e-05 -0.000708688 -3.45302e-05 -0.00104577
2656 -0.000106609 9.02568e-05 -0.000130612 0.000321203 -9.512e-06 -7.93814e-05 -3.8995e-05 -0.000652028 -5.79343e-05 -0.000949075
2688 -9.65817e-05 -2.5421e-05 -0.000132396 0.000507088 1.956e-06 -9.12816e-05 -3.81086e-05 -0.000568266 -5.73948e-05 -0.000823702
2720 -8.8028e-05 0.000191581 -0.000180788 0.000490698 7.573e-06 -0.000104072 -4.2976e-05 -0.000451442 -1.67114e-05 -0.000668807
2752 -0.000108301 7.6836e-05 -0.000178905 0.000473181 -2.3362e-05 -0.000178411 -8.7701e-05 -0.000274479 -1.67437e-05 -0.000403347
2784 -0.00011211 -0.000173348 -0.000197613 0.000654656 -4.9937e-05 -0.000146988 -8.89869e-05 -0.000298628 -5.99249e-05 -0.00041798
2816 -8.1347e-05 -2.0607e-05 -0.000193305 0.00058803 -1.9134e-05 -0.000117806 -5.95588e-05 -0.000257103 -5.53244e-05 -0.000357992
2848 -4.04974e-05 6.3704e-05 -0.000115566 0.000488468 3.04382e-05 -0.000113608 -2.67777e-05 -0.000151164 -4.95213e-05 -0.000201984
2880 -9.26418e-06 -2.1652e-05 -7.9552e-05 0.000653794 5.30682e-05 -9.84809e-05 -6.41294e-06 -3.22596e-05 -6.02235e-05 -1.82773e-05
2912 1.43471e-05 -0.000128513 -2.41267e-05 0.000713624 8.74286e-05 -9.53847e-05 1.44462e-05 1.35549e-05 -4.44733e-05 4.257e-05
2944 6.3552e-06 -0.000211367 -2.01828e-05 0.000857625 8.54206e-05 -0.000108025 4.2469e-06 2.33679e-05 -5.30658e-05 6.15836e-05
2976 -8.412e-06 -0.000120521 -9.0019e-06 0.000965343 0.000112601 -0.00016902 -2.87e-06 -5.31067e-05 -4.46896e-05 -5.73143e-05
3008 -1.7426e-06 4.1118e-05 3.30649e-05 0.000724169 0.000140904 -0.000159336 1.65162e-05 -0.000149027 -6.02792e-05 -0.000193403
3040 3.28864e-05 6.7821e-05 9.57702e-05 0.00091979 0.000220766 -0.000215559 3.99273e-05 -2.39014e-05 -4.84688e-05 -1.16182e-05
3072 4.8341e-05 8.539e-05 9.3736e-05 0.000974194 0.000240191 -0.000211864 5.02602e-05 3.28635e-05 -4.04407e-05 6.95169e-05
3104 5.99183e-05 7.84e-05 3.69334e-05 0.00106121 0.000208893 -0.000169615 5.16748e-05 0.000126422 -4.70626e-05 0.000213164
3136 3.55455e-05 -9.5795e-05 2.404e-05 0.00109331 0.000176332 -0.000180703 2.88849e-05 8.92787e-05 -4.22751e-05 0.000155055
3168 1.53431e-05 8.38074e-05 -6.6726e-06 0.000991261 0.000181227 -0.000209769 1.83882e-05 -9.21619e-06 -3.82952e-05 5.32246e-06
