0 0 0 0 0 0 0 0 0 0 0 
32 -0.000109618 0 0 0 0 -0.000109618 -0.000109618 0 0 0 
64 -7.22871e-05 0 0 0 0 -7.22871e-05 -7.22871e-05 0 0 0 
96 -2.76889e-05 0 0 0 0 -2.76889e-05 -2.76889e-05 0 0 0 
128 -0.000118041 0 0 0 0 -0.000118041 -0.000118041 0 0 0 
160 -4.2601e-05 0 0 0 0 -4.2601e-05 -4.2601e-05 0 0 0 
192 -6.17172e-05 0 0 0 0 -6.17172e-05 -6.17172e-05 0 0 0 
224 -0.000114818 0 0 0 0 -0.000114818 -0.000114818 0 0 0 
256 -4.34839e-05 0 0 0 0 -4.34839e-05 -4.34839e-05 0 0 0 
288 -0.000117737 0 0 0 0 -0.000117737 -0.000117737 0 0 0 
320 -0.000104046 0 0 0 0 -0.000104046 -0.000104046 0 0 0 
352 -6.13453e-05 0 0 0 0 -6.13453e-05 -6.13453e-05 0 0 0 
384 -9.34993e-05 0 0 0 0 -9.34993e-05 -9.34993e-05 0 0 0 
416 -7.47954e-05 0 0 0 0 -7.47954e-05 -7.47954e-05 0 0 0 
448 -3.61421e-06 0 0 0 0 -3.61421e-06 -3.61421e-06 0 0 0 
480 -7.00168e-05 0 0 0 0 -7.00168e-05 -7.00168e-05 0 0 0 
512 2.70894e-05 0 0 0 0 2.70894e-05 2.70894e-05 0 0 0 
544 -8.55489e-05 0 0 0 0 -8.55489e-05 -8.55489e-05 0 0 0 
576 -0.000147717 0 0 0 0 -0.000147717 -0.000147717 0 0 0 
608 -1.46814e-05 0 0 0 0 -1.46814e-05 -1.46814e-05 0 0 0 
640 -0.000175125 0 0 0 0 -0.000175125 -0.000175125 0 0 0 
672 -4.94687e-05 0 0 0 0 -4.94687e-05 -4.94687e-05 0 0 0 
704 -0.000308085 0 0 0 0 -0.000308085 -0.000308085 0 0 0 
736 -0.000143046 0 0 0 0 -0.000143046 -0.000143046 0 0 0 
768 -0.000150688 0 0 0 0 -0.000150688 -0.000150688 0 0 0 
800 -0.000217734 0 0 0 0 -0.000217734 -0.000217734 0 0 0 
832 -0.000157397 0 0 0 0 -0.000157397 -0.000157397 0 0 0 
864 -0.00038873 0 0 0 0 -0.00038873 -0.00038873 0 0 0 
896 -0.000115964 0 0 0 0 -0.000115964 -0.000115964 0 0 0 
928 -0.000287041 0 0 0 0 -0.000287041 -0.000287041 0 0 0 
960 -9.40508e-05 0 0 0 0 -9.40508e-05 -9.40508e-05 0 0 0 
992 -0.000152061 0 0 0 0 -0.000152061 -0.000152061 0 0 0 
1024 -0.000200574 0 0 0 0 -0.000200574 -0.000200574 0 0 0 
1056 -0.000103681 0 0 0 0 -0.000103681 -0.000103681 0 0 0 
1088 -2.60598e-06 0 0 0 0 -2.60598e-06 -2.60598e-06 0 0 0 
1120 5.00515e-05 0 0 0 0 5.00515e-05 5.00515e-05 0 0 0 
1152 8.79913e-05 0 0 0 0 8.79913e-05 8.79913e-05 0 0 0 
1184 -5.50381e-05 0 0 0 0 -5.50381e-05 -5.50381e-05 0 0 0 
1216 1.30405e-05 0 0 0 0 1.30405e-05 1.30405e-05 0 0 0 
1248 -0.000254411 0 0 0 0 -0.000254411 -0.000254411 0 0 0 
1280 -0.000383182 0 0 0 0 -0.000383182 -0.000383182 0 0 0 
1312 -0.000726557 0 0 0 0 -0.000726557 -0.000726557 0 0 0 
1344 -0.00092555 0 0 0 0 -0.00092555 -0.00092555 0 0 0 
1376 -0.00125162 0 0 0 0 -0.00125162 -0.00125162 0 0 0 
1408 -0.00153693 0 0 0 0 -0.00153693 -0.00153693 0 0 0 
1440 -0.00131851 0 0 0 0 -0.00131851 -0.00131851 0 0 0 
1472 -0.00155185 0 0 0 0 -0.00155185 -0.00155185 0 0 0 
1504 -0.00128073 0 0 0 0 -0.00128073 -0.00128073 0 0 0 
1536 -0.00129394 0 0 0 0 -0.00129394 -0.00129394 0 0 0 
1568 -0.00117272 0 0 0 0 -0.00117272 -0.00117272 0 0 0 
1600 -0.00101308 0 0 0 0 -0.00101308 -0.00101308 0 0 0 
1632 -0.000919763 0 0 0 0 -0.000919763 -0.000919763 0 0 0 
1664 -0.000799022 0 0 0 0 -0.000799022 -0.000799022 0 0 0 
1696 -0.000690782 0 0 0 0 -0.000690782 -0.000690782 0 0 0 
1728 -0.000606041 0 0 0 0 -0.000606041 -0.000606041 0 0 0 
1760 -0.000750162 0 0 0 0 -0.000750162 -0.000750162 0 0 0 
1792 -0.000620791 0 0 0 0 -0.000620791 -0.000620791 0 0 0 
1824 -0.000541701 0 0 0 0 -0.000541701 -0.000541701 0 0 0 
1856 -0.000599275 0 0 0 0 -0.000599275 -0.000599275 0 0 0 
1888 -0.000386783 0 0 0 0 -0.000386783 -0.000386783 0 0 0 
1920 -0.000638118 0 0 0 0 -0.000638118 -0.000638118 0 0 0 
1952 -0.000582191 0 0 0 0 -0.000582191 -0.000582191 0 0 0 
1984 -0.000649899 0 0 0 0 -0.000649899 -0.000649899 0 0 0 
2016 -0.000454517 0 0 0 0 -0.000454517 -0.000454517 0 0 0 
2048 -0.000596941 0 0 0 0 -0.000596941 -0.000596941 0 0 0 
2080 -0.000535038 0 0 0 0 -0.000535038 -0.000535038 0 0 0 
2112 -0.000535077 0 0 0 0 -0.000535077 -0.000535077 0 0 0 
2144 -0.000500289 0 0 0 0 -0.000500289 -0.000500289 0 0 0 
2176 -0.000701077 0 0 0 0 -0.000701077 -0.000701077 0 0 0 
2208 -0.000624355 0 0 0 0 -0.000624355 -0.000624355 0 0 0 
2240 -0.000760262 0 0 0 0 -0.000760262 -0.000760262 0 0 0 
2272 -0.00071817 0 0 0 0 -0.00071817 -0.00071817 0 0 0 
2304 -0.000588044 0 0 0 0 -0.000588044 -0.000588044 0 0 0 
2336 -0.000543792 0 0 0 0 -0.000543792 -0.000543792 0 0 0 
2368 -0.000520981 0 0 0 0 -0.000520981 -0.000520981 0 0 0 
2400 -0.000715389 0 0 0 0 -0.000715389 -0.000715389 0 0 0 
2432 -0.000828343 0 0 0 0 -0.000828343 -0.000828343 0 0 0 
2464 -0.000747329 0 0 0 0 -0.000747329 -0.000747329 0 0 0 
2496 -0.000615613 0 0 0 0 -0.000615613 -0.000615613 0 0 0 
2528 -0.000643899 0 0 0 0 -0.000643899 -0.000643899 0 0 0 
2560 -0.000561334 0 0 0 0 -0.000561334 -0.000561334 0 0 0 
2592 -0.000787105 0 0 0 0 -0.000787105 -0.000787105 0 0 0 
2624 -0.000600957 0 0 0 0 -0.000600957 -0.000600957 0 0 0 
2656 -0.000673583 0 0 0 0 -0.000673583 -0.000673583 0 0 0 
2688 -0.000541842 0 0 0 0 -0.000541842 -0.000541842 0 0 0 
2720 -0.000652242 0 0 0 0 -0.000652242 -0.000652242 0 0 0 
2752 -0.000494232 0 0 0 0 -0.000494232 -0.000494232 0 0 0 
2784 -0.000542455 0 0 0 0 -0.000542455 -0.000542455 0 0 0 
2816 -0.000685459 0 0 0 0 -0.000685459 -0.000685459 0 0 0 
2848 -0.000670763 0 0 0 0 -0.000670763 -0.000670763 0 0 0 
2880 -0.000687326 0 0 0 0 -0.000687326 -0.000687326 0 0 0 
2912 -0.000694036 0 0 0 0 -0.000694036 -0.000694036 0 0 0 
2944 -0.000571504 0 0 0 0 -0.000571504 -0.000571504 0 0 0 
2976 -0.000668973 0 0 0 0 -0.000668973 -0.000668973 0 0 0 
3008 -0.000623729 0 0 0 0 -0.000623729 -0.000623729 0 0 0 
3040 -0.000767274 0 0 0 0 -0.000767274 -0.000767274 0 0 0 
3072 -0.000757036 0 0 0 0 -0.000757036 -0.000757036 0 0 0 
3104 -0.000661291 0 0 0 0 -0.000661291 -0.000661291 0 0 0 
3136 -0.000655004 0 0 0 0 -0.000655004 -0.000655004 0 0 0 
3168 -0.000661735 0 0 0 0 -0.000661735 -0.000661735 0 0 0 
