0 0 0 0 0 0 0 0 0 0 0 0 0 0 0 0 0 0 0 0 0 0 0 0 0 0 0 0 0 0 0 0 0 0 0 0 0 0 0 0 0 0 
16 0.00780493 -0.00440736 0.00440737 0 0 0 0 0 0 0 0 0 0 0 0 0 0 0 0 0 0 0.00766885 -0.00446493 0.00446493 0.00780493 -0.00440736 0.00440737 0.000296752 0.000232854 0 0 0 0 0 0 0 0 0.000272408 0.000273439 0.000296752 0.000232854 
32 0.000649793 0.000410417 -0.000410405 0 0 0 0 0 0 0 0 0 0 0 0 0 0 0 0 0 0 0.000668544 0.000341735 -0.000341723 0.000649793 0.000410417 -0.000410405 0.000585406 4.23158e-05 0 0 0 0 0 0 0 0 0.000558195 0.000179982 0.000585406 4.23158e-05 
48 0.00566567 -0.00318655 0.00318657 0 0 0 0 0 0 0 0 0 0 0 0 0 0 0 0 0 0 0.00555554 -0.00320486 0.00320486 0.00566567 -0.00318655 0.00318657 0.00039455 0.000290257 0 0 0 0 0 0 0 0 0.000375718 0.000447404 0.00039455 0.000290257 
64 0.00235112 -0.000637324 0.00063733 0 0 0 0 0 0 0 0 0 0 0 0 0 0 0 0 0 0 0.00224998 -0.000693501 0.000693503 0.00235112 -0.000637324 0.00063733 0.00053944 0.000716474 0 0 0 0 0 0 0 0 0.00049466 0.00080937 0.00053944 0.000716474 
80 0.00423126 -0.00199469 0.00199469 0 0 0 0 0 0 0 0 0 0 0 0 0 0 0 0 0 0 0.00413693 -0.00203591 0.0020359 0.00423126 -0.00199469 0.00199469 0.000488803 0.000487071 0 0 0 0 0 0 0 0 0.000400886 0.000652215 0.000488803 0.000487071 
96 0.00321416 -0.00163025 0.00163026 0 0 0 0 0 0 0 0 0 0 0 0 0 0 0 0 0 0 0.00308078 -0.00169797 0.00169799 0.00321416 -0.00163025 0.00163026 0.000491048 0.000515734 0 0 0 0 0 0 0 0 0.000432446 0.00067593 0.000491048 0.000515734 
112 0.00343376 -0.00181434 0.00181436 0 0 0 0 0 0 0 0 0 0 0 0 0 0 0 0 0 0 0.00332093 -0.00190838 0.0019084 0.00343376 -0.00181434 0.00181436 0.000727715 0.000825118 0 0 0 0 0 0 0 0 0.000679717 0.000949504 0.000727715 0.000825118 
128 0.00269633 -0.00125588 0.00125587 0 0 0 0 0 0 0 0 0 0 0 0 0 0 0 0 0 0 0.00260794 -0.00134841 0.00134841 0.00269633 -0.00125588 0.00125587 0.000670181 0.000561471 0 0 0 0 0 0 0 0 0.000581538 0.000720342 0.000670181 0.000561471 
144 0.00472561 -0.00212955 0.00212956 0 0 0 0 0 0 0 0 0 0 0 0 0 0 0 0 0 0 0.00462727 -0.00218841 0.0021884 0.00472561 -0.00212955 0.00212956 0.000476103 0.000815096 0 0 0 0 0 0 0 0 0.00040728 0.000972959 0.000476103 0.000815096 
160 0.00279384 -0.00131527 0.00131529 0 0 0 0 0 0 0 0 0 0 0 0 0 0 0 0 0 0 0.00276166 -0.00135219 0.00135219 0.00279384 -0.00131527 0.00131529 0.000706941 0.000626881 0 0 0 0 0 0 0 0 0.000664721 0.000771123 0.000706941 0.000626881 
176 0.00386328 -0.0019397 0.00193971 0 0 0 0 0 0 0 0 0 0 0 0 0 0 0 0 0 0 0.00375399 -0.00194616 0.00194617 0.00386328 -0.0019397 0.00193971 0.000549243 -9.80133e-05 0 0 0 0 0 0 0 0 0.000457537 4.08329e-05 0.000549243 -9.80133e-05 
192 0.00311518 -0.00173337 0.00173337 0 0 0 0 0 0 0 0 0 0 0 0 0 0 0 0 0 0 0.00307422 -0.00181627 0.00181628 0.00311518 -0.00173337 0.00173337 3.57513e-05 0.000463483 0 0 0 0 0 0 0 0 -9.15693e-05 0.000614051 3.57513e-05 0.000463483 
208 0.00396252 -0.00179938 0.00179939 0 0 0 0 0 0 0 0 0 0 0 0 0 0 0 0 0 0 0.00388896 -0.00187692 0.00187693 0.00396252 -0.00179938 0.00179939 -0.000474696 0.000645637 0 0 0 0 0 0 0 0 -0.000569967 0.000776981 -0.000474696 0.000645637 
224 0.00372489 -0.00138353 0.00138353 0 0 0 0 0 0 0 0 0 0 0 0 0 0 0 0 0 0 0.00362714 -0.00145637 0.00145638 0.00372489 -0.00138353 0.00138353 -0.000471627 0.000390718 0 0 0 0 0 0 0 0 -0.000519154 0.000471881 -0.000471627 0.000390718 
240 0.00366901 -0.0010905 0.00109052 0 0 0 0 0 0 0 0 0 0 0 0 0 0 0 0 0 0 0.0035721 -0.00121205 0.00121206 0.00366901 -0.0010905 0.00109052 -0.000478264 0.000531043 0 0 0 0 0 0 0 0 -0.000565142 0.000629124 -0.000478264 0.000531043 
256 0.00400458 -0.00196486 0.00196487 0 0 0 0 0 0 0 0 0 0 0 0 0 0 0 0 0 0 0.00388117 -0.00212522 0.00212522 0.00400458 -0.00196486 0.00196487 -0.000358057 0.000523379 0 0 0 0 0 0 0 0 -0.000448871 0.000617225 -0.000358057 0.000523379 
272 0.00353957 -0.00154786 0.00154787 0 0 0 0 0 0 0 0 0 0 0 0 0 0 0 0 0 0 0.00340772 -0.00170502 0.00170504 0.00353957 -0.00154786 0.00154787 -4.52942e-05 0.00029036 0 0 0 0 0 0 0 0 -0.000175375 0.000408652 -4.52942e-05 0.00029036 
288 0.00343728 -0.00190742 0.00190743 0 0 0 0 0 0 0 0 0 0 0 0 0 0 0 0 0 0 0.00335117 -0.00204833 0.00204833 0.00343728 -0.00190742 0.00190743 -0.000445607 0.000138907 0 0 0 0 0 0 0 0 -0.000601371 0.000313002 -0.000445607 0.000138907 
304 0.00358409 -0.00234593 0.00234594 0 0 0 0 0 0 0 0 0 0 0 0 0 0 0 0 0 0 0.00345311 -0.00244181 0.00244181 0.00358409 -0.00234593 0.00234594 -0.000739634 -8.1005e-05 0 0 0 0 0 0 0 0 -0.00089959 3.63246e-05 -0.000739634 -8.1005e-05 
320 0.00367232 -0.00180871 0.00180873 0 0 0 0 0 0 0 0 0 0 0 0 0 0 0 0 0 0 0.00366768 -0.00199253 0.00199253 0.00367232 -0.00180871 0.00180873 -0.00040917 0.000195991 0 0 0 0 0 0 0 0 -0.000557281 0.000299335 -0.00040917 0.000195991 
336 0.00329677 -0.00141988 0.00141989 0 0 0 0 0 0 0 0 0 0 0 0 0 0 0 0 0 0 0.00316617 -0.00146752 0.00146753 0.00329677 -0.00141988 0.00141989 -0.000267633 6.885e-05 0 0 0 0 0 0 0 0 -0.000448975 0.000188526 -0.000267633 6.885e-05 
352 0.00398734 -0.00212038 0.00212039 0 0 0 0 0 0 0 0 0 0 0 0 0 0 0 0 0 0 0.00395354 -0.00221724 0.00221724 0.00398734 -0.00212038 0.00212039 -0.000507179 0.00019496 0 0 0 0 0 0 0 0 -0.000709995 0.000303587 -0.000507179 0.00019496 
368 0.00329556 -0.00120707 0.00120708 0 0 0 0 0 0 0 0 0 0 0 0 0 0 0 0 0 0 0.00317787 -0.00127622 0.00127623 0.00329556 -0.00120707 0.00120708 -0.000607533 0.000599462 0 0 0 0 0 0 0 0 -0.000718314 0.000713118 -0.000607533 0.000599462 
384 0.00345096 -0.0017836 0.00178361 0 0 0 0 0 0 0 0 0 0 0 0 0 0 0 0 0 0 0.00338201 -0.00186197 0.00186198 0.00345096 -0.0017836 0.00178361 -0.00100604 0.000359504 0 0 0 0 0 0 0 0 -0.00104876 0.0004807 -0.00100604 0.000359504 
400 0.00343168 -0.00198788 0.0019879 0 0 0 0 0 0 0 0 0 0 0 0 0 0 0 0 0 0 0.00339454 -0.00206492 0.00206494 0.00343168 -0.00198788 0.0019879 -0.000907671 0.000433212 0 0 0 0 0 0 0 0 -0.00103016 0.00053708 -0.000907671 0.000433212 
416 0.00315057 -0.0020838 0.00208382 0 0 0 0 0 0 0 0 0 0 0 0 0 0 0 0 0 0 0.00309858 -0.0021012 0.00210121 0.00315057 -0.0020838 0.00208382 -0.00105265 0.000618068 0 0 0 0 0 0 0 0 -0.0012007 0.000753481 -0.00105265 0.000618068 
432 0.00306088 -0.00147604 0.00147605 0 0 0 0 0 0 0 0 0 0 0 0 0 0 0 0 0 0 0.00308407 -0.00151087 0.00151088 0.00306088 -0.00147604 0.00147605 -0.00139806 0.000573284 0 0 0 0 0 0 0 0 -0.0015449 0.00066333 -0.00139806 0.000573284 
448 0.00370481 -0.00164393 0.00164395 0 0 0 0 0 0 0 0 0 0 0 0 0 0 0 0 0 0 0.00366704 -0.00169262 0.00169262 0.00370481 -0.00164393 0.00164395 -0.00162606 0.000617985 0 0 0 0 0 0 0 0 -0.00176274 0.000720706 -0.00162606 0.000617985 
464 0.00389655 -0.00231944 0.00231946 0 0 0 0 0 0 0 0 0 0 0 0 0 0 0 0 0 0 0.00378377 -0.00238986 0.00238986 0.00389655 -0.00231944 0.00231946 -0.00159788 0.000266194 0 0 0 0 0 0 0 0 -0.00169567 0.000384049 -0.00159788 0.000266194 
480 0.00243032 -0.00156674 0.00156675 0 0 0 0 0 0 0 0 0 0 0 0 0 0 0 0 0 0 0.00236565 -0.00172317 0.00172318 0.00243032 -0.00156674 0.00156675 -0.00207875 0.000108626 0 0 0 0 0 0 0 0 -0.0021496 0.000226325 -0.00207875 0.000108626 
496 0.00371851 -0.00187622 0.00187622 0 0 0 0 0 0 0 0 0 0 0 0 0 0 0 0 0 0 0.00360508 -0.0019688 0.0019688 0.00371851 -0.00187622 0.00187622 -0.00270992 0.000425155 0 0 0 0 0 0 0 0 -0.00278833 0.000553969 -0.00270992 0.000425155 
512 0.00363637 -0.0015374 0.00153741 0 0 0 0 0 0 0 0 0 0 0 0 0 0 0 0 0 0 0.0034986 -0.00156287 0.00156288 0.00363637 -0.0015374 0.00153741 -0.00319133 0.000565939 0 0 0 0 0 0 0 0 -0.00332916 0.000724596 -0.00319133 0.000565939 
528 0.00317814 -0.0017441 0.00174412 0 0 0 0 0 0 0 0 0 0 0 0 0 0 0 0 0 0 0.00317552 -0.00183452 0.00183452 0.00317814 -0.0017441 0.00174412 -0.00332723 3.55504e-05 0 0 0 0 0 0 0 0 -0.00347496 0.000217004 -0.00332723 3.55504e-05 
544 0.00372142 -0.00188295 0.00188298 0 0 0 0 0 0 0 0 0 0 0 0 0 0 0 0 0 0 0.00363466 -0.0019234 0.00192341 0.00372142 -0.00188295 0.00188298 -0.00420031 -2.185e-05 0 0 0 0 0 0 0 0 -0.00436016 7.13875e-05 -0.00420031 -2.185e-05 
560 0.00359721 -0.00155483 0.00155485 0 0 0 0 0 0 0 0 0 0 0 0 0 0 0 0 0 0 0.00349626 -0.00162348 0.00162348 0.00359721 -0.00155483 0.00155485 -0.00445417 2.8255e-05 0 0 0 0 0 0 0 0 -0.00457838 0.000112799 -0.00445417 2.8255e-05 
576 0.00362621 -0.00204728 0.0020473 0 0 0 0 0 0 0 0 0 0 0 0 0 0 0 0 0 0 0.0034403 -0.00215057 0.00215058 0.00362621 -0.00204728 0.0020473 -0.00415039 7.37563e-05 0 0 0 0 0 0 0 0 -0.00423006 0.000233138 -0.00415039 7.37563e-05 
592 0.00327171 -0.00201637 0.00201639 0 0 0 0 0 0 0 0 0 0 0 0 0 0 0 0 0 0 0.0031425 -0.00222572 0.00222574 0.00327171 -0.00201637 0.00201639 -0.00496667 -5.15917e-05 0 0 0 0 0 0 0 0 -0.0050617 0.000108174 -0.00496667 -5.15917e-05 
608 0.00340946 -0.00182909 0.0018291 0 0 0 0 0 0 0 0 0 0 0 0 0 0 0 0 0 0 0.00320362 -0.00194519 0.0019452 0.00340946 -0.00182909 0.0018291 -0.00574971 -0.000162441 0 0 0 0 0 0 0 0 -0.00584181 -3.60608e-05 -0.00574971 -0.000162441 
624 0.00390293 -0.00196379 0.00196381 0 0 0 0 0 0 0 0 0 0 0 0 0 0 0 0 0 0 0.0037716 -0.00203282 0.00203283 0.00390293 -0.00196379 0.00196381 -0.00609213 4.08321e-05 0 0 0 0 0 0 0 0 -0.00617924 0.000179871 -0.00609213 4.08321e-05 
640 0.00382983 -0.0021971 0.0021971 0 0 0 0 0 0 0 0 0 0 0 0 0 0 0 0 0 0 0.00373692 -0.00227409 0.00227409 0.00382983 -0.0021971 0.0021971 -0.00665778 0.000128664 0 0 0 0 0 0 0 0 -0.00670918 0.000216298 -0.00665778 0.000128664 
656 0.00309973 -0.00192299 0.001923 0 0 0 0 0 0 0 0 0 0 0 0 0 0 0 0 0 0 0.00299267 -0.00198122 0.00198121 0.00309973 -0.00192299 0.001923 -0.00783601 0.000419042 0 0 0 0 0 0 0 0 -0.00781453 0.000491015 -0.00783601 0.000419042 
672 0.00340398 -0.00184552 0.00184554 0 0 0 0 0 0 0 0 0 0 0 0 0 0 0 0 0 0 0.00330433 -0.00191157 0.00191158 0.00340398 -0.00184552 0.00184554 -0.00902885 0.000278469 0 0 0 0 0 0 0 0 -0.00903934 0.000353048 -0.00902885 0.000278469 
688 0.00415935 -0.00236857 0.00236858 0 0 0 0 0 0 0 0 0 0 0 0 0 0 0 0 0 0 0.00397579 -0.00239764 0.00239765 0.00415935 -0.00236857 0.00236858 -0.00935314 0.000358361 0 0 0 0 0 0 0 0 -0.00937598 0.00040548 -0.00935314 0.000358361 
704 0.00303059 -0.00199825 0.00199827 0 0 0 0 0 0 0 0 0 0 0 0 0 0 0 0 0 0 0.00293908 -0.00202442 0.00202442 0.00303059 -0.00199825 0.00199827 -0.0104335 0.000339981 0 0 0 0 0 0 0 0 -0.0104325 0.00044548 -0.0104335 0.000339981 
720 0.0033207 -0.0022912 0.00229121 0 0 0 0 0 0 0 0 0 0 0 0 0 0 0 0 0 0 0.00318323 -0.00228356 0.00228357 0.0033207 -0.0022912 0.00229121 -0.0120319 0.000325266 0 0 0 0 0 0 0 0 -0.0120441 0.000423796 -0.0120319 0.000325266 
736 0.00309128 -0.00208968 0.00208969 0 0 0 0 0 0 0 0 0 0 0 0 0 0 0 0 0 0 0.00288339 -0.00214249 0.00214249 0.00309128 -0.00208968 0.00208969 -0.0128823 0.000474529 0 0 0 0 0 0 0 0 -0.0128764 0.000510685 -0.0128823 0.000474529 
752 0.00317229 -0.00213224 0.00213225 0 0 0 0 0 0 0 0 0 0 0 0 0 0 0 0 0 0 0.00301891 -0.00229382 0.00229381 0.00317229 -0.00213224 0.00213225 -0.0140728 0.000355691 0 0 0 0 0 0 0 0 -0.014038 0.000379012 -0.0140728 0.000355691 
768 0.00315034 -0.00181112 0.00181112 0 0 0 0 0 0 0 0 0 0 0 0 0 0 0 0 0 0 0.00298856 -0.00191134 0.00191134 0.00315034 -0.00181112 0.00181112 -0.0152988 0.000447818 0 0 0 0 0 0 0 0 -0.0152956 0.000518947 -0.0152988 0.000447818 
784 0.00393085 -0.00206454 0.00206456 0 0 0 0 0 0 0 0 0 0 0 0 0 0 0 0 0 0 0.00379579 -0.00215418 0.00215419 0.00393085 -0.00206454 0.00206456 -0.0168007 0.000482352 0 0 0 0 0 0 0 0 -0.0167936 0.000566585 -0.0168007 0.000482352 
800 0.00269942 -0.000826435 0.000826443 0 0 0 0 0 0 0 0 0 0 0 0 0 0 0 0 0 0 0.00256276 -0.000834214 0.000834213 0.00269942 -0.000826435 0.000826443 -0.0185856 0.000606874 0 0 0 0 0 0 0 0 -0.0185591 0.0006943 -0.0185856 0.000606874 
816 0.00430149 -0.00172679 0.00172681 0 0 0 0 0 0 0 0 0 0 0 0 0 0 0 0 0 0 0.00420838 -0.0017622 0.00176221 0.00430149 -0.00172679 0.00172681 -0.0202483 0.000323262 0 0 0 0 0 0 0 0 -0.0201607 0.000401908 -0.0202483 0.000323262 
832 0.00363581 -0.00157324 0.00157326 0 0 0 0 0 0 0 0 0 0 0 0 0 0 0 0 0 0 0.00346173 -0.00161141 0.00161142 0.00363581 -0.00157324 0.00157326 -0.0225112 0.000227122 0 0 0 0 0 0 0 0 -0.0223905 0.000261866 -0.0225112 0.000227122 
848 0.00309433 -0.00185957 0.00185957 0 0 0 0 0 0 0 0 0 0 0 0 0 0 0 0 0 0 0.00291584 -0.00193513 0.00193516 0.00309433 -0.00185957 0.00185957 -0.025002 0.000307098 0 0 0 0 0 0 0 0 -0.0249 0.000367856 -0.025002 0.000307098 
864 0.00389001 -0.00193987 0.00193986 0 0 0 0 0 0 0 0 0 0 0 0 0 0 0 0 0 0 0.00367574 -0.00202001 0.00202001 0.00389001 -0.00193987 0.00193986 -0.0275338 0.000862442 0 0 0 0 0 0 0 0 -0.0274257 0.000904532 -0.0275338 0.000862442 
880 0.0034238 -0.00149011 0.00149013 0 0 0 0 0 0 0 0 0 0 0 0 0 0 0 0 0 0 0.00322578 -0.00163621 0.00163622 0.0034238 -0.00149011 0.00149013 -0.0306786 0.00105873 0 0 0 0 0 0 0 0 -0.0306137 0.00109877 -0.0306786 0.00105873 
896 0.0029608 -0.00137511 0.00137512 0 0 0 0 0 0 0 0 0 0 0 0 0 0 0 0 0 0 0.00269802 -0.00148495 0.00148496 0.0029608 -0.00137511 0.00137512 -0.0335849 0.000728717 0 0 0 0 0 0 0 0 -0.0335109 0.000780146 -0.0335849 0.000728717 
912 0.00399508 -0.00185809 0.0018581 0 0 0 0 0 0 0 0 0 0 0 0 0 0 0 0 0 0 0.00373979 -0.00193305 0.00193305 0.00399508 -0.00185809 0.0018581 -0.0361386 0.000606429 0 0 0 0 0 0 0 0 -0.0359567 0.000675425 -0.0361386 0.000606429 
928 0.00308628 -0.00148459 0.00148458 0 0 0 0 0 0 0 0 0 0 0 0 0 0 0 0 0 0 0.00291961 -0.00155936 0.00155939 0.00308628 -0.00148459 0.00148458 -0.0395739 0.000846137 0 0 0 0 0 0 0 0 -0.0393195 0.000893942 -0.0395739 0.000846137 
944 0.00379557 -0.00118247 0.00118248 0 0 0 0 0 0 0 0 0 0 0 0 0 0 0 0 0 0 0.00355322 -0.00120831 0.0012083 0.00379557 -0.00118247 0.00118248 -0.0433065 0.00104656 0 0 0 0 0 0 0 0 -0.0430804 0.00112088 -0.0433065 0.00104656 
960 0.00434445 -0.00090655 0.000906548 0 0 0 0 0 0 0 0 0 0 0 0 0 0 0 0 0 0 0.0041619 -0.000972929 0.000972932 0.00434445 -0.00090655 0.000906548 -0.0465985 0.00134738 0 0 0 0 0 0 0 0 -0.0464026 0.00144298 -0.0465985 0.00134738 
976 0.00391139 -0.000741944 0.00074196 0 0 0 0 0 0 0 0 0 0 0 0 0 0 0 0 0 0 0.00365531 -0.000727244 0.000727245 0.00391139 -0.000741944 0.00074196 -0.0497637 0.00150438 0 0 0 0 0 0 0 0 -0.0495633 0.00163019 -0.0497637 0.00150438 
992 0.00414395 -0.00123558 0.00123559 0 0 0 0 0 0 0 0 0 0 0 0 0 0 0 0 0 0 0.00397426 -0.00125338 0.00125338 0.00414395 -0.00123558 0.00123559 -0.0528973 0.00170817 0 0 0 0 0 0 0 0 -0.0526667 0.00177052 -0.0528973 0.00170817 
1008 0.00419796 -0.000924452 0.000924458 0 0 0 0 0 0 0 0 0 0 0 0 0 0 0 0 0 0 0.00395958 -0.000916272 0.000916273 0.00419796 -0.000924452 0.000924458 -0.0565558 0.00168091 0 0 0 0 0 0 0 0 -0.056283 0.00167936 -0.0565558 0.00168091 
1024 0.00397904 -0.000691096 0.000691106 0 0 0 0 0 0 0 0 0 0 0 0 0 0 0 0 0 0 0.00367257 -0.000770823 0.000770824 0.00397904 -0.000691096 0.000691106 -0.0603558 0.0018086 0 0 0 0 0 0 0 0 -0.0600368 0.00180088 -0.0603558 0.0018086 
1040 0.00395796 -0.00120952 0.00120953 0 0 0 0 0 0 0 0 0 0 0 0 0 0 0 0 0 0 0.00363576 -0.00134137 0.00134136 0.00395796 -0.00120952 0.00120953 -0.0635439 0.00265389 0 0 0 0 0 0 0 0 -0.0631722 0.00272053 -0.0635439 0.00265389 
1056 0.00375445 -0.00105197 0.00105198 0 0 0 0 0 0 0 0 0 0 0 0 0 0 0 0 0 0 0.00342985 -0.00112093 0.00112092 0.00375445 -0.00105197 0.00105198 -0.0666695 0.00282367 0 0 0 0 0 0 0 0 -0.066319 0.00292053 -0.0666695 0.00282367 
1072 0.00419746 -0.00135793 0.00135795 0 0 0 0 0 0 0 0 0 0 0 0 0 0 0 0 0 0 0.00389393 -0.00148513 0.00148514 0.00419746 -0.00135793 0.00135795 -0.069942 0.00241289 0 0 0 0 0 0 0 0 -0.0695053 0.00251041 -0.069942 0.00241289 
1088 0.00394656 -0.000732256 0.000732259 0 0 0 0 0 0 0 0 0 0 0 0 0 0 0 0 0 0 0.0036972 -0.00092119 0.000921189 0.00394656 -0.000732256 0.000732259 -0.0729207 0.00276017 0 0 0 0 0 0 0 0 -0.0724212 0.00278252 -0.0729207 0.00276017 
1104 0.00486647 -0.000942075 0.000942077 0 0 0 0 0 0 0 0 0 0 0 0 0 0 0 0 0 0 0.00449288 -0.00110786 0.00110787 0.00486647 -0.000942075 0.000942077 -0.0754687 0.00316417 0 0 0 0 0 0 0 0 -0.0749464 0.00318483 -0.0754687 0.00316417 
1120 0.00412267 -0.000364214 0.00036424 0 0 0 0 0 0 0 0 0 0 0 0 0 0 0 0 0 0 0.00369624 -0.00053515 0.000535163 0.00412267 -0.000364214 0.00036424 -0.0778376 0.00305912 0 0 0 0 0 0 0 0 -0.0773139 0.00306238 -0.0778376 0.00305912 
1136 0.00484376 -0.000530729 0.000530732 0 0 0 0 0 0 0 0 0 0 0 0 0 0 0 0 0 0 0.00444093 -0.000718754 0.000718747 0.00484376 -0.000530729 0.000530732 -0.0790019 0.00337725 0 0 0 0 0 0 0 0 -0.0784345 0.00337165 -0.0790019 0.00337725 
1152 0.00477955 -0.000383496 0.000383503 0 0 0 0 0 0 0 0 0 0 0 0 0 0 0 0 0 0 0.00432969 -0.000535574 0.000535579 0.00477955 -0.000383496 0.000383503 -0.0806237 0.00329787 0 0 0 0 0 0 0 0 -0.0799675 0.00330437 -0.0806237 0.00329787 
1168 0.00430687 -0.00110592 0.00110591 0 0 0 0 0 0 0 0 0 0 0 0 0 0 0 0 0 0 0.00383066 -0.00124951 0.0012495 0.00430687 -0.00110592 0.00110591 -0.0818225 0.00334297 0 0 0 0 0 0 0 0 -0.0811265 0.0034036 -0.0818225 0.00334297 
1184 0.00381729 -0.00122782 0.00122782 0 0 0 0 0 0 0 0 0 0 0 0 0 0 0 0 0 0 0.00331075 -0.00133291 0.0013329 0.00381729 -0.00122782 0.00122782 -0.0814908 0.00339809 0 0 0 0 0 0 0 0 -0.0808411 0.00349209 -0.0814908 0.00339809 
1200 0.00413561 -0.000751809 0.000751823 0 0 0 0 0 0 0 0 0 0 0 0 0 0 0 0 0 0 0.00364167 -0.000854763 0.000854766 0.00413561 -0.000751809 0.000751823 -0.0806264 0.0034281 0 0 0 0 0 0 0 0 -0.0799751 0.00349156 -0.0806264 0.0034281 
1216 0.00433093 -0.000923041 0.000923032 0 0 0 0 0 0 0 0 0 0 0 0 0 0 0 0 0 0 0.00384355 -0.00110601 0.00110601 0.00433093 -0.000923041 0.000923032 -0.0793528 0.00320843 0 0 0 0 0 0 0 0 -0.0786142 0.00327827 -0.0793528 0.00320843 
1232 0.00435477 -0.00101468 0.00101471 0 0 0 0 0 0 0 0 0 0 0 0 0 0 0 0 0 0 0.00366439 -0.00118549 0.00118551 0.00435477 -0.00101468 0.00101471 -0.0761439 0.00289969 0 0 0 0 0 0 0 0 -0.0753732 0.00299509 -0.0761439 0.00289969 
1248 0.00439926 -0.000524229 0.00052425 0 0 0 0 0 0 0 0 0 0 0 0 0 0 0 0 0 0 0.00376643 -0.000687296 0.000687305 0.00439926 -0.000524229 0.00052425 -0.0727827 0.00267107 0 0 0 0 0 0 0 0 -0.0720519 0.00277978 -0.0727827 0.00267107 
1264 0.00498268 -0.000276836 0.000276846 0 0 0 0 0 0 0 0 0 0 0 0 0 0 0 0 0 0 0.0043715 -0.000416253 0.000416255 0.00498268 -0.000276836 0.000276846 -0.0682184 0.00249506 0 0 0 0 0 0 0 0 -0.0676046 0.0026117 -0.0682184 0.00249506 
1280 0.00527149 -0.000361444 0.000361457 0 0 0 0 0 0 0 0 0 0 0 0 0 0 0 0 0 0 0.0045813 -0.000500795 0.000500802 0.00527149 -0.000361444 0.000361457 -0.0628942 0.00205745 0 0 0 0 0 0 0 0 -0.0623922 0.00216253 -0.0628942 0.00205745 
1296 0.00506731 -0.000302464 0.000302468 0 0 0 0 0 0 0 0 0 0 0 0 0 0 0 0 0 0 0.00437989 -0.000507976 0.000507976 0.00506731 -0.000302464 0.000302468 -0.0566484 0.00154077 0 0 0 0 0 0 0 0 -0.0561786 0.00161228 -0.0566484 0.00154077 
1312 0.00506981 1.36875e-05 -1.36646e-05 0 0 0 0 0 0 0 0 0 0 0 0 0 0 0 0 0 0 0.00420649 -6.98104e-05 6.98275e-05 0.00506981 1.36875e-05 -1.36646e-05 -0.0499675 0.00167243 0 0 0 0 0 0 0 0 -0.0495459 0.00176181 -0.0499675 0.00167243 
1328 0.0055259 -0.000166499 0.0001665 0 0 0 0 0 0 0 0 0 0 0 0 0 0 0 0 0 0 0.00465245 -0.000129378 0.000129392 0.0055259 -0.000166499 0.0001665 -0.0432118 0.00131494 0 0 0 0 0 0 0 0 -0.0428957 0.00149158 -0.0432118 0.00131494 
1344 0.00536177 -0.000472225 0.000472234 0 0 0 0 0 0 0 0 0 0 0 0 0 0 0 0 0 0 0.00438581 -0.000282952 0.000282958 0.00536177 -0.000472225 0.000472234 -0.0347063 0.00114303 0 0 0 0 0 0 0 0 -0.034417 0.00132712 -0.0347063 0.00114303 
1360 0.00553474 -0.000623481 0.000623499 0 0 0 0 0 0 0 0 0 0 0 0 0 0 0 0 0 0 0.00450402 -0.000311814 0.000311819 0.00553474 -0.000623481 0.000623499 -0.025736 0.00103095 0 0 0 0 0 0 0 0 -0.0255819 0.00122071 -0.025736 0.00103095 
1376 0.00510246 -0.000288068 0.000288078 0 0 0 0 0 0 0 0 0 0 0 0 0 0 0 0 0 0 0.00354734 0.000562939 -0.000562932 0.00510246 -0.000288068 0.000288078 -0.0174015 0.000838279 0 0 0 0 0 0 0 0 -0.0177475 0.00106026 -0.0174015 0.000838279 
1392 0.00617958 -0.000307892 0.000307896 0 0 0 0 0 0 0 0 0 0 0 0 0 0 0 0 0 0 0.00554854 4.42183e-05 -4.42117e-05 0.00617958 -0.000307892 0.000307896 -0.008893 0.000959976 0 0 0 0 0 0 0 0 -0.00989506 0.00111185 -0.008893 0.000959976 
1408 0.00641088 0.00052403 -0.000524024 0 0 0 0 0 0 0 0 0 0 0 0 0 0 0 0 0 0 0.00566491 0.000928106 -0.000928112 0.00641088 0.00052403 -0.000524024 -0.000776218 0.000795885 0 0 0 0 0 0 0 0 -0.00199778 0.000911225 -0.000776218 0.000795885 
1424 0.0065876 0.000999607 -0.000999598 0 0 0 0 0 0 0 0 0 0 0 0 0 0 0 0 0 0 0.00508828 0.00175792 -0.00175792 0.0065876 0.000999607 -0.000999598 0.00705656 0.000895334 0 0 0 0 0 0 0 0 0.00601663 0.00105246 0.00705656 0.000895334 
1440 0.00723422 0.000809591 -0.000809581 0 0 0 0 0 0 0 0 0 0 0 0 0 0 0 0 0 0 0.00607825 0.0010795 -0.00107951 0.00723422 0.000809591 -0.000809581 0.0151633 0.00141968 0 0 0 0 0 0 0 0 0.0142025 0.00155436 0.0151633 0.00141968 
1456 0.00713794 0.0012274 -0.00122737 0 0 0 0 0 0 0 0 0 0 0 0 0 0 0 0 0 0 0.00605186 0.00125058 -0.00125057 0.00713794 0.0012274 -0.00122737 0.0222107 0.00178944 0 0 0 0 0 0 0 0 0.0210784 0.00186611 0.0222107 0.00178944 
1472 0.00741403 0.00105162 -0.0010516 0 0 0 0 0 0 0 0 0 0 0 0 0 0 0 0 0 0 0.0063364 0.000975095 -0.000975075 0.00741403 0.00105162 -0.0010516 0.0284787 0.00233163 0 0 0 0 0 0 0 0 0.0271537 0.00230962 0.0284787 0.00233163 
1488 0.00814099 0.00146736 -0.00146734 0 0 0 0 0 0 0 0 0 0 0 0 0 0 0 0 0 0 0.00727032 0.00124587 -0.00124587 0.00814099 0.00146736 -0.00146734 0.0348591 0.0026133 0 0 0 0 0 0 0 0 0.0334154 0.00264239 0.0348591 0.0026133 
1504 0.00841023 0.00165205 -0.00165204 0 0 0 0 0 0 0 0 0 0 0 0 0 0 0 0 0 0 0.00756948 0.00156146 -0.00156146 0.00841023 0.00165205 -0.00165204 0.0405604 0.00273363 0 0 0 0 0 0 0 0 0.0391094 0.00281929 0.0405604 0.00273363 
1520 0.0079744 0.00185906 -0.00185904 0 0 0 0 0 0 0 0 0 0 0 0 0 0 0 0 0 0 0.00728598 0.00177363 -0.00177363 0.0079744 0.00185906 -0.00185904 0.0456568 0.00296363 0 0 0 0 0 0 0 0 0.0442181 0.0030251 0.0456568 0.00296363 
1536 0.00794863 0.00195678 -0.00195677 0 0 0 0 0 0 0 0 0 0 0 0 0 0 0 0 0 0 0.00726791 0.00190109 -0.00190109 0.00794863 0.00195678 -0.00195677 0.0502375 0.003027 0 0 0 0 0 0 0 0 0.0487435 0.00301041 0.0502375 0.003027 
1552 0.00912701 0.00169792 -0.00169789 0 0 0 0 0 0 0 0 0 0 0 0 0 0 0 0 0 0 0.00849212 0.00161605 -0.00161602 0.00912701 0.00169792 -0.00169789 0.0537782 0.00353336 0 0 0 0 0 0 0 0 0.0522138 0.00350507 0.0537782 0.00353336 
1568 0.00841792 0.00246441 -0.00246441 0 0 0 0 0 0 0 0 0 0 0 0 0 0 0 0 0 0 0.0077958 0.00229659 -0.00229658 0.00841792 0.00246441 -0.00246441 0.0567873 0.0044272 0 0 0 0 0 0 0 0 0.0551917 0.00436184 0.0567873 0.0044272 
1584 0.00911537 0.00169891 -0.00169889 0 0 0 0 0 0 0 0 0 0 0 0 0 0 0 0 0 0 0.00843593 0.00152623 -0.00152622 0.00911537 0.00169891 -0.00169889 0.0591338 0.00401385 0 0 0 0 0 0 0 0 0.0574821 0.00394413 0.0591338 0.00401385 
1600 0.0087664 0.00197509 -0.00197507 0 0 0 0 0 0 0 0 0 0 0 0 0 0 0 0 0 0 0.00818346 0.00179413 -0.00179414 0.0087664 0.00197509 -0.00197507 0.0604108 0.00385585 0 0 0 0 0 0 0 0 0.0587649 0.00383106 0.0604108 0.00385585 
1616 0.00902969 0.00191014 -0.00191013 0 0 0 0 0 0 0 0 0 0 0 0 0 0 0 0 0 0 0.00847745 0.00172477 -0.00172477 0.00902969 0.00191014 -0.00191013 0.0600551 0.00393882 0 0 0 0 0 0 0 0 0.0584755 0.00397608 0.0600551 0.00393882 
1632 0.00915592 0.00234834 -0.00234833 0 0 0 0 0 0 0 0 0 0 0 0 0 0 0 0 0 0 0.00866066 0.00216469 -0.00216469 0.00915592 0.00234834 -0.00234833 0.0590037 0.00430305 0 0 0 0 0 0 0 0 0.0574317 0.00431015 0.0590037 0.00430305 
1648 0.00944682 0.00230389 -0.00230388 0 0 0 0 0 0 0 0 0 0 0 0 0 0 0 0 0 0 0.00894477 0.00219091 -0.00219091 0.00944682 0.00230389 -0.00230388 0.0573644 0.00402404 0 0 0 0 0 0 0 0 0.0558436 0.00403952 0.0573644 0.00402404 
1664 0.00955101 0.00234754 -0.00234755 0 0 0 0 0 0 0 0 0 0 0 0 0 0 0 0 0 0 0.0091018 0.00222385 -0.00222385 0.00955101 0.00234754 -0.00234755 0.0543096 0.00407625 0 0 0 0 0 0 0 0 0.0528933 0.00411768 0.0543096 0.00407625 
1680 0.00973398 0.00272506 -0.00272505 0 0 0 0 0 0 0 0 0 0 0 0 0 0 0 0 0 0 0.00936315 0.00258698 -0.00258698 0.00973398 0.00272506 -0.00272505 0.0518422 0.00420758 0 0 0 0 0 0 0 0 0.0504958 0.00429739 0.0518422 0.00420758 
1696 0.00936725 0.00227496 -0.00227495 0 0 0 0 0 0 0 0 0 0 0 0 0 0 0 0 0 0 0.00892888 0.00218546 -0.00218546 0.00936725 0.00227496 -0.00227495 0.0492746 0.00375166 0 0 0 0 0 0 0 0 0.0479455 0.00382343 0.0492746 0.00375166 
1712 0.00919597 0.00192413 -0.00192412 0 0 0 0 0 0 0 0 0 0 0 0 0 0 0 0 0 0 0.00882357 0.0017665 -0.00176649 0.00919597 0.00192413 -0.00192412 0.0454211 0.00345917 0 0 0 0 0 0 0 0 0.0440835 0.00354018 0.0454211 0.00345917 
1728 0.00990634 0.00182034 -0.00182033 0 0 0 0 0 0 0 0 0 0 0 0 0 0 0 0 0 0 0.00957194 0.00168897 -0.00168897 0.00990634 0.00182034 -0.00182033 0.0421946 0.00381788 0 0 0 0 0 0 0 0 0.0408208 0.00392662 0.0421946 0.00381788 
1744 0.00965454 0.00228851 -0.0022885 0 0 0 0 0 0 0 0 0 0 0 0 0 0 0 0 0 0 0.0093111 0.0021933 -0.00219331 0.00965454 0.00228851 -0.0022885 0.038836 0.00345394 0 0 0 0 0 0 0 0 0.0374783 0.00350468 0.038836 0.00345394 
1760 0.00942685 0.0019187 -0.00191867 0 0 0 0 0 0 0 0 0 0 0 0 0 0 0 0 0 0 0.00908923 0.00178445 -0.00178443 0.00942685 0.0019187 -0.00191867 0.0345402 0.0027928 0 0 0 0 0 0 0 0 0.033297 0.00286094 0.0345402 0.0027928 
1776 0.00959809 0.00150605 -0.00150605 0 0 0 0 0 0 0 0 0 0 0 0 0 0 0 0 0 0 0.00913706 0.00137053 -0.00137052 0.00959809 0.00150605 -0.00150605 0.0313547 0.00241501 0 0 0 0 0 0 0 0 0.0301721 0.00249951 0.0313547 0.00241501 
1792 0.00940938 0.00172538 -0.00172537 0 0 0 0 0 0 0 0 0 0 0 0 0 0 0 0 0 0 0.00904477 0.00154346 -0.00154346 0.00940938 0.00172538 -0.00172537 0.0280548 0.00216219 0 0 0 0 0 0 0 0 0.0268811 0.00225151 0.0280548 0.00216219 
1808 0.0100195 0.00154578 -0.00154577 0 0 0 0 0 0 0 0 0 0 0 0 0 0 0 0 0 0 0.00956987 0.0014194 -0.0014194 0.0100195 0.00154578 -0.00154577 0.0246748 0.001754 0 0 0 0 0 0 0 0 0.0235687 0.00184027 0.0246748 0.001754 
1824 0.0104867 0.00203048 -0.00203045 0 0 0 0 0 0 0 0 0 0 0 0 0 0 0 0 0 0 0.0101232 0.00185295 -0.00185295 0.0104867 0.00203048 -0.00203045 0.021817 0.00206448 0 0 0 0 0 0 0 0 0.020741 0.00220555 0.021817 0.00206448 
1840 0.00997425 0.00201075 -0.00201074 0 0 0 0 0 0 0 0 0 0 0 0 0 0 0 0 0 0 0.00958029 0.00183666 -0.00183665 0.00997425 0.00201075 -0.00201074 0.0197641 0.00172211 0 0 0 0 0 0 0 0 0.018686 0.00189381 0.0197641 0.00172211 
1856 0.00975205 0.001507 -0.001507 0 0 0 0 0 0 0 0 0 0 0 0 0 0 0 0 0 0 0.00942024 0.00136963 -0.00136963 0.00975205 0.001507 -0.001507 0.0176962 0.00143119 0 0 0 0 0 0 0 0 0.0166089 0.00159491 0.0176962 0.00143119 
1872 0.0101709 0.00181631 -0.00181628 0 0 0 0 0 0 0 0 0 0 0 0 0 0 0 0 0 0 0.00981958 0.00177055 -0.00177053 0.0101709 0.00181631 -0.00181628 0.0155991 0.00177531 0 0 0 0 0 0 0 0 0.0145644 0.00194639 0.0155991 0.00177531 
1888 0.0101271 0.00145187 -0.00145186 0 0 0 0 0 0 0 0 0 0 0 0 0 0 0 0 0 0 0.00976184 0.00143747 -0.00143747 0.0101271 0.00145187 -0.00145186 0.0133999 0.00144359 0 0 0 0 0 0 0 0 0.0124299 0.00158426 0.0133999 0.00144359 
1904 0.00960212 0.00136478 -0.00136477 0 0 0 0 0 0 0 0 0 0 0 0 0 0 0 0 0 0 0.0093484 0.00130524 -0.00130524 0.00960212 0.00136478 -0.00136477 0.011952 0.00130979 0 0 0 0 0 0 0 0 0.010988 0.00142855 0.011952 0.00130979 
1920 0.0100566 0.00138233 -0.00138232 0 0 0 0 0 0 0 0 0 0 0 0 0 0 0 0 0 0 0.00972699 0.00140259 -0.00140259 0.0100566 0.00138233 -0.00138232 0.0108852 0.00175659 0 0 0 0 0 0 0 0 0.00997581 0.00189667 0.0108852 0.00175659 
1936 0.0101764 0.00172783 -0.00172782 0 0 0 0 0 0 0 0 0 0 0 0 0 0 0 0 0 0 0.00987918 0.00174889 -0.00174888 0.0101764 0.00172783 -0.00172782 0.00997785 0.00153928 0 0 0 0 0 0 0 0 0.00904975 0.0016987 0.00997785 0.00153928 
1952 0.0102193 0.00101428 -0.00101428 0 0 0 0 0 0 0 0 0 0 0 0 0 0 0 0 0 0 0.00994735 0.000957851 -0.000957859 0.0102193 0.00101428 -0.00101428 0.00919731 0.0012731 0 0 0 0 0 0 0 0 0.00828101 0.00140581 0.00919731 0.0012731 
1968 0.00996617 0.00130397 -0.00130395 0 0 0 0 0 0 0 0 0 0 0 0 0 0 0 0 0 0 0.00961914 0.00122564 -0.00122563 0.00996617 0.00130397 -0.00130395 0.00864393 0.00203111 0 0 0 0 0 0 0 0 0.00768262 0.0022208 0.00864393 0.00203111 
1984 0.0103382 0.00173654 -0.00173653 0 0 0 0 0 0 0 0 0 0 0 0 0 0 0 0 0 0 0.00998447 0.00167663 -0.00167663 0.0103382 0.00173654 -0.00173653 0.00793819 0.00158072 0 0 0 0 0 0 0 0 0.0069813 0.00172514 0.00793819 0.00158072 
2000 0.0103344 0.00159948 -0.00159947 0 0 0 0 0 0 0 0 0 0 0 0 0 0 0 0 0 0 0.0100206 0.00154023 -0.00154024 0.0103344 0.00159948 -0.00159947 0.00738585 0.00120395 0 0 0 0 0 0 0 0 0.00647303 0.00129502 0.00738585 0.00120395 
2016 0.0101987 0.00145071 -0.00145072 0 0 0 0 0 0 0 0 0 0 0 0 0 0 0 0 0 0 0.00987883 0.00141061 -0.00141061 0.0101987 0.00145071 -0.00145072 0.00732068 0.00123707 0 0 0 0 0 0 0 0 0.00637675 0.00141798 0.00732068 0.00123707 
2032 0.0104344 0.00148248 -0.00148248 0 0 0 0 0 0 0 0 0 0 0 0 0 0 0 0 0 0 0.0100967 0.00150455 -0.00150454 0.0104344 0.00148248 -0.00148248 0.00786538 0.00124232 0 0 0 0 0 0 0 0 0.00697641 0.00142899 0.00786538 0.00124232 
2048 0.0104895 0.00126903 -0.00126902 0 0 0 0 0 0 0 0 0 0 0 0 0 0 0 0 0 0 0.010267 0.0012641 -0.00126409 0.0104895 0.00126903 -0.00126902 0.00781338 0.00125815 0 0 0 0 0 0 0 0 0.00700804 0.00141108 0.00781338 0.00125815 
2064 0.00997609 0.00140891 -0.00140888 0 0 0 0 0 0 0 0 0 0 0 0 0 0 0 0 0 0 0.00964066 0.00143087 -0.00143086 0.00997609 0.00140891 -0.00140888 0.00705929 0.000949746 0 0 0 0 0 0 0 0 0.00629309 0.00107872 0.00705929 0.000949746 
2080 0.0106399 0.00188195 -0.00188194 0 0 0 0 0 0 0 0 0 0 0 0 0 0 0 0 0 0 0.0103939 0.00178948 -0.00178948 0.0106399 0.00188195 -0.00188194 0.00727765 0.00126709 0 0 0 0 0 0 0 0 0.00650613 0.00140353 0.00727765 0.00126709 
2096 0.0109168 0.00179018 -0.00179017 0 0 0 0 0 0 0 0 0 0 0 0 0 0 0 0 0 0 0.0106198 0.00178338 -0.00178337 0.0109168 0.00179018 -0.00179017 0.00795992 0.00190463 0 0 0 0 0 0 0 0 0.00715472 0.00200738 0.00795992 0.00190463 
2112 0.0107679 0.00194718 -0.00194717 0 0 0 0 0 0 0 0 0 0 0 0 0 0 0 0 0 0 0.010548 0.0019589 -0.0019589 0.0107679 0.00194718 -0.00194717 0.00751977 0.00174816 0 0 0 0 0 0 0 0 0.00666186 0.00184577 0.00751977 0.00174816 
2128 0.00984721 0.00180419 -0.00180417 0 0 0 0 0 0 0 0 0 0 0 0 0 0 0 0 0 0 0.00960237 0.001816 -0.00181598 0.00984721 0.00180419 -0.00180417 0.00669819 0.00133517 0 0 0 0 0 0 0 0 0.00586073 0.00144431 0.00669819 0.00133517 
2144 0.0104748 0.000858804 -0.000858793 0 0 0 0 0 0 0 0 0 0 0 0 0 0 0 0 0 0 0.0102045 0.000804135 -0.000804135 0.0104748 0.000858804 -0.000858793 0.00726251 0.00143333 0 0 0 0 0 0 0 0 0.0064476 0.00154811 0.00726251 0.00143333 
2160 0.0104737 0.00128693 -0.00128692 0 0 0 0 0 0 0 0 0 0 0 0 0 0 0 0 0 0 0.0101746 0.00125838 -0.00125838 0.0104737 0.00128693 -0.00128692 0.0080063 0.00168202 0 0 0 0 0 0 0 0 0.00719324 0.00178061 0.0080063 0.00168202 
2176 0.010013 0.00116088 -0.00116088 0 0 0 0 0 0 0 0 0 0 0 0 0 0 0 0 0 0 0.00973147 0.00116234 -0.00116235 0.010013 0.00116088 -0.00116088 0.00765429 0.00164232 0 0 0 0 0 0 0 0 0.00681929 0.00167585 0.00765429 0.00164232 
2192 0.0104037 0.000508663 -0.000508647 0 0 0 0 0 0 0 0 0 0 0 0 0 0 0 0 0 0 0.0102019 0.000504638 -0.000504636 0.0104037 0.000508663 -0.000508647 0.00723876 0.00156542 0 0 0 0 0 0 0 0 0.00637116 0.00159181 0.00723876 0.00156542 
2208 0.0102532 0.0011679 -0.00116788 0 0 0 0 0 0 0 0 0 0 0 0 0 0 0 0 0 0 0.01001 0.00113496 -0.00113495 0.0102532 0.0011679 -0.00116788 0.00755134 0.00155347 0 0 0 0 0 0 0 0 0.00667343 0.00155805 0.00755134 0.00155347 
2224 0.0103832 0.00125068 -0.00125067 0 0 0 0 0 0 0 0 0 0 0 0 0 0 0 0 0 0 0.0100853 0.00123213 -0.00123213 0.0103832 0.00125068 -0.00125067 0.00825673 0.00188166 0 0 0 0 0 0 0 0 0.00736996 0.00194566 0.00825673 0.00188166 
2240 0.00995575 0.000918839 -0.000918815 0 0 0 0 0 0 0 0 0 0 0 0 0 0 0 0 0 0 0.00978446 0.000820539 -0.000820523 0.00995575 0.000918839 -0.000918815 0.00797863 0.00198022 0 0 0 0 0 0 0 0 0.00710855 0.00203448 0.00797863 0.00198022 
2256 0.0102984 0.000959227 -0.000959223 0 0 0 0 0 0 0 0 0 0 0 0 0 0 0 0 0 0 0.0100753 0.00092978 -0.000929789 0.0102984 0.000959227 -0.000959223 0.00745924 0.00167835 0 0 0 0 0 0 0 0 0.00662757 0.00166483 0.00745924 0.00167835 
2272 0.010886 0.00143184 -0.00143184 0 0 0 0 0 0 0 0 0 0 0 0 0 0 0 0 0 0 0.0106767 0.0014202 -0.00142019 0.010886 0.00143184 -0.00143184 0.00769971 0.00169028 0 0 0 0 0 0 0 0 0.00683719 0.00171367 0.00769971 0.00169028 
2288 0.0104497 0.00149165 -0.00149164 0 0 0 0 0 0 0 0 0 0 0 0 0 0 0 0 0 0 0.0102621 0.00146591 -0.00146591 0.0104497 0.00149165 -0.00149164 0.00810802 0.00200226 0 0 0 0 0 0 0 0 0.00722548 0.00207395 0.00810802 0.00200226 
2304 0.0110341 0.000810547 -0.000810531 0 0 0 0 0 0 0 0 0 0 0 0 0 0 0 0 0 0 0.0108161 0.000796495 -0.00079648 0.0110341 0.000810547 -0.000810531 0.00759267 0.00215845 0 0 0 0 0 0 0 0 0.00673165 0.0021996 0.00759267 0.00215845 
2320 0.0107509 0.00135885 -0.00135885 0 0 0 0 0 0 0 0 0 0 0 0 0 0 0 0 0 0 0.0105152 0.00133749 -0.00133751 0.0107509 0.00135885 -0.00135885 0.00696674 0.00176664 0 0 0 0 0 0 0 0 0.00616609 0.00179939 0.00696674 0.00176664 
2336 0.0106879 0.00143687 -0.00143686 0 0 0 0 0 0 0 0 0 0 0 0 0 0 0 0 0 0 0.0104821 0.00142701 -0.00142701 0.0106879 0.00143687 -0.00143686 0.00797901 0.00186066 0 0 0 0 0 0 0 0 0.00718765 0.00190828 0.00797901 0.00186066 
2352 0.0107974 0.00114804 -0.00114803 0 0 0 0 0 0 0 0 0 0 0 0 0 0 0 0 0 0 0.0105652 0.00115707 -0.00115705 0.0107974 0.00114804 -0.00114803 0.0085182 0.00240475 0 0 0 0 0 0 0 0 0.00768334 0.00249549 0.0085182 0.00240475 
2368 0.0108989 0.000869042 -0.000869028 0 0 0 0 0 0 0 0 0 0 0 0 0 0 0 0 0 0 0.0106706 0.000889207 -0.000889206 0.0108989 0.000869042 -0.000869028 0.00780199 0.00214905 0 0 0 0 0 0 0 0 0.00693718 0.00224539 0.00780199 0.00214905 
2384 0.00967592 0.00107909 -0.00107909 0 0 0 0 0 0 0 0 0 0 0 0 0 0 0 0 0 0 0.009498 0.00109108 -0.00109107 0.00967592 0.00107909 -0.00107909 0.00778439 0.00155041 0 0 0 0 0 0 0 0 0.00693529 0.00165704 0.00778439 0.00155041 
2400 0.0108659 0.00038444 -0.000384442 0 0 0 0 0 0 0 0 0 0 0 0 0 0 0 0 0 0 0.0105741 0.000372327 -0.00037232 0.0108659 0.00038444 -0.000384442 0.00837211 0.00203601 0 0 0 0 0 0 0 0 0.00755804 0.00214136 0.00837211 0.00203601 
2416 0.0108244 0.00084893 -0.000848913 0 0 0 0 0 0 0 0 0 0 0 0 0 0 0 0 0 0 0.0106392 0.000736692 -0.000736686 0.0108244 0.00084893 -0.000848913 0.008509 0.00198547 0 0 0 0 0 0 0 0 0.00772568 0.00205089 0.008509 0.00198547 
2432 0.0106885 0.00112819 -0.00112818 0 0 0 0 0 0 0 0 0 0 0 0 0 0 0 0 0 0 0.0103956 0.00109917 -0.00109918 0.0106885 0.00112819 -0.00112818 0.00769824 0.00172045 0 0 0 0 0 0 0 0 0.00691554 0.00184164 0.00769824 0.00172045 
2448 0.0103423 0.000576723 -0.000576703 0 0 0 0 0 0 0 0 0 0 0 0 0 0 0 0 0 0 0.0101569 0.000530659 -0.000530657 0.0103423 0.000576723 -0.000576703 0.00692922 0.00189093 0 0 0 0 0 0 0 0 0.00613726 0.00203395 0.00692922 0.00189093 
2464 0.0103427 0.000286087 -0.000286075 0 0 0 0 0 0 0 0 0 0 0 0 0 0 0 0 0 0 0.0101322 0.000261228 -0.000261231 0.0103427 0.000286087 -0.000286075 0.00783004 0.00184712 0 0 0 0 0 0 0 0 0.00703394 0.00193615 0.00783004 0.00184712 
2480 0.0106714 0.000439904 -0.000439883 0 0 0 0 0 0 0 0 0 0 0 0 0 0 0 0 0 0 0.0105086 0.000463312 -0.000463304 0.0106714 0.000439904 -0.000439883 0.00795361 0.00185105 0 0 0 0 0 0 0 0 0.00712458 0.00194911 0.00795361 0.00185105 
2496 0.0102735 0.000246727 -0.000246718 0 0 0 0 0 0 0 0 0 0 0 0 0 0 0 0 0 0 0.0100689 0.000334734 -0.000334724 0.0102735 0.000246727 -0.000246718 0.00732564 0.0018479 0 0 0 0 0 0 0 0 0.00650133 0.00193863 0.00732564 0.0018479 
2512 0.0101708 0.000367667 -0.000367655 0 0 0 0 0 0 0 0 0 0 0 0 0 0 0 0 0 0 0.00997407 0.00043956 -0.00043956 0.0101708 0.000367667 -0.000367655 0.00819628 0.00206139 0 0 0 0 0 0 0 0 0.00744315 0.00214772 0.00819628 0.00206139 
2528 0.0101277 0.000601869 -0.000601854 0 0 0 0 0 0 0 0 0 0 0 0 0 0 0 0 0 0 0.0100002 0.000647702 -0.000647702 0.0101277 0.000601869 -0.000601854 0.00787332 0.00207535 0 0 0 0 0 0 0 0 0.00708695 0.00218618 0.00787332 0.00207535 
2544 0.0108585 0.000383242 -0.000383238 0 0 0 0 0 0 0 0 0 0 0 0 0 0 0 0 0 0 0.0106195 0.000479801 -0.000479802 0.0108585 0.000383242 -0.000383238 0.00709922 0.0016489 0 0 0 0 0 0 0 0 0.00628146 0.00170258 0.00709922 0.0016489 
2560 0.0107846 0.000723201 -0.000723193 0 0 0 0 0 0 0 0 0 0 0 0 0 0 0 0 0 0 0.0106444 0.000747745 -0.00074774 0.0107846 0.000723201 -0.000723193 0.00792085 0.00176715 0 0 0 0 0 0 0 0 0.00716326 0.00188847 0.00792085 0.00176715 
2576 0.0106908 0.000819687 -0.000819695 0 0 0 0 0 0 0 0 0 0 0 0 0 0 0 0 0 0 0.0104941 0.000905167 -0.000905169 0.0106908 0.000819687 -0.000819695 0.0078883 0.00179188 0 0 0 0 0 0 0 0 0.00708839 0.00192858 0.0078883 0.00179188 
2592 0.0107453 0.000738571 -0.000738554 0 0 0 0 0 0 0 0 0 0 0 0 0 0 0 0 0 0 0.0105373 0.000834028 -0.000834026 0.0107453 0.000738571 -0.000738554 0.00781542 0.00183097 0 0 0 0 0 0 0 0 0.00702653 0.0019194 0.00781542 0.00183097 
2608 0.0113218 0.000865698 -0.000865691 0 0 0 0 0 0 0 0 0 0 0 0 0 0 0 0 0 0 0.0111117 0.000908372 -0.000908371 0.0113218 0.000865698 -0.000865691 0.00779013 0.00225579 0 0 0 0 0 0 0 0 0.00703949 0.00237657 0.00779013 0.00225579 
2624 0.0105517 0.000943408 -0.000943386 0 0 0 0 0 0 0 0 0 0 0 0 0 0 0 0 0 0 0.0103702 0.000930862 -0.000930853 0.0105517 0.000943408 -0.000943386 0.00774444 0.00168093 0 0 0 0 0 0 0 0 0.00699832 0.00185301 0.00774444 0.00168093 
2640 0.0106802 0.00114033 -0.00114032 0 0 0 0 0 0 0 0 0 0 0 0 0 0 0 0 0 0 0.0104672 0.00118183 -0.00118184 0.0106802 0.00114033 -0.00114032 0.00809491 0.0015253 0 0 0 0 0 0 0 0 0.0073582 0.0016695 0.00809491 0.0015253 
2656 0.0111974 0.000362119 -0.000362097 0 0 0 0 0 0 0 0 0 0 0 0 0 0 0 0 0 0 0.0110122 0.000410405 -0.000410398 0.0111974 0.000362119 -0.000362097 0.0079276 0.00176625 0 0 0 0 0 0 0 0 0.00721469 0.00182483 0.0079276 0.00176625 
2672 0.0100676 0.000460977 -0.000460978 0 0 0 0 0 0 0 0 0 0 0 0 0 0 0 0 0 0 0.00990324 0.000458049 -0.000458054 0.0100676 0.000460977 -0.000460978 0.00778523 0.00193266 0 0 0 0 0 0 0 0 0.00700319 0.00203297 0.00778523 0.00193266 
2688 0.010563 0.000467175 -0.000467158 0 0 0 0 0 0 0 0 0 0 0 0 0 0 0 0 0 0 0.0104116 0.000496412 -0.000496414 0.010563 0.000467175 -0.000467158 0.00826304 0.00174134 0 0 0 0 0 0 0 0 0.00752709 0.00187719 0.00826304 0.00174134 
2704 0.0107654 0.000692445 -0.000692442 0 0 0 0 0 0 0 0 0 0 0 0 0 0 0 0 0 0 0.0105756 0.000781292 -0.000781274 0.0107654 0.000692445 -0.000692442 0.00782082 0.00198747 0 0 0 0 0 0 0 0 0.00718747 0.00210806 0.00782082 0.00198747 
2720 0.011068 0.000479662 -0.000479639 0 0 0 0 0 0 0 0 0 0 0 0 0 0 0 0 0 0 0.0108865 0.000563669 -0.000563657 0.011068 0.000479662 -0.000479639 0.00748226 0.00204184 0 0 0 0 0 0 0 0 0.00675881 0.00213799 0.00748226 0.00204184 
2736 0.0107478 0.00046025 -0.000460229 0 0 0 0 0 0 0 0 0 0 0 0 0 0 0 0 0 0 0.0105675 0.000571997 -0.000571999 0.0107478 0.00046025 -0.000460229 0.00771694 0.00181486 0 0 0 0 0 0 0 0 0.00699894 0.00187756 0.00771694 0.00181486 
2752 0.010559 0.000405527 -0.000405519 0 0 0 0 0 0 0 0 0 0 0 0 0 0 0 0 0 0 0.010462 0.000458963 -0.000458971 0.010559 0.000405527 -0.000405519 0.00766201 0.00142802 0 0 0 0 0 0 0 0 0.00703251 0.00150796 0.00766201 0.00142802 
2768 0.010851 0.000304547 -0.000304548 0 0 0 0 0 0 0 0 0 0 0 0 0 0 0 0 0 0 0.0106846 0.000370957 -0.000370952 0.010851 0.000304547 -0.000304548 0.00795587 0.00216667 0 0 0 0 0 0 0 0 0.00735668 0.00227487 0.00795587 0.00216667 
2784 0.0109348 0.000429215 -0.000429211 0 0 0 0 0 0 0 0 0 0 0 0 0 0 0 0 0 0 0.0108134 0.000499396 -0.000499389 0.0109348 0.000429215 -0.000429211 0.00784264 0.00248972 0 0 0 0 0 0 0 0 0.00725248 0.00256665 0.00784264 0.00248972 
2800 0.0107207 0.00062994 -0.000629922 0 0 0 0 0 0 0 0 0 0 0 0 0 0 0 0 0 0 0.0105525 0.000709791 -0.000709787 0.0107207 0.00062994 -0.000629922 0.00737445 0.00238872 0 0 0 0 0 0 0 0 0.00675704 0.00245821 0.00737445 0.00238872 
2816 0.0108213 0.000448192 -0.000448183 0 0 0 0 0 0 0 0 0 0 0 0 0 0 0 0 0 0 0.0106327 0.00050914 -0.000509134 0.0108213 0.000448192 -0.000448183 0.00716526 0.00223414 0 0 0 0 0 0 0 0 0.00656456 0.00232099 0.00716526 0.00223414 
2832 0.0108735 0.000398694 -0.000398701 0 0 0 0 0 0 0 0 0 0 0 0 0 0 0 0 0 0 0.0106745 0.000401946 -0.00040195 0.0108735 0.000398694 -0.000398701 0.0069567 0.00221242 0 0 0 0 0 0 0 0 0.00638577 0.00234147 0.0069567 0.00221242 
2848 0.0108748 0.000740751 -0.000740745 0 0 0 0 0 0 0 0 0 0 0 0 0 0 0 0 0 0 0.0106492 0.000771876 -0.000771879 0.0108748 0.000740751 -0.000740745 0.00709123 0.00218505 0 0 0 0 0 0 0 0 0.00647478 0.00234111 0.00709123 0.00218505 
2864 0.0107428 0.000422551 -0.000422536 0 0 0 0 0 0 0 0 0 0 0 0 0 0 0 0 0 0 0.0105436 0.000494266 -0.000494264 0.0107428 0.000422551 -0.000422536 0.0073787 0.00196369 0 0 0 0 0 0 0 0 0.00674682 0.00210564 0.0073787 0.00196369 
2880 0.0104766 0.000354006 -0.000353989 0 0 0 0 0 0 0 0 0 0 0 0 0 0 0 0 0 0 0.0103809 0.000379102 -0.000379099 0.0104766 0.000354006 -0.000353989 0.00722761 0.00217634 0 0 0 0 0 0 0 0 0.00661135 0.00226498 0.00722761 0.00217634 
2896 0.0100504 0.000244509 -0.000244499 0 0 0 0 0 0 0 0 0 0 0 0 0 0 0 0 0 0 0.0098017 0.000353907 -0.000353907 0.0100504 0.000244509 -0.000244499 0.00688936 0.00210999 0 0 0 0 0 0 0 0 0.00627164 0.00219541 0.00688936 0.00210999 
2912 0.010593 9.054e-05 -9.05292e-05 0 0 0 0 0 0 0 0 0 0 0 0 0 0 0 0 0 0 0.0104933 6.81308e-05 -6.81204e-05 0.010593 9.054e-05 -9.05292e-05 0.00756985 0.00201477 0 0 0 0 0 0 0 0 0.00696914 0.00213925 0.00756985 0.00201477 
2928 0.0106134 0.000188683 -0.000188675 0 0 0 0 0 0 0 0 0 0 0 0 0 0 0 0 0 0 0.0103573 0.000149668 -0.000149655 0.0106134 0.000188683 -0.000188675 0.00799634 0.00173145 0 0 0 0 0 0 0 0 0.00736746 0.00187761 0.00799634 0.00173145 
2944 0.0105065 -0.000321779 0.000321785 0 0 0 0 0 0 0 0 0 0 0 0 0 0 0 0 0 0 0.0103052 -0.000403141 0.000403143 0.0105065 -0.000321779 0.000321785 0.00685028 0.00177908 0 0 0 0 0 0 0 0 0.00622854 0.0019452 0.00685028 0.00177908 
2960 0.0097732 -0.000124075 0.000124088 0 0 0 0 0 0 0 0 0 0 0 0 0 0 0 0 0 0 0.00957101 -0.00017327 0.000173278 0.0097732 -0.000124075 0.000124088 0.00649275 0.00145498 0 0 0 0 0 0 0 0 0.00585466 0.00160732 0.00649275 0.00145498 
2976 0.0108843 -0.0004434 0.000443404 0 0 0 0 0 0 0 0 0 0 0 0 0 0 0 0 0 0 0.0107209 -0.000428089 0.000428098 0.0108843 -0.0004434 0.000443404 0.00716478 0.00161149 0 0 0 0 0 0 0 0 0.00653238 0.00170473 0.00716478 0.00161149 
2992 0.0104249 0.000314034 -0.000314018 0 0 0 0 0 0 0 0 0 0 0 0 0 0 0 0 0 0 0.0103268 0.000377995 -0.000377992 0.0104249 0.000314034 -0.000314018 0.00669145 0.00157413 0 0 0 0 0 0 0 0 0.00607933 0.00161895 0.00669145 0.00157413 
3008 0.0111193 0.000270951 -0.000270942 0 0 0 0 0 0 0 0 0 0 0 0 0 0 0 0 0 0 0.0109315 0.000319344 -0.000319332 0.0111193 0.000270951 -0.000270942 0.0066236 0.00108844 0 0 0 0 0 0 0 0 0.00602274 0.00115753 0.0066236 0.00108844 
3024 0.0105062 0.000307694 -0.000307683 0 0 0 0 0 0 0 0 0 0 0 0 0 0 0 0 0 0 0.0102976 0.00026812 -0.000268125 0.0105062 0.000307694 -0.000307683 0.00689753 0.00161792 0 0 0 0 0 0 0 0 0.00627678 0.00171002 0.00689753 0.00161792 
3040 0.0108991 0.000406531 -0.000406522 0 0 0 0 0 0 0 0 0 0 0 0 0 0 0 0 0 0 0.0106964 0.000308994 -0.000308999 0.0108991 0.000406531 -0.000406522 0.00721203 0.00194271 0 0 0 0 0 0 0 0 0.00662138 0.00204447 0.00721203 0.00194271 
3056 0.0107229 0.000213115 -0.000213106 0 0 0 0 0 0 0 0 0 0 0 0 0 0 0 0 0 0 0.0104424 0.00011202 -0.000112023 0.0107229 0.000213115 -0.000213106 0.00701245 0.00169323 0 0 0 0 0 0 0 0 0.00643508 0.00177668 0.00701245 0.00169323 
3072 0.0111497 -0.000301642 0.000301656 0 0 0 0 0 0 0 0 0 0 0 0 0 0 0 0 0 0 0.0108909 -0.000383367 0.000383379 0.0111497 -0.000301642 0.000301656 0.00659396 0.0018278 0 0 0 0 0 0 0 0 0.00596468 0.00186843 0.00659396 0.0018278 
3088 0.0108826 0.00016266 -0.000162651 0 0 0 0 0 0 0 0 0 0 0 0 0 0 0 0 0 0 0.0106383 0.000106954 -0.000106941 0.0108826 0.00016266 -0.000162651 0.00668045 0.00157498 0 0 0 0 0 0 0 0 0.00609963 0.00159874 0.00668045 0.00157498 
3104 0.0102916 0.000374231 -0.000374208 0 0 0 0 0 0 0 0 0 0 0 0 0 0 0 0 0 0 0.0101276 0.000279936 -0.000279924 0.0102916 0.000374231 -0.000374208 0.00700145 0.0013448 0 0 0 0 0 0 0 0 0.00643206 0.00147933 0.00700145 0.0013448 
3120 0.0103954 -0.000151674 0.00015168 0 0 0 0 0 0 0 0 0 0 0 0 0 0 0 0 0 0 0.0101168 -0.000213953 0.000213955 0.0103954 -0.000151674 0.00015168 0.00678735 0.00140854 0 0 0 0 0 0 0 0 0.0061187 0.00154295 0.00678735 0.00140854 
3136 0.0107612 -0.00032612 0.00032613 0 0 0 0 0 0 0 0 0 0 0 0 0 0 0 0 0 0 0.0105519 -0.000377631 0.000377631 0.0107612 -0.00032612 0.00032613 0.00654391 0.00141077 0 0 0 0 0 0 0 0 0.00585928 0.00153308 0.00654391 0.00141077 
3152 0.0105096 0.000164729 -0.000164717 0 0 0 0 0 0 0 0 0 0 0 0 0 0 0 0 0 0 0.0103423 0.000140344 -0.000140325 0.0105096 0.000164729 -0.000164717 0.00629921 0.00146889 0 0 0 0 0 0 0 0 0.00567324 0.00154347 0.00629921 0.00146889 
3168 0.0106383 -1.5515e-05 1.552e-05 0 0 0 0 0 0 0 0 0 0 0 0 0 0 0 0 0 0 0.0105159 -4.88063e-05 4.88138e-05 0.0106383 -1.5515e-05 1.552e-05 0.00652631 0.00132053 0 0 0 0 0 0 0 0 0.00590852 0.00138581 0.00652631 0.00132053 
