1  0.99995  1  1  1  383.981  
2  0.999421  1  1  1  383.778  
3  0.998371  1  1  1  383.375  
4  0.996959  1  1  1  382.832  
5  0.99521  1  1  1  382.161  
6  0.993116  1  1  1  381.357  
7  0.990713  1  1  1  380.434  
8  0.988014  1  1  1  379.397  
9  0.985039  1  1  1  378.255  
10  0.981819  1  1  1  377.018  
11  0.978379  1  1  1  375.698  
12  0.974768  1  1  1  374.311  
13  0.971012  1  1  1  372.869  
14  0.967125  1  1  1  371.376  
15  0.963154  1  1  1  369.851  
16  0.959131  1  1  1  368.306  
17  0.955079  1  1  1  366.75  
18  0.951039  1  1  1  365.199  
19  0.947029  1  1  1  363.659  
20  0.943075  1  1  1  362.141  
21  0.939197  1  1  1  360.652  
22  0.935422  1  1  1  359.202  
23  0.931768  1  1  1  357.799  
24  0.928233  1  1  1  356.441  
25  0.924856  1  1  1  355.145  
26  0.921626  1  1  1  353.904  
27  0.918555  1  1  1  352.725  
28  0.915657  1  1  1  351.612  
29  0.912917  1  1  1  350.56  
30  0.910351  1  1  1  349.575  
31  0.907947  1  1  1  348.652  
32  0.905697  1  1  1  347.788  
33  0.90361  1  1  1  346.986  
34  0.901671  1  1  1  346.242  
35  0.899864  1  1  1  345.548  
36  0.898195  1  1  1  344.907  
37  0.896641  1  1  1  344.31  
38  0.895202  1  1  1  343.757  
39  0.893856  1  1  1  343.241  
40  0.892605  1  1  1  342.76  
41  0.89143  1  1  1  342.309  
42  0.890326  1  1  1  341.885  
43  0.889279  1  1  1  341.483  
44  0.888279  1  1  1  341.099  
45  0.887318  1  1  1  340.73  
46  0.886393  1  1  1  340.375  
47  0.885499  1  1  1  340.032  
48  0.884629  1  1  1  339.698  
49  0.883764  1  1  1  339.365  
50  0.882914  1  1  1  339.039  
51  0.882068  1  1  1  338.714  
52  0.88122  1  1  1  338.389  
53  0.880377  1  1  1  338.065  
54  0.879529  1  1  1  337.739  
55  0.878674  1  1  1  337.411  
56  0.877796  1  1  1  337.074  
57  0.876915  1  1  1  336.735  
58  0.876026  1  1  1  336.394  
59  0.875119  1  1  1  336.046  
60  0.874194  1  1  1  335.691  
61  0.873261  1  1  1  335.332  
62  0.872302  1  1  1  334.964  
63  0.871343  1  1  1  334.596  
64  0.87036  1  1  1  334.218  
65  0.869363  1  1  1  333.835  
66  0.868358  1  1  1  333.45  
67  0.86733  1  1  1  333.055  
68  0.866303  1  1  1  332.66  
69  0.86526  1  1  1  332.26  
70  0.864191  1  1  1  331.849  
71  0.863122  1  1  1  331.439  
72  0.862028  1  1  1  331.019  
73  0.860916  1  1  1  330.592  
74  0.859797  1  1  1  330.162  
75  0.858659  1  1  1  329.725  
76  0.857494  1  1  1  329.278  
77  0.856318  1  1  1  328.826  
78  0.855121  1  1  1  328.367  
79  0.853907  1  1  1  327.9  
80  0.852661  1  1  1  327.422  
81  0.851391  1  1  1  326.934  
82  0.850113  1  1  1  326.443  
83  0.848809  1  1  1  325.943  
84  0.84749  1  1  1  325.436  
85  0.846153  1  1  1  324.923  
86  0.8448  1  1  1  324.403  
87  0.843427  1  1  1  323.876  
88  0.842048  1  1  1  323.346  
89  0.84066  1  1  1  322.814  
90  0.839262  1  1  1  322.276  
91  0.837862  1  1  1  321.739  
92  0.836461  1  1  1  321.201  
93  0.835056  1  1  1  320.662  
94  0.83366  1  1  1  320.125  
95  0.832266  1  1  1  319.59  
96  0.830885  1  1  1  319.06  
97  0.829499  1  1  1  318.528  
98  0.828128  1  1  1  318.001  
99  0.826773  1  1  1  317.481  
100  0.825424  1  1  1  316.963  
101  0.824093  1  1  1  316.452  
102  0.822775  1  1  1  315.946  
103  0.82147  1  1  1  315.445  
104  0.820175  1  1  1  314.947  
105  0.818892  1  1  1  314.455  
106  0.817619  1  1  1  313.966  
107  0.816363  1  1  1  313.483  
108  0.81511  1  1  1  313.002  
109  0.813873  1  1  1  312.527  
110  0.812643  1  1  1  312.055  
111  0.811428  1  1  1  311.588  
112  0.810227  1  1  1  311.127  
113  0.809032  1  1  1  310.668  
114  0.807829  1  1  1  310.206  
115  0.80666  1  1  1  309.758  
116  0.805494  1  1  1  309.31  
117  0.804324  1  1  1  308.86  
118  0.803154  1  1  1  308.411  
119  0.801979  1  1  1  307.96  
120  0.8008  1  1  1  307.507  
121  0.799613  1  1  1  307.051  
122  0.798435  1  1  1  306.599  
123  0.797238  1  1  1  306.139  
124  0.796049  1  1  1  305.683  
125  0.794856  1  1  1  305.225  
126  0.793657  1  1  1  304.764  
127  0.792475  1  1  1  304.31  
128  0.791273  1  1  1  303.849  
129  0.79007  1  1  1  303.387  
130  0.788862  1  1  1  302.923  
131  0.787661  1  1  1  302.462  
132  0.786443  1  1  1  301.994  
133  0.785232  1  1  1  301.529  
134  0.784026  1  1  1  301.066  
135  0.78283  1  1  1  300.607  
136  0.781632  1  1  1  300.147  
137  0.780445  1  1  1  299.691  
138  0.779261  1  1  1  299.236  
139  0.778074  1  1  1  298.78  
140  0.776884  1  1  1  298.324  
141  0.775705  1  1  1  297.871  
142  0.774536  1  1  1  297.422  
143  0.773368  1  1  1  296.973  
144  0.772211  1  1  1  296.529  
145  0.771063  1  1  1  296.088  
146  0.769921  1  1  1  295.65  
147  0.768767  1  1  1  295.206  
148  0.767613  1  1  1  294.763  
149  0.766473  1  1  1  294.326  
150  0.76534  1  1  1  293.891  
151  0.764219  1  1  1  293.46  
152  0.763098  1  1  1  293.029  
153  0.761952  1  1  1  292.59  
154  0.760803  1  1  1  292.148  
155  0.759638  1  1  1  291.701  
156  0.758464  1  1  1  291.25  
157  0.757271  1  1  1  290.792  
158  0.756077  1  1  1  290.333  
159  0.75486  1  1  1  289.866  
160  0.753636  1  1  1  289.396  
161  0.752407  1  1  1  288.924  
162  0.751171  1  1  1  288.449  
163  0.749933  1  1  1  287.974  
164  0.748696  1  1  1  287.499  
165  0.747456  1  1  1  287.023  
166  0.746224  1  1  1  286.55  
167  0.745  1  1  1  286.08  
168  0.743781  1  1  1  285.612  
169  0.742566  1  1  1  285.145  
170  0.741347  1  1  1  284.677  
171  0.740138  1  1  1  284.213  
172  0.738939  1  1  1  283.752  
173  0.737739  1  1  1  283.292  
174  0.736529  1  1  1  282.827  
175  0.735321  1  1  1  282.363  
176  0.734121  1  1  1  281.902  
177  0.732915  1  1  1  281.439  
178  0.731725  1  1  1  280.983  
179  0.730556  1  1  1  280.534  
180  0.729408  1  1  1  280.093  
181  0.728261  1  1  1  279.652  
182  0.727124  1  1  1  279.216  
183  0.726  1  1  1  278.784  
184  0.724882  1  1  1  278.355  
185  0.723779  1  1  1  277.931  
186  0.722678  1  1  1  277.508  
187  0.72158  1  1  1  277.087  
188  0.72047  1  1  1  276.661  
189  0.719356  1  1  1  276.233  
190  0.718229  1  1  1  275.8  
191  0.717098  1  1  1  275.366  
192  0.715979  1  1  1  274.936  
193  0.714871  1  1  1  274.51  
194  0.713755  1  1  1  274.082  
195  0.712647  1  1  1  273.656  
196  0.711542  1  1  1  273.232  
197  0.710435  1  1  1  272.807  
198  0.709339  1  1  1  272.386  
199  0.708242  1  1  1  271.965  
200  0.707154  1  1  1  271.547  
201  0.706064  1  1  1  271.129  
202  0.704971  1  1  1  270.709  
203  0.703887  1  1  1  270.293  
204  0.702813  1  1  1  269.88  
205  0.701742  1  1  1  269.469  
206  0.70067  1  1  1  269.057  
207  0.699593  1  1  1  268.644  
208  0.69852  1  1  1  268.232  
209  0.697449  1  1  1  267.82  
210  0.696373  1  1  1  267.407  
211  0.69531  1  1  1  266.999  
212  0.694245  1  1  1  266.59  
213  0.69319  1  1  1  266.185  
214  0.692148  1  1  1  265.785  
215  0.691111  1  1  1  265.387  
216  0.690085  1  1  1  264.993  
217  0.689067  1  1  1  264.602  
218  0.68806  1  1  1  264.215  
219  0.687058  1  1  1  263.83  
220  0.686068  1  1  1  263.45  
221  0.685091  1  1  1  263.075  
222  0.684124  1  1  1  262.704  
223  0.683164  1  1  1  262.335  
224  0.682214  1  1  1  261.97  
225  0.681273  1  1  1  261.609  
226  0.680335  1  1  1  261.249  
227  0.679401  1  1  1  260.89  
228  0.678463  1  1  1  260.53  
229  0.677523  1  1  1  260.169  
230  0.676582  1  1  1  259.808  
231  0.675636  1  1  1  259.444  
232  0.674687  1  1  1  259.08  
233  0.673741  1  1  1  258.717  
234  0.672796  1  1  1  258.354  
235  0.671854  1  1  1  257.992  
236  0.670907  1  1  1  257.628  
237  0.669961  1  1  1  257.265  
238  0.669012  1  1  1  256.901  
239  0.668053  1  1  1  256.532  
240  0.667096  1  1  1  256.165  
241  0.666154  1  1  1  255.803  
242  0.66522  1  1  1  255.444  
243  0.664273  1  1  1  255.081  
244  0.663319  1  1  1  254.714  
245  0.66237  1  1  1  254.35  
246  0.661425  1  1  1  253.987  
247  0.660486  1  1  1  253.627  
248  0.659544  1  1  1  253.265  
249  0.658604  1  1  1  252.904  
250  0.657668  1  1  1  252.545  
251  0.656741  1  1  1  252.189  
252  0.655821  1  1  1  251.835  
253  0.654909  1  1  1  251.485  
254  0.654012  1  1  1  251.141  
255  0.653109  1  1  1  250.794  
256  0.652216  1  1  1  250.451  
257  0.651333  1  1  1  250.112  
258  0.65045  1  1  1  249.773  
259  0.649583  1  1  1  249.44  
260  0.648729  1  1  1  249.112  
261  0.647889  1  1  1  248.79  
262  0.647059  1  1  1  248.471  
263  0.646247  1  1  1  248.159  
264  0.645424  1  1  1  247.843  
265  0.644606  1  1  1  247.529  
266  0.643789  1  1  1  247.215  
267  0.642974  1  1  1  246.902  
268  0.642155  1  1  1  246.587  
269  0.641354  1  1  1  246.28  
270  0.640568  1  1  1  245.978  
271  0.639781  1  1  1  245.676  
272  0.638993  1  1  1  245.373  
273  0.638204  1  1  1  245.07  
274  0.637412  1  1  1  244.766  
275  0.63662  1  1  1  244.462  
276  0.635833  1  1  1  244.16  
277  0.635052  1  1  1  243.86  
278  0.634248  1  1  1  243.551  
279  0.633433  1  1  1  243.238  
280  0.632614  1  1  1  242.924  
281  0.631783  1  1  1  242.605  
282  0.630935  1  1  1  242.279  
283  0.630084  1  1  1  241.952  
284  0.629236  1  1  1  241.627  
285  0.62838  1  1  1  241.298  
286  0.627518  1  1  1  240.967  
287  0.626646  1  1  1  240.632  
288  0.625758  1  1  1  240.291  
289  0.624871  1  1  1  239.951  
290  0.624004  1  1  1  239.618  
291  0.623148  1  1  1  239.289  
292  0.622294  1  1  1  238.961  
293  0.621442  1  1  1  238.634  
294  0.620584  1  1  1  238.304  
295  0.619734  1  1  1  237.978  
296  0.618879  1  1  1  237.65  
297  0.618034  1  1  1  237.325  
298  0.617188  1  1  1  237  
299  0.616349  1  1  1  236.678  
300  0.615509  1  1  1  236.355  
301  0.614672  1  1  1  236.034  
302  0.613847  1  1  1  235.717  
303  0.613029  1  1  1  235.403  
304  0.612209  1  1  1  235.088  
305  0.611382  1  1  1  234.771  
306  0.610563  1  1  1  234.456  
307  0.609744  1  1  1  234.142  
308  0.60892  1  1  1  233.825  
309  0.608092  1  1  1  233.508  
310  0.607267  1  1  1  233.19  
311  0.606449  1  1  1  232.876  
312  0.605631  1  1  1  232.562  
313  0.604822  1  1  1  232.252  
314  0.604003  1  1  1  231.937  
315  0.603192  1  1  1  231.626  
316  0.602373  1  1  1  231.311  
317  0.601546  1  1  1  230.994  
318  0.600734  1  1  1  230.682  
319  0.599929  1  1  1  230.373  
320  0.599143  1  1  1  230.071  
321  0.598379  1  1  1  229.778  
322  0.59763  1  1  1  229.49  
323  0.596895  1  1  1  229.208  
324  0.596179  1  1  1  228.933  
325  0.59547  1  1  1  228.661  
326  0.594765  1  1  1  228.39  
327  0.594056  1  1  1  228.117  
328  0.593353  1  1  1  227.848  
329  0.592656  1  1  1  227.58  
330  0.591963  1  1  1  227.314  
331  0.591283  1  1  1  227.053  
332  0.590601  1  1  1  226.791  
333  0.589932  1  1  1  226.534  
334  0.589274  1  1  1  226.281  
335  0.588632  1  1  1  226.035  
336  0.587987  1  1  1  225.787  
337  0.587337  1  1  1  225.537  
338  0.5867  1  1  1  225.293  
339  0.586063  1  1  1  225.048  
340  0.585429  1  1  1  224.805  
341  0.584786  1  1  1  224.558  
342  0.584138  1  1  1  224.309  
343  0.583491  1  1  1  224.06  
344  0.582862  1  1  1  223.819  
345  0.582246  1  1  1  223.582  
346  0.581608  1  1  1  223.337  
347  0.580961  1  1  1  223.089  
348  0.580316  1  1  1  222.841  
349  0.579667  1  1  1  222.592  
350  0.579019  1  1  1  222.343  
351  0.578379  1  1  1  222.098  
352  0.577732  1  1  1  221.849  
353  0.577086  1  1  1  221.601  
354  0.576465  1  1  1  221.363  
355  0.575849  1  1  1  221.126  
356  0.575219  1  1  1  220.884  
357  0.574601  1  1  1  220.647  
358  0.573984  1  1  1  220.41  
359  0.573373  1  1  1  220.175  
360  0.572766  1  1  1  219.942  
361  0.572149  1  1  1  219.705  
362  0.571521  1  1  1  219.464  
363  0.570901  1  1  1  219.226  
364  0.570287  1  1  1  218.99  
365  0.569681  1  1  1  218.758  
366  0.569085  1  1  1  218.529  
367  0.568482  1  1  1  218.297  
368  0.56789  1  1  1  218.07  
369  0.567304  1  1  1  217.845  
370  0.566704  1  1  1  217.614  
371  0.566101  1  1  1  217.383  
372  0.565502  1  1  1  217.153  
373  0.564896  1  1  1  216.92  
374  0.5643  1  1  1  216.691  
375  0.563699  1  1  1  216.46  
376  0.563104  1  1  1  216.232  
377  0.562507  1  1  1  216.003  
378  0.561904  1  1  1  215.771  
379  0.561291  1  1  1  215.536  
380  0.560682  1  1  1  215.302  
381  0.560076  1  1  1  215.069  
382  0.559473  1  1  1  214.838  
383  0.558876  1  1  1  214.608  
384  0.558279  1  1  1  214.379  
385  0.557691  1  1  1  214.154  
386  0.557112  1  1  1  213.931  
387  0.556548  1  1  1  213.714  
388  0.555988  1  1  1  213.5  
389  0.555428  1  1  1  213.284  
390  0.554873  1  1  1  213.071  
391  0.554314  1  1  1  212.857  
392  0.553757  1  1  1  212.643  
393  0.55321  1  1  1  212.433  
394  0.552664  1  1  1  212.223  
395  0.552104  1  1  1  212.008  
396  0.551537  1  1  1  211.79  
397  0.550971  1  1  1  211.573  
398  0.550405  1  1  1  211.356  
399  0.549836  1  1  1  211.137  
400  0.549261  1  1  1  210.916  
401  0.548693  1  1  1  210.698  
402  0.548118  1  1  1  210.477  
403  0.547554  1  1  1  210.261  
404  0.546993  1  1  1  210.045  
405  0.546437  1  1  1  209.832  
406  0.54589  1  1  1  209.622  
407  0.545332  1  1  1  209.407  
408  0.544772  1  1  1  209.193  
409  0.544198  1  1  1  208.972  
410  0.543614  1  1  1  208.748  
411  0.543013  1  1  1  208.517  
412  0.542401  1  1  1  208.282  
413  0.541786  1  1  1  208.046  
414  0.541169  1  1  1  207.809  
415  0.540569  1  1  1  207.578  
416  0.53995  1  1  1  207.341  
417  0.539359  1  1  1  207.114  
418  0.53878  1  1  1  206.892  
419  0.538202  1  1  1  206.67  
420  0.53762  1  1  1  206.446  
421  0.53704  1  1  1  206.223  
422  0.536457  1  1  1  206  
423  0.535873  1  1  1  205.775  
424  0.535295  1  1  1  205.553  
425  0.534724  1  1  1  205.334  
426  0.534159  1  1  1  205.117  
427  0.533599  1  1  1  204.902  
428  0.53305  1  1  1  204.691  
429  0.532512  1  1  1  204.484  
430  0.531979  1  1  1  204.28  
431  0.531425  1  1  1  204.067  
432  0.530885  1  1  1  203.86  
433  0.530343  1  1  1  203.652  
434  0.529796  1  1  1  203.442  
435  0.529249  1  1  1  203.232  
436  0.528698  1  1  1  203.02  
437  0.528136  1  1  1  202.804  
438  0.527563  1  1  1  202.584  
439  0.526994  1  1  1  202.366  
440  0.526432  1  1  1  202.15  
441  0.52588  1  1  1  201.938  
442  0.525342  1  1  1  201.731  
443  0.524811  1  1  1  201.527  
444  0.524278  1  1  1  201.323  
445  0.523744  1  1  1  201.118  
446  0.523194  1  1  1  200.906  
447  0.522635  1  1  1  200.692  
448  0.522072  1  1  1  200.476  
449  0.521493  1  1  1  200.253  
450  0.520943  1  1  1  200.042  
451  0.520399  1  1  1  199.833  
452  0.51986  1  1  1  199.626  
453  0.519325  1  1  1  199.421  
454  0.518815  1  1  1  199.225  
455  0.518314  1  1  1  199.033  
456  0.517821  1  1  1  198.843  
457  0.517329  1  1  1  198.654  
458  0.516824  1  1  1  198.46  
459  0.5163  1  1  1  198.259  
460  0.515795  1  1  1  198.065  
461  0.515301  1  1  1  197.876  
462  0.514799  1  1  1  197.683  
463  0.514292  1  1  1  197.488  
464  0.513783  1  1  1  197.292  
465  0.513279  1  1  1  197.099  
466  0.512775  1  1  1  196.906  
467  0.512262  1  1  1  196.709  
468  0.511772  1  1  1  196.521  
469  0.511279  1  1  1  196.331  
470  0.510784  1  1  1  196.141  
471  0.510292  1  1  1  195.952  
472  0.509804  1  1  1  195.765  
473  0.509321  1  1  1  195.579  
474  0.508834  1  1  1  195.392  
475  0.508349  1  1  1  195.206  
476  0.507873  1  1  1  195.023  
477  0.507412  1  1  1  194.846  
478  0.506963  1  1  1  194.674  
479  0.506526  1  1  1  194.506  
480  0.506094  1  1  1  194.34  
481  0.505664  1  1  1  194.175  
482  0.505226  1  1  1  194.007  
483  0.504791  1  1  1  193.84  
484  0.504375  1  1  1  193.68  
485  0.503966  1  1  1  193.523  
486  0.503573  1  1  1  193.372  
487  0.503169  1  1  1  193.217  
488  0.502754  1  1  1  193.058  
489  0.502343  1  1  1  192.9  
490  0.501944  1  1  1  192.747  
491  0.501542  1  1  1  192.592  
492  0.501142  1  1  1  192.438  
493  0.50074  1  1  1  192.284  
494  0.500329  1  1  1  192.127  
495  0.499914  1  1  1  191.967  
496  0.4995  1  1  1  191.808  
497  0.499077  1  1  1  191.646  
498  0.498662  1  1  1  191.486  
499  0.498254  1  1  1  191.329  
500  0.497836  1  1  1  191.169  
501  0.497441  1  1  1  191.018  
502  0.497047  1  1  1  190.866  
503  0.496633  1  1  1  190.707  
504  0.496226  1  1  1  190.551  
505  0.495798  1  1  1  190.386  
506  0.495376  1  1  1  190.224  
507  0.494962  1  1  1  190.065  
508  0.494556  1  1  1  189.909  
509  0.494147  1  1  1  189.752  
510  0.493731  1  1  1  189.593  
511  0.493307  1  1  1  189.43  
512  0.492885  1  1  1  189.268  
513  0.492458  1  1  1  189.104  
514  0.492036  1  1  1  188.942  
515  0.491594  1  1  1  188.772  
516  0.49115  1  1  1  188.602  
517  0.490706  1  1  1  188.431  
518  0.490255  1  1  1  188.258  
519  0.489805  1  1  1  188.085  
520  0.489349  1  1  1  187.91  
521  0.488886  1  1  1  187.732  
522  0.488417  1  1  1  187.552  
523  0.487941  1  1  1  187.369  
524  0.487462  1  1  1  187.186  
525  0.48698  1  1  1  187  
526  0.486499  1  1  1  186.816  
527  0.486012  1  1  1  186.629  
528  0.485528  1  1  1  186.443  
529  0.485044  1  1  1  186.257  
530  0.484568  1  1  1  186.074  
531  0.484087  1  1  1  185.889  
532  0.483606  1  1  1  185.705  
533  0.48313  1  1  1  185.522  
534  0.482655  1  1  1  185.34  
535  0.482175  1  1  1  185.155  
536  0.481696  1  1  1  184.971  
537  0.481217  1  1  1  184.787  
538  0.480741  1  1  1  184.605  
539  0.480254  1  1  1  184.418  
540  0.479774  1  1  1  184.233  
541  0.4793  1  1  1  184.051  
542  0.478829  1  1  1  183.87  
543  0.478354  1  1  1  183.688  
544  0.477877  1  1  1  183.505  
545  0.477402  1  1  1  183.322  
546  0.476935  1  1  1  183.143  
547  0.476479  1  1  1  182.968  
548  0.476028  1  1  1  182.795  
549  0.475577  1  1  1  182.622  
550  0.47513  1  1  1  182.45  
551  0.474682  1  1  1  182.278  
552  0.474229  1  1  1  182.104  
553  0.473783  1  1  1  181.933  
554  0.473336  1  1  1  181.761  
555  0.472892  1  1  1  181.591  
556  0.472421  1  1  1  181.41  
557  0.471957  1  1  1  181.232  
558  0.471488  1  1  1  181.051  
559  0.471014  1  1  1  180.87  
560  0.47054  1  1  1  180.687  
561  0.470061  1  1  1  180.504  
562  0.469581  1  1  1  180.319  
563  0.469103  1  1  1  180.136  
564  0.468629  1  1  1  179.953  
565  0.468142  1  1  1  179.766  
566  0.467662  1  1  1  179.582  
567  0.467184  1  1  1  179.399  
568  0.46671  1  1  1  179.217  
569  0.466235  1  1  1  179.034  
570  0.465753  1  1  1  178.849  
571  0.465283  1  1  1  178.669  
572  0.464808  1  1  1  178.486  
573  0.464338  1  1  1  178.306  
574  0.463864  1  1  1  178.124  
575  0.463402  1  1  1  177.946  
576  0.462952  1  1  1  177.774  
577  0.462525  1  1  1  177.61  
578  0.462109  1  1  1  177.45  
579  0.461705  1  1  1  177.295  
580  0.461313  1  1  1  177.144  
581  0.460925  1  1  1  176.995  
582  0.460545  1  1  1  176.849  
583  0.460164  1  1  1  176.703  
584  0.459781  1  1  1  176.556  
585  0.459398  1  1  1  176.409  
586  0.459011  1  1  1  176.26  
587  0.458625  1  1  1  176.112  
588  0.458246  1  1  1  175.966  
589  0.457868  1  1  1  175.821  
590  0.457502  1  1  1  175.681  
591  0.457154  1  1  1  175.547  
592  0.456802  1  1  1  175.412  
593  0.456456  1  1  1  175.279  
594  0.456111  1  1  1  175.146  
595  0.455756  1  1  1  175.01  
596  0.455405  1  1  1  174.875  
597  0.455049  1  1  1  174.739  
598  0.454687  1  1  1  174.6  
599  0.454325  1  1  1  174.461  
600  0.453968  1  1  1  174.324  
601  0.453632  1  1  1  174.195  
602  0.453298  1  1  1  174.067  
603  0.452955  1  1  1  173.935  
604  0.452616  1  1  1  173.804  
605  0.45227  1  1  1  173.672  
606  0.451915  1  1  1  173.535  
607  0.451559  1  1  1  173.399  
608  0.451197  1  1  1  173.26  
609  0.45083  1  1  1  173.119  
610  0.450469  1  1  1  172.98  
611  0.450108  1  1  1  172.842  
612  0.449746  1  1  1  172.702  
613  0.449389  1  1  1  172.565  
614  0.449031  1  1  1  172.428  
615  0.448683  1  1  1  172.294  
616  0.448343  1  1  1  172.164  
617  0.44801  1  1  1  172.036  
618  0.447684  1  1  1  171.911  
619  0.447354  1  1  1  171.784  
620  0.447026  1  1  1  171.658  
621  0.446695  1  1  1  171.531  
622  0.446366  1  1  1  171.404  
623  0.446035  1  1  1  171.277  
624  0.445702  1  1  1  171.15  
625  0.44538  1  1  1  171.026  
626  0.445058  1  1  1  170.902  
627  0.444734  1  1  1  170.778  
628  0.444401  1  1  1  170.65  
629  0.444054  1  1  1  170.517  
630  0.443702  1  1  1  170.382  
631  0.443344  1  1  1  170.244  
632  0.442984  1  1  1  170.106  
633  0.442613  1  1  1  169.963  
634  0.442235  1  1  1  169.818  
635  0.441851  1  1  1  169.671  
636  0.441453  1  1  1  169.518  
637  0.44106  1  1  1  169.367  
638  0.440672  1  1  1  169.218  
639  0.440282  1  1  1  169.068  
640  0.439904  1  1  1  168.923  
641  0.439523  1  1  1  168.777  
642  0.439144  1  1  1  168.631  
643  0.438763  1  1  1  168.485  
644  0.438386  1  1  1  168.34  
645  0.438013  1  1  1  168.197  
646  0.437643  1  1  1  168.055  
647  0.437274  1  1  1  167.913  
648  0.436912  1  1  1  167.774  
649  0.436563  1  1  1  167.64  
650  0.436208  1  1  1  167.504  
651  0.435858  1  1  1  167.369  
652  0.435513  1  1  1  167.237  
653  0.435165  1  1  1  167.103  
654  0.434815  1  1  1  166.969  
655  0.434473  1  1  1  166.838  
656  0.43413  1  1  1  166.706  
657  0.433789  1  1  1  166.575  
658  0.433447  1  1  1  166.444  
659  0.433102  1  1  1  166.311  
660  0.432759  1  1  1  166.179  
661  0.432408  1  1  1  166.045  
662  0.432059  1  1  1  165.911  
663  0.431698  1  1  1  165.772  
664  0.431334  1  1  1  165.632  
665  0.430957  1  1  1  165.488  
666  0.43058  1  1  1  165.343  
667  0.430209  1  1  1  165.2  
668  0.429838  1  1  1  165.058  
669  0.429465  1  1  1  164.915  
670  0.429086  1  1  1  164.769  
671  0.428706  1  1  1  164.623  
672  0.428329  1  1  1  164.478  
673  0.427949  1  1  1  164.332  
674  0.427587  1  1  1  164.193  
675  0.427219  1  1  1  164.052  
676  0.426867  1  1  1  163.917  
677  0.426521  1  1  1  163.784  
678  0.426178  1  1  1  163.652  
679  0.425832  1  1  1  163.52  
680  0.425478  1  1  1  163.384  
681  0.425121  1  1  1  163.247  
682  0.424757  1  1  1  163.107  
683  0.424388  1  1  1  162.965  
684  0.424021  1  1  1  162.824  
685  0.423657  1  1  1  162.684  
686  0.423288  1  1  1  162.543  
687  0.422934  1  1  1  162.407  
688  0.42259  1  1  1  162.275  
689  0.422254  1  1  1  162.145  
690  0.421933  1  1  1  162.022  
691  0.421612  1  1  1  161.899  
692  0.421302  1  1  1  161.78  
693  0.420993  1  1  1  161.661  
694  0.420686  1  1  1  161.543  
695  0.420378  1  1  1  161.425  
696  0.420081  1  1  1  161.311  
697  0.41979  1  1  1  161.199  
698  0.419489  1  1  1  161.084  
699  0.419183  1  1  1  160.966  
700  0.418872  1  1  1  160.847  
701  0.418565  1  1  1  160.729  
702  0.418255  1  1  1  160.61  
703  0.417949  1  1  1  160.492  
704  0.417616  1  1  1  160.364  
705  0.417267  1  1  1  160.231  
706  0.41689  1  1  1  160.086  
707  0.416503  1  1  1  159.937  
708  0.416112  1  1  1  159.787  
709  0.415716  1  1  1  159.635  
710  0.415316  1  1  1  159.481  
711  0.414917  1  1  1  159.328  
712  0.414519  1  1  1  159.175  
713  0.414124  1  1  1  159.024  
714  0.413734  1  1  1  158.874  
715  0.413355  1  1  1  158.729  
716  0.412996  1  1  1  158.59  
717  0.412642  1  1  1  158.454  
718  0.41228  1  1  1  158.316  
719  0.411912  1  1  1  158.174  
720  0.411552  1  1  1  158.036  
721  0.411208  1  1  1  157.904  
722  0.410869  1  1  1  157.774  
723  0.410526  1  1  1  157.642  
724  0.410193  1  1  1  157.514  
725  0.409863  1  1  1  157.388  
726  0.409542  1  1  1  157.264  
727  0.409222  1  1  1  157.141  
728  0.408901  1  1  1  157.018  
729  0.408584  1  1  1  156.896  
730  0.40827  1  1  1  156.776  
731  0.407966  1  1  1  156.659  
732  0.407675  1  1  1  156.547  
733  0.407392  1  1  1  156.438  
734  0.407117  1  1  1  156.333  
735  0.406845  1  1  1  156.228  
736  0.406581  1  1  1  156.127  
737  0.406328  1  1  1  156.03  
738  0.406078  1  1  1  155.934  
739  0.405833  1  1  1  155.84  
740  0.405584  1  1  1  155.744  
741  0.405355  1  1  1  155.656  
742  0.405127  1  1  1  155.569  
743  0.40491  1  1  1  155.486  
744  0.404666  1  1  1  155.392  
745  0.404419  1  1  1  155.297  
746  0.404174  1  1  1  155.203  
747  0.40393  1  1  1  155.109  
748  0.403685  1  1  1  155.015  
749  0.40344  1  1  1  154.921  
750  0.403199  1  1  1  154.828  
751  0.402955  1  1  1  154.735  
752  0.402709  1  1  1  154.64  
753  0.402458  1  1  1  154.544  
754  0.40219  1  1  1  154.441  
755  0.40192  1  1  1  154.337  
756  0.401656  1  1  1  154.236  
757  0.401397  1  1  1  154.137  
758  0.401157  1  1  1  154.044  
759  0.400899  1  1  1  153.945  
760  0.400635  1  1  1  153.844  
761  0.400359  1  1  1  153.738  
762  0.400084  1  1  1  153.632  
763  0.399802  1  1  1  153.524  
764  0.39953  1  1  1  153.42  
765  0.399258  1  1  1  153.315  
766  0.398988  1  1  1  153.211  
767  0.398709  1  1  1  153.104  
768  0.398439  1  1  1  153.001  
769  0.398174  1  1  1  152.899  
770  0.397904  1  1  1  152.795  
771  0.397617  1  1  1  152.685  
772  0.397318  1  1  1  152.57  
773  0.397016  1  1  1  152.454  
774  0.396708  1  1  1  152.336  
775  0.3964  1  1  1  152.218  
776  0.396098  1  1  1  152.101  
777  0.395787  1  1  1  151.982  
778  0.395469  1  1  1  151.86  
779  0.395142  1  1  1  151.734  
780  0.394812  1  1  1  151.608  
781  0.394493  1  1  1  151.485  
782  0.394168  1  1  1  151.361  
783  0.393831  1  1  1  151.231  
784  0.393491  1  1  1  151.101  
785  0.393142  1  1  1  150.966  
786  0.39279  1  1  1  150.831  
787  0.392432  1  1  1  150.694  
788  0.392062  1  1  1  150.552  
789  0.391684  1  1  1  150.407  
790  0.391313  1  1  1  150.264  
791  0.390953  1  1  1  150.126  
792  0.390593  1  1  1  149.988  
793  0.390232  1  1  1  149.849  
794  0.389872  1  1  1  149.711  
795  0.38951  1  1  1  149.572  
796  0.389152  1  1  1  149.434  
797  0.388796  1  1  1  149.297  
798  0.388442  1  1  1  149.162  
799  0.388095  1  1  1  149.029  
800  0.387759  1  1  1  148.899  
801  0.387431  1  1  1  148.773  
802  0.387116  1  1  1  148.653  
803  0.386799  1  1  1  148.531  
804  0.386485  1  1  1  148.41  
805  0.386165  1  1  1  148.287  
806  0.385842  1  1  1  148.163  
807  0.385527  1  1  1  148.042  
808  0.385218  1  1  1  147.924  
809  0.384918  1  1  1  147.809  
810  0.384621  1  1  1  147.695  
811  0.384323  1  1  1  147.58  
812  0.384015  1  1  1  147.462  
813  0.383692  1  1  1  147.338  
814  0.383364  1  1  1  147.212  
815  0.383047  1  1  1  147.09  
816  0.382734  1  1  1  146.97  
817  0.382417  1  1  1  146.848  
818  0.382106  1  1  1  146.729  
819  0.381806  1  1  1  146.614  
820  0.381523  1  1  1  146.505  
821  0.38125  1  1  1  146.4  
822  0.380962  1  1  1  146.29  
823  0.38067  1  1  1  146.177  
824  0.380403  1  1  1  146.075  
825  0.380128  1  1  1  145.969  
826  0.379851  1  1  1  145.863  
827  0.379564  1  1  1  145.753  
828  0.379266  1  1  1  145.638  
829  0.378966  1  1  1  145.523  
830  0.378653  1  1  1  145.403  
831  0.378334  1  1  1  145.28  
832  0.378012  1  1  1  145.156  
833  0.377686  1  1  1  145.031  
834  0.37735  1  1  1  144.903  
835  0.37702  1  1  1  144.776  
836  0.376686  1  1  1  144.647  
837  0.376355  1  1  1  144.52  
838  0.376042  1  1  1  144.4  
839  0.37575  1  1  1  144.288  
840  0.375459  1  1  1  144.176  
841  0.375178  1  1  1  144.068  
842  0.374912  1  1  1  143.966  
843  0.374659  1  1  1  143.869  
844  0.374415  1  1  1  143.775  
845  0.374174  1  1  1  143.683  
846  0.373936  1  1  1  143.591  
847  0.373707  1  1  1  143.503  
848  0.373474  1  1  1  143.414  
849  0.373248  1  1  1  143.327  
850  0.373022  1  1  1  143.24  
851  0.372798  1  1  1  143.154  
852  0.372581  1  1  1  143.071  
853  0.372364  1  1  1  142.988  
854  0.372153  1  1  1  142.907  
855  0.37194  1  1  1  142.825  
856  0.371734  1  1  1  142.746  
857  0.371542  1  1  1  142.672  
858  0.371345  1  1  1  142.596  
859  0.371142  1  1  1  142.518  
860  0.370927  1  1  1  142.436  
861  0.370703  1  1  1  142.35  
862  0.370467  1  1  1  142.259  
863  0.370219  1  1  1  142.164  
864  0.369967  1  1  1  142.067  
865  0.369708  1  1  1  141.968  
866  0.369457  1  1  1  141.871  
867  0.369199  1  1  1  141.772  
868  0.368936  1  1  1  141.672  
869  0.368661  1  1  1  141.566  
870  0.368379  1  1  1  141.458  
871  0.368095  1  1  1  141.348  
872  0.367812  1  1  1  141.24  
873  0.367532  1  1  1  141.132  
874  0.367247  1  1  1  141.023  
875  0.366981  1  1  1  140.921  
876  0.366717  1  1  1  140.82  
877  0.366449  1  1  1  140.717  
878  0.366181  1  1  1  140.613  
879  0.365914  1  1  1  140.511  
880  0.365647  1  1  1  140.408  
881  0.36538  1  1  1  140.306  
882  0.365116  1  1  1  140.205  
883  0.364843  1  1  1  140.1  
884  0.364577  1  1  1  139.998  
885  0.364313  1  1  1  139.896  
886  0.364056  1  1  1  139.797  
887  0.363804  1  1  1  139.701  
888  0.363534  1  1  1  139.597  
889  0.363285  1  1  1  139.501  
890  0.363058  1  1  1  139.414  
891  0.362834  1  1  1  139.328  
892  0.362617  1  1  1  139.245  
893  0.362401  1  1  1  139.162  
894  0.362187  1  1  1  139.08  
895  0.361963  1  1  1  138.994  
896  0.361731  1  1  1  138.905  
897  0.361502  1  1  1  138.817  
898  0.361274  1  1  1  138.729  
899  0.361058  1  1  1  138.646  
900  0.360857  1  1  1  138.569  
901  0.360664  1  1  1  138.495  
902  0.36047  1  1  1  138.42  
903  0.360273  1  1  1  138.345  
904  0.360075  1  1  1  138.269  
905  0.359876  1  1  1  138.192  
906  0.359678  1  1  1  138.116  
907  0.359482  1  1  1  138.041  
908  0.359276  1  1  1  137.962  
909  0.359067  1  1  1  137.882  
910  0.358861  1  1  1  137.802  
911  0.35867  1  1  1  137.729  
912  0.358461  1  1  1  137.649  
913  0.358247  1  1  1  137.567  
914  0.358022  1  1  1  137.481  
915  0.3578  1  1  1  137.395  
916  0.357571  1  1  1  137.307  
917  0.357342  1  1  1  137.219  
918  0.357112  1  1  1  137.131  
919  0.356884  1  1  1  137.044  
920  0.356661  1  1  1  136.958  
921  0.35643  1  1  1  136.869  
922  0.356215  1  1  1  136.786  
923  0.355999  1  1  1  136.704  
924  0.355769  1  1  1  136.615  
925  0.355529  1  1  1  136.523  
926  0.35529  1  1  1  136.432  
927  0.355048  1  1  1  136.338  
928  0.354808  1  1  1  136.246  
929  0.354568  1  1  1  136.154  
930  0.354316  1  1  1  136.058  
931  0.354062  1  1  1  135.96  
932  0.353812  1  1  1  135.864  
933  0.35356  1  1  1  135.767  
934  0.353302  1  1  1  135.668  
935  0.353035  1  1  1  135.566  
936  0.352762  1  1  1  135.461  
937  0.352483  1  1  1  135.353  
938  0.352192  1  1  1  135.242  
939  0.351888  1  1  1  135.125  
940  0.351566  1  1  1  135.001  
941  0.351236  1  1  1  134.875  
942  0.350903  1  1  1  134.747  
943  0.350575  1  1  1  134.621  
944  0.350259  1  1  1  134.499  
945  0.349945  1  1  1  134.379  
946  0.34963  1  1  1  134.258  
947  0.349306  1  1  1  134.133  
948  0.348983  1  1  1  134.009  
949  0.348661  1  1  1  133.886  
950  0.348343  1  1  1  133.764  
951  0.348031  1  1  1  133.644  
952  0.347721  1  1  1  133.525  
953  0.34742  1  1  1  133.409  
954  0.347129  1  1  1  133.298  
955  0.346837  1  1  1  133.185  
956  0.346551  1  1  1  133.076  
957  0.346271  1  1  1  132.968  
958  0.345997  1  1  1  132.863  
959  0.3457  1  1  1  132.749  
960  0.345406  1  1  1  132.636  
961  0.345114  1  1  1  132.524  
962  0.344828  1  1  1  132.414  
963  0.344546  1  1  1  132.305  
964  0.344273  1  1  1  132.201  
965  0.344021  1  1  1  132.104  
966  0.343769  1  1  1  132.007  
967  0.343534  1  1  1  131.917  
968  0.343295  1  1  1  131.825  
969  0.34305  1  1  1  131.731  
970  0.342806  1  1  1  131.637  
971  0.342572  1  1  1  131.548  
972  0.342366  1  1  1  131.469  
973  0.342162  1  1  1  131.39  
974  0.341957  1  1  1  131.311  
975  0.341745  1  1  1  131.23  
976  0.341529  1  1  1  131.147  
977  0.341312  1  1  1  131.064  
978  0.341095  1  1  1  130.98  
979  0.340874  1  1  1  130.896  
980  0.340671  1  1  1  130.818  
981  0.340466  1  1  1  130.739  
982  0.340263  1  1  1  130.661  
983  0.340066  1  1  1  130.585  
984  0.33987  1  1  1  130.51  
985  0.33968  1  1  1  130.437  
986  0.339478  1  1  1  130.36  
987  0.339293  1  1  1  130.288  
988  0.339117  1  1  1  130.221  
989  0.338938  1  1  1  130.152  
990  0.338763  1  1  1  130.085  
991  0.338587  1  1  1  130.017  
992  0.33842  1  1  1  129.953  
993  0.338252  1  1  1  129.889  
994  0.338083  1  1  1  129.824  
995  0.337913  1  1  1  129.759  
996  0.337732  1  1  1  129.689  
997  0.337549  1  1  1  129.619  
998  0.337359  1  1  1  129.546  
999  0.337167  1  1  1  129.472  
1000  0.336966  1  1  1  129.395  
1001  0.33677  1  1  1  129.32  
1002  0.336585  1  1  1  129.249  
1003  0.336392  1  1  1  129.174  
1004  0.336191  1  1  1  129.098  
1005  0.335984  1  1  1  129.018  
1006  0.335779  1  1  1  128.939  
1007  0.335568  1  1  1  128.858  
1008  0.335352  1  1  1  128.775  
1009  0.335129  1  1  1  128.689  
1010  0.334898  1  1  1  128.601  
1011  0.334662  1  1  1  128.51  
1012  0.334428  1  1  1  128.42  
1013  0.334199  1  1  1  128.332  
1014  0.333981  1  1  1  128.249  
1015  0.333782  1  1  1  128.172  
1016  0.333585  1  1  1  128.097  
1017  0.333392  1  1  1  128.023  
1018  0.333201  1  1  1  127.949  
1019  0.333009  1  1  1  127.875  
1020  0.332808  1  1  1  127.798  
1021  0.332597  1  1  1  127.717  
1022  0.332384  1  1  1  127.635  
1023  0.332163  1  1  1  127.551  
1024  0.331936  1  1  1  127.464  
1025  0.331702  1  1  1  127.373  
1026  0.33146  1  1  1  127.281  
1027  0.331208  1  1  1  127.184  
1028  0.330948  1  1  1  127.084  
1029  0.330678  1  1  1  126.98  
1030  0.330385  1  1  1  126.868  
1031  0.330102  1  1  1  126.759  
1032  0.32983  1  1  1  126.655  
1033  0.329553  1  1  1  126.548  
1034  0.329287  1  1  1  126.446  
1035  0.329041  1  1  1  126.352  
1036  0.328803  1  1  1  126.26  
1037  0.328566  1  1  1  126.169  
1038  0.328333  1  1  1  126.08  
1039  0.328099  1  1  1  125.99  
1040  0.327868  1  1  1  125.901  
1041  0.327634  1  1  1  125.811  
1042  0.3274  1  1  1  125.721  
1043  0.327158  1  1  1  125.629  
1044  0.326905  1  1  1  125.532  
1045  0.326664  1  1  1  125.439  
1046  0.326433  1  1  1  125.35  
1047  0.326182  1  1  1  125.254  
1048  0.325925  1  1  1  125.155  
1049  0.325675  1  1  1  125.059  
1050  0.325419  1  1  1  124.961  
1051  0.325168  1  1  1  124.864  
1052  0.324925  1  1  1  124.771  
1053  0.324695  1  1  1  124.683  
1054  0.324467  1  1  1  124.595  
1055  0.324235  1  1  1  124.506  
1056  0.323984  1  1  1  124.41  
1057  0.32372  1  1  1  124.308  
1058  0.32345  1  1  1  124.205  
1059  0.323174  1  1  1  124.099  
1060  0.322896  1  1  1  123.992  
1061  0.322615  1  1  1  123.884  
1062  0.322339  1  1  1  123.778  
1063  0.322067  1  1  1  123.674  
1064  0.321802  1  1  1  123.572  
1065  0.32154  1  1  1  123.471  
1066  0.321283  1  1  1  123.373  
1067  0.321035  1  1  1  123.277  
1068  0.32079  1  1  1  123.184  
1069  0.320553  1  1  1  123.092  
1070  0.320322  1  1  1  123.004  
1071  0.320094  1  1  1  122.916  
1072  0.319865  1  1  1  122.828  
1073  0.319639  1  1  1  122.741  
1074  0.31943  1  1  1  122.661  
1075  0.319233  1  1  1  122.585  
1076  0.319042  1  1  1  122.512  
1077  0.318845  1  1  1  122.436  
1078  0.318637  1  1  1  122.357  
1079  0.318426  1  1  1  122.276  
1080  0.31822  1  1  1  122.196  
1081  0.318013  1  1  1  122.117  
1082  0.317801  1  1  1  122.036  
1083  0.31759  1  1  1  121.955  
1084  0.317389  1  1  1  121.878  
1085  0.317195  1  1  1  121.803  
1086  0.317011  1  1  1  121.732  
1087  0.316835  1  1  1  121.664  
1088  0.316658  1  1  1  121.597  
1089  0.316476  1  1  1  121.527  
1090  0.316289  1  1  1  121.455  
1091  0.316109  1  1  1  121.386  
1092  0.315927  1  1  1  121.316  
1093  0.315749  1  1  1  121.248  
1094  0.31557  1  1  1  121.179  
1095  0.315389  1  1  1  121.109  
1096  0.31521  1  1  1  121.041  
1097  0.315044  1  1  1  120.977  
1098  0.314882  1  1  1  120.915  
1099  0.314722  1  1  1  120.853  
1100  0.314563  1  1  1  120.792  
1101  0.314408  1  1  1  120.733  
1102  0.314243  1  1  1  120.669  
1103  0.314072  1  1  1  120.604  
1104  0.313893  1  1  1  120.535  
1105  0.31371  1  1  1  120.465  
1106  0.313527  1  1  1  120.394  
1107  0.313345  1  1  1  120.325  
1108  0.313167  1  1  1  120.256  
1109  0.31299  1  1  1  120.188  
1110  0.312811  1  1  1  120.119  
1111  0.31263  1  1  1  120.05  
1112  0.312451  1  1  1  119.981  
1113  0.312269  1  1  1  119.911  
1114  0.31208  1  1  1  119.839  
1115  0.311894  1  1  1  119.767  
1116  0.311706  1  1  1  119.695  
1117  0.311516  1  1  1  119.622  
1118  0.311314  1  1  1  119.545  
1119  0.311117  1  1  1  119.469  
1120  0.310913  1  1  1  119.391  
1121  0.3107  1  1  1  119.309  
1122  0.310493  1  1  1  119.229  
1123  0.310285  1  1  1  119.149  
1124  0.310087  1  1  1  119.074  
1125  0.309911  1  1  1  119.006  
1126  0.309704  1  1  1  118.926  
1127  0.309497  1  1  1  118.847  
1128  0.309294  1  1  1  118.769  
1129  0.309092  1  1  1  118.691  
1130  0.308889  1  1  1  118.613  
1131  0.308691  1  1  1  118.537  
1132  0.308495  1  1  1  118.462  
1133  0.308305  1  1  1  118.389  
1134  0.308107  1  1  1  118.313  
1135  0.307906  1  1  1  118.236  
1136  0.307702  1  1  1  118.158  
1137  0.307504  1  1  1  118.082  
1138  0.307308  1  1  1  118.006  
1139  0.307116  1  1  1  117.933  
1140  0.306928  1  1  1  117.86  
1141  0.306743  1  1  1  117.789  
1142  0.306559  1  1  1  117.719  
1143  0.306377  1  1  1  117.649  
1144  0.306198  1  1  1  117.58  
1145  0.306017  1  1  1  117.511  
1146  0.305837  1  1  1  117.441  
1147  0.305651  1  1  1  117.37  
1148  0.305459  1  1  1  117.296  
1149  0.305259  1  1  1  117.219  
1150  0.305051  1  1  1  117.14  
1151  0.304836  1  1  1  117.057  
1152  0.304619  1  1  1  116.974  
1153  0.304407  1  1  1  116.892  
1154  0.304195  1  1  1  116.811  
1155  0.303986  1  1  1  116.73  
1156  0.303781  1  1  1  116.652  
1157  0.303566  1  1  1  116.569  
1158  0.303356  1  1  1  116.489  
1159  0.30315  1  1  1  116.41  
1160  0.302954  1  1  1  116.334  
1161  0.302763  1  1  1  116.261  
1162  0.302569  1  1  1  116.187  
1163  0.302377  1  1  1  116.113  
1164  0.302171  1  1  1  116.034  
1165  0.301957  1  1  1  115.952  
1166  0.301738  1  1  1  115.868  
1167  0.301518  1  1  1  115.783  
1168  0.3013  1  1  1  115.699  
1169  0.301079  1  1  1  115.615  
1170  0.300867  1  1  1  115.533  
1171  0.30066  1  1  1  115.453  
1172  0.300451  1  1  1  115.373  
1173  0.300248  1  1  1  115.295  
1174  0.300039  1  1  1  115.215  
1175  0.299823  1  1  1  115.132  
1176  0.299613  1  1  1  115.051  
1177  0.299402  1  1  1  114.97  
1178  0.299196  1  1  1  114.891  
1179  0.298988  1  1  1  114.811  
1180  0.298777  1  1  1  114.73  
1181  0.298578  1  1  1  114.654  
1182  0.298381  1  1  1  114.578  
1183  0.298187  1  1  1  114.504  
1184  0.297993  1  1  1  114.429  
1185  0.297796  1  1  1  114.354  
1186  0.29759  1  1  1  114.275  
1187  0.297381  1  1  1  114.194  
1188  0.297166  1  1  1  114.112  
1189  0.296966  1  1  1  114.035  
1190  0.296747  1  1  1  113.951  
1191  0.296516  1  1  1  113.862  
1192  0.296281  1  1  1  113.772  
1193  0.296042  1  1  1  113.68  
1194  0.295806  1  1  1  113.59  
1195  0.295566  1  1  1  113.497  
1196  0.295326  1  1  1  113.405  
1197  0.295088  1  1  1  113.314  
1198  0.294847  1  1  1  113.221  
1199  0.294606  1  1  1  113.129  
1200  0.294373  1  1  1  113.039  
1201  0.294146  1  1  1  112.952  
1202  0.293927  1  1  1  112.868  
1203  0.293711  1  1  1  112.785  
1204  0.293501  1  1  1  112.704  
1205  0.293289  1  1  1  112.623  
1206  0.293073  1  1  1  112.54  
1207  0.292871  1  1  1  112.462  
1208  0.292678  1  1  1  112.388  
1209  0.292501  1  1  1  112.32  
1210  0.292331  1  1  1  112.255  
1211  0.29217  1  1  1  112.193  
1212  0.292011  1  1  1  112.132  
1213  0.291855  1  1  1  112.072  
1214  0.291699  1  1  1  112.012  
1215  0.29154  1  1  1  111.951  
1216  0.291376  1  1  1  111.888  
1217  0.29123  1  1  1  111.832  
1218  0.291075  1  1  1  111.773  
1219  0.290916  1  1  1  111.712  
1220  0.290765  1  1  1  111.654  
1221  0.290621  1  1  1  111.598  
1222  0.290467  1  1  1  111.539  
1223  0.290311  1  1  1  111.48  
1224  0.290158  1  1  1  111.421  
1225  0.290003  1  1  1  111.361  
1226  0.289848  1  1  1  111.302  
1227  0.289685  1  1  1  111.239  
1228  0.289517  1  1  1  111.175  
1229  0.289346  1  1  1  111.109  
1230  0.289171  1  1  1  111.042  
1231  0.288988  1  1  1  110.971  
1232  0.288795  1  1  1  110.897  
1233  0.288604  1  1  1  110.824  
1234  0.288414  1  1  1  110.751  
1235  0.288232  1  1  1  110.681  
1236  0.288051  1  1  1  110.612  
1237  0.287876  1  1  1  110.544  
1238  0.287702  1  1  1  110.477  
1239  0.287535  1  1  1  110.413  
1240  0.287372  1  1  1  110.351  
1241  0.287215  1  1  1  110.291  
1242  0.287067  1  1  1  110.234  
1243  0.286926  1  1  1  110.18  
1244  0.286792  1  1  1  110.128  
1245  0.286657  1  1  1  110.076  
1246  0.286525  1  1  1  110.025  
1247  0.286392  1  1  1  109.974  
1248  0.286257  1  1  1  109.923  
1249  0.286127  1  1  1  109.873  
1250  0.285991  1  1  1  109.82  
1251  0.285851  1  1  1  109.767  
1252  0.28571  1  1  1  109.713  
1253  0.285573  1  1  1  109.66  
1254  0.28544  1  1  1  109.609  
1255  0.285305  1  1  1  109.557  
1256  0.285164  1  1  1  109.503  
1257  0.285016  1  1  1  109.446  
1258  0.284868  1  1  1  109.389  
1259  0.284717  1  1  1  109.332  
1260  0.284562  1  1  1  109.272  
1261  0.284398  1  1  1  109.209  
1262  0.284218  1  1  1  109.14  
1263  0.284056  1  1  1  109.077  
1264  0.2839  1  1  1  109.018  
1265  0.283746  1  1  1  108.959  
1266  0.283601  1  1  1  108.903  
1267  0.283434  1  1  1  108.839  
1268  0.283268  1  1  1  108.775  
1269  0.283102  1  1  1  108.711  
1270  0.282939  1  1  1  108.648  
1271  0.282776  1  1  1  108.586  
1272  0.282614  1  1  1  108.524  
1273  0.282452  1  1  1  108.461  
1274  0.282293  1  1  1  108.4  
1275  0.28214  1  1  1  108.342  
1276  0.282001  1  1  1  108.288  
1277  0.281867  1  1  1  108.237  
1278  0.281728  1  1  1  108.184  
1279  0.281588  1  1  1  108.13  
1280  0.28145  1  1  1  108.077  
1281  0.281318  1  1  1  108.026  
1282  0.281193  1  1  1  107.978  
1283  0.281081  1  1  1  107.935  
1284  0.280979  1  1  1  107.896  
1285  0.280891  1  1  1  107.862  
1286  0.280809  1  1  1  107.831  
1287  0.280713  1  1  1  107.794  
1288  0.280605  1  1  1  107.752  
1289  0.280485  1  1  1  107.706  
1290  0.280354  1  1  1  107.656  
1291  0.280197  1  1  1  107.596  
1292  0.280016  1  1  1  107.526  
1293  0.279847  1  1  1  107.461  
1294  0.279669  1  1  1  107.393  
1295  0.27948  1  1  1  107.32  
1296  0.27928  1  1  1  107.243  
1297  0.279068  1  1  1  107.162  
1298  0.278848  1  1  1  107.078  
1299  0.278615  1  1  1  106.988  
1300  0.278365  1  1  1  106.892  
1301  0.278103  1  1  1  106.792  
1302  0.277828  1  1  1  106.686  
1303  0.277543  1  1  1  106.576  
1304  0.277244  1  1  1  106.462  
1305  0.276937  1  1  1  106.344  
1306  0.276626  1  1  1  106.224  
1307  0.276316  1  1  1  106.105  
1308  0.276012  1  1  1  105.988  
1309  0.275712  1  1  1  105.873  
1310  0.27542  1  1  1  105.761  
1311  0.275118  1  1  1  105.645  
1312  0.274824  1  1  1  105.533  
1313  0.274553  1  1  1  105.429  
1314  0.274298  1  1  1  105.33  
1315  0.274056  1  1  1  105.238  
1316  0.273818  1  1  1  105.146  
1317  0.273597  1  1  1  105.061  
1318  0.273371  1  1  1  104.974  
1319  0.273158  1  1  1  104.893  
1320  0.272967  1  1  1  104.819  
1321  0.272777  1  1  1  104.746  
1322  0.272591  1  1  1  104.675  
1323  0.27242  1  1  1  104.609  
1324  0.272258  1  1  1  104.547  
1325  0.2721  1  1  1  104.486  
1326  0.271949  1  1  1  104.429  
1327  0.271799  1  1  1  104.371  
1328  0.271658  1  1  1  104.317  
1329  0.271526  1  1  1  104.266  
1330  0.271406  1  1  1  104.22  
1331  0.271286  1  1  1  104.174  
1332  0.271171  1  1  1  104.13  
1333  0.271053  1  1  1  104.085  
1334  0.270936  1  1  1  104.039  
1335  0.270817  1  1  1  103.994  
1336  0.270702  1  1  1  103.95  
1337  0.270588  1  1  1  103.906  
1338  0.27047  1  1  1  103.861  
1339  0.270344  1  1  1  103.812  
1340  0.270226  1  1  1  103.767  
1341  0.270106  1  1  1  103.721  
1342  0.269985  1  1  1  103.674  
1343  0.269861  1  1  1  103.627  
1344  0.269735  1  1  1  103.578  
1345  0.269606  1  1  1  103.529  
1346  0.269472  1  1  1  103.477  
1347  0.269334  1  1  1  103.424  
1348  0.269192  1  1  1  103.37  
1349  0.269056  1  1  1  103.317  
1350  0.26892  1  1  1  103.265  
1351  0.26878  1  1  1  103.212  
1352  0.268637  1  1  1  103.157  
1353  0.268492  1  1  1  103.101  
1354  0.268347  1  1  1  103.045  
1355  0.268197  1  1  1  102.988  
1356  0.268048  1  1  1  102.93  
1357  0.267898  1  1  1  102.873  
1358  0.267748  1  1  1  102.815  
1359  0.2676  1  1  1  102.759  
1360  0.267457  1  1  1  102.703  
1361  0.267318  1  1  1  102.65  
1362  0.267188  1  1  1  102.6  
1363  0.267065  1  1  1  102.553  
1364  0.266943  1  1  1  102.506  
1365  0.266821  1  1  1  102.459  
1366  0.266702  1  1  1  102.414  
1367  0.266593  1  1  1  102.372  
1368  0.266488  1  1  1  102.331  
1369  0.266379  1  1  1  102.289  
1370  0.266265  1  1  1  102.246  
1371  0.26616  1  1  1  102.205  
1372  0.266055  1  1  1  102.165  
1373  0.265961  1  1  1  102.129  
1374  0.265876  1  1  1  102.097  
1375  0.265791  1  1  1  102.064  
1376  0.265704  1  1  1  102.03  
1377  0.265614  1  1  1  101.996  
1378  0.265513  1  1  1  101.957  
1379  0.2654  1  1  1  101.914  
1380  0.26528  1  1  1  101.868  
1381  0.265148  1  1  1  101.817  
1382  0.265013  1  1  1  101.765  
1383  0.264869  1  1  1  101.71  
1384  0.26472  1  1  1  101.653  
1385  0.264566  1  1  1  101.593  
1386  0.264404  1  1  1  101.531  
1387  0.264237  1  1  1  101.467  
1388  0.264068  1  1  1  101.402  
1389  0.263893  1  1  1  101.335  
1390  0.263709  1  1  1  101.264  
1391  0.26351  1  1  1  101.188  
1392  0.263308  1  1  1  101.11  
1393  0.263109  1  1  1  101.034  
1394  0.26291  1  1  1  100.957  
1395  0.262714  1  1  1  100.882  
1396  0.262519  1  1  1  100.807  
1397  0.26233  1  1  1  100.735  
1398  0.26215  1  1  1  100.665  
1399  0.261972  1  1  1  100.597  
1400  0.261802  1  1  1  100.532  
1401  0.261627  1  1  1  100.465  
1402  0.261448  1  1  1  100.396  
1403  0.261281  1  1  1  100.332  
1404  0.261112  1  1  1  100.267  
1405  0.260946  1  1  1  100.203  
1406  0.260781  1  1  1  100.14  
1407  0.260619  1  1  1  100.078  
1408  0.260457  1  1  1  100.015  
1409  0.260299  1  1  1  99.9548  
1410  0.260142  1  1  1  99.8945  
1411  0.259993  1  1  1  99.8372  
1412  0.259846  1  1  1  99.7807  
1413  0.259703  1  1  1  99.726  
1414  0.259563  1  1  1  99.6723  
1415  0.259427  1  1  1  99.6199  
1416  0.259302  1  1  1  99.5721  
1417  0.259187  1  1  1  99.5278  
1418  0.259071  1  1  1  99.4834  
1419  0.25896  1  1  1  99.4405  
1420  0.25885  1  1  1  99.3984  
1421  0.258736  1  1  1  99.3546  
1422  0.258615  1  1  1  99.3081  
1423  0.258487  1  1  1  99.2592  
1424  0.258355  1  1  1  99.2084  
1425  0.258226  1  1  1  99.1588  
1426  0.25807  1  1  1  99.099  
1427  0.257928  1  1  1  99.0444  
1428  0.257783  1  1  1  98.9887  
1429  0.257637  1  1  1  98.9327  
1430  0.257486  1  1  1  98.8747  
1431  0.25733  1  1  1  98.8147  
1432  0.257185  1  1  1  98.759  
1433  0.257035  1  1  1  98.7016  
1434  0.256882  1  1  1  98.6427  
1435  0.256714  1  1  1  98.578  
1436  0.256539  1  1  1  98.5111  
1437  0.256362  1  1  1  98.4429  
1438  0.256178  1  1  1  98.3724  
1439  0.255988  1  1  1  98.2994  
1440  0.255794  1  1  1  98.2251  
1441  0.255598  1  1  1  98.1495  
1442  0.255405  1  1  1  98.0755  
1443  0.255219  1  1  1  98.0041  
1444  0.255037  1  1  1  97.934  
1445  0.254863  1  1  1  97.8673  
1446  0.25469  1  1  1  97.8008  
1447  0.254524  1  1  1  97.7371  
1448  0.254372  1  1  1  97.6787  
1449  0.254197  1  1  1  97.6117  
1450  0.254036  1  1  1  97.5497  
1451  0.253869  1  1  1  97.4856  
1452  0.253699  1  1  1  97.4204  
1453  0.253525  1  1  1  97.3536  
1454  0.253347  1  1  1  97.2851  
1455  0.25317  1  1  1  97.2173  
1456  0.252994  1  1  1  97.1496  
1457  0.252818  1  1  1  97.0821  
1458  0.252645  1  1  1  97.0156  
1459  0.252472  1  1  1  96.9492  
1460  0.252304  1  1  1  96.8847  
1461  0.252135  1  1  1  96.8199  
1462  0.251974  1  1  1  96.758  
1463  0.251803  1  1  1  96.6925  
1464  0.251644  1  1  1  96.6312  
1465  0.251496  1  1  1  96.5746  
1466  0.251353  1  1  1  96.5196  
1467  0.251217  1  1  1  96.4674  
1468  0.251081  1  1  1  96.4152  
1469  0.250945  1  1  1  96.363  
1470  0.250807  1  1  1  96.31  
1471  0.250672  1  1  1  96.258  
1472  0.25054  1  1  1  96.2072  
1473  0.250405  1  1  1  96.1556  
1474  0.250273  1  1  1  96.1047  
1475  0.250143  1  1  1  96.0548  
1476  0.250023  1  1  1  96.009  
1477  0.24991  1  1  1  95.9655  
1478  0.249791  1  1  1  95.9199  
1479  0.249669  1  1  1  95.8728  
1480  0.249552  1  1  1  95.8282  
1481  0.249436  1  1  1  95.7836  
1482  0.249322  1  1  1  95.7395  
1483  0.249197  1  1  1  95.6917  
1484  0.249069  1  1  1  95.6425  
1485  0.248949  1  1  1  95.5963  
1486  0.24883  1  1  1  95.5509  
1487  0.248714  1  1  1  95.5062  
1488  0.24859  1  1  1  95.4585  
1489  0.248464  1  1  1  95.4101  
1490  0.248333  1  1  1  95.3598  
1491  0.2482  1  1  1  95.309  
1492  0.248077  1  1  1  95.2617  
1493  0.247952  1  1  1  95.2134  
1494  0.247824  1  1  1  95.1646  
1495  0.247694  1  1  1  95.1145  
1496  0.247564  1  1  1  95.0647  
1497  0.247432  1  1  1  95.014  
1498  0.247302  1  1  1  94.9638  
1499  0.247167  1  1  1  94.9121  
1500  0.24703  1  1  1  94.8594  
1501  0.246896  1  1  1  94.808  
1502  0.24675  1  1  1  94.7519  
1503  0.246597  1  1  1  94.6933  
1504  0.246446  1  1  1  94.6354  
1505  0.246292  1  1  1  94.576  
1506  0.246138  1  1  1  94.5168  
1507  0.245991  1  1  1  94.4605  
1508  0.24585  1  1  1  94.4062  
1509  0.245695  1  1  1  94.3469  
1510  0.245545  1  1  1  94.2892  
1511  0.245404  1  1  1  94.2353  
1512  0.245259  1  1  1  94.1794  
1513  0.245112  1  1  1  94.1232  
1514  0.244968  1  1  1  94.0675  
1515  0.244823  1  1  1  94.0119  
1516  0.244676  1  1  1  93.9555  
1517  0.244527  1  1  1  93.8984  
1518  0.244377  1  1  1  93.8407  
1519  0.244227  1  1  1  93.7831  
1520  0.244077  1  1  1  93.7256  
1521  0.243924  1  1  1  93.6669  
1522  0.243772  1  1  1  93.6085  
1523  0.243631  1  1  1  93.5541  
1524  0.243499  1  1  1  93.5036  
1525  0.243379  1  1  1  93.4574  
1526  0.243262  1  1  1  93.4127  
1527  0.243153  1  1  1  93.3708  
1528  0.243048  1  1  1  93.3305  
1529  0.242949  1  1  1  93.2925  
1530  0.242853  1  1  1  93.2556  
1531  0.242765  1  1  1  93.2217  
1532  0.242682  1  1  1  93.19  
1533  0.242603  1  1  1  93.1597  
1534  0.242538  1  1  1  93.1344  
1535  0.242477  1  1  1  93.1112  
1536  0.242421  1  1  1  93.0895  
1537  0.242358  1  1  1  93.0656  
1538  0.24229  1  1  1  93.0395  
1539  0.242206  1  1  1  93.0072  
1540  0.242121  1  1  1  92.9746  
1541  0.242054  1  1  1  92.9489  
1542  0.241959  1  1  1  92.9124  
1543  0.241857  1  1  1  92.8729  
1544  0.241748  1  1  1  92.8311  
1545  0.241631  1  1  1  92.7864  
1546  0.241516  1  1  1  92.7422  
1547  0.241397  1  1  1  92.6964  
1548  0.241264  1  1  1  92.6453  
1549  0.241117  1  1  1  92.5889  
1550  0.240962  1  1  1  92.5295  
1551  0.240804  1  1  1  92.4686  
1552  0.240647  1  1  1  92.4083  
1553  0.240498  1  1  1  92.3513  
1554  0.240345  1  1  1  92.2927  
1555  0.240181  1  1  1  92.2295  
1556  0.24001  1  1  1  92.1638  
1557  0.239834  1  1  1  92.0962  
1558  0.239656  1  1  1  92.028  
1559  0.239473  1  1  1  91.9577  
1560  0.239281  1  1  1  91.8838  
1561  0.239081  1  1  1  91.8071  
1562  0.238883  1  1  1  91.7311  
1563  0.238682  1  1  1  91.654  
1564  0.238484  1  1  1  91.5778  
1565  0.238282  1  1  1  91.5002  
1566  0.238082  1  1  1  91.4235  
1567  0.237883  1  1  1  91.3472  
1568  0.237685  1  1  1  91.2709  
1569  0.237492  1  1  1  91.197  
1570  0.237305  1  1  1  91.1253  
1571  0.237123  1  1  1  91.0554  
1572  0.236954  1  1  1  90.9905  
1573  0.236792  1  1  1  90.928  
1574  0.236634  1  1  1  90.8676  
1575  0.236476  1  1  1  90.8067  
1576  0.23632  1  1  1  90.7469  
1577  0.236185  1  1  1  90.6951  
1578  0.23606  1  1  1  90.6471  
1579  0.235939  1  1  1  90.6005  
1580  0.235817  1  1  1  90.5536  
1581  0.235694  1  1  1  90.5065  
1582  0.235575  1  1  1  90.4607  
1583  0.235461  1  1  1  90.4168  
1584  0.235348  1  1  1  90.3735  
1585  0.23524  1  1  1  90.332  
1586  0.235136  1  1  1  90.2922  
1587  0.23504  1  1  1  90.2554  
1588  0.234949  1  1  1  90.2204  
1589  0.234862  1  1  1  90.1869  
1590  0.234776  1  1  1  90.154  
1591  0.234692  1  1  1  90.1219  
1592  0.234609  1  1  1  90.09  
1593  0.234529  1  1  1  90.0593  
1594  0.234454  1  1  1  90.0303  
1595  0.234381  1  1  1  90.0025  
1596  0.234309  1  1  1  89.9746  
1597  0.234227  1  1  1  89.9432  
1598  0.234139  1  1  1  89.9095  
1599  0.23405  1  1  1  89.8752  
1600  0.233963  1  1  1  89.8416  
1601  0.23387  1  1  1  89.8061  
1602  0.233773  1  1  1  89.7687  
1603  0.23368  1  1  1  89.7332  
1604  0.233584  1  1  1  89.6961  
1605  0.233484  1  1  1  89.6577  
1606  0.23338  1  1  1  89.6179  
1607  0.233275  1  1  1  89.5776  
1608  0.233165  1  1  1  89.5353  
1609  0.233045  1  1  1  89.4892  
1610  0.232915  1  1  1  89.4392  
1611  0.232782  1  1  1  89.3882  
1612  0.232645  1  1  1  89.3356  
1613  0.232511  1  1  1  89.284  
1614  0.232382  1  1  1  89.2346  
1615  0.232261  1  1  1  89.1881  
1616  0.232137  1  1  1  89.1408  
1617  0.232011  1  1  1  89.0923  
1618  0.23187  1  1  1  89.0382  
1619  0.231734  1  1  1  88.986  
1620  0.231611  1  1  1  88.9384  
1621  0.231488  1  1  1  88.8912  
1622  0.231374  1  1  1  88.8478  
1623  0.23127  1  1  1  88.8078  
1624  0.231171  1  1  1  88.7695  
1625  0.231072  1  1  1  88.7315  
1626  0.230976  1  1  1  88.6946  
1627  0.230882  1  1  1  88.6588  
1628  0.230794  1  1  1  88.625  
1629  0.230711  1  1  1  88.593  
1630  0.230624  1  1  1  88.5596  
1631  0.230536  1  1  1  88.5257  
1632  0.230443  1  1  1  88.4901  
1633  0.230343  1  1  1  88.4515  
1634  0.23024  1  1  1  88.4123  
1635  0.230129  1  1  1  88.3693  
1636  0.230012  1  1  1  88.3244  
1637  0.229887  1  1  1  88.2767  
1638  0.229762  1  1  1  88.2284  
1639  0.229642  1  1  1  88.1824  
1640  0.229504  1  1  1  88.1296  
1641  0.229368  1  1  1  88.0773  
1642  0.229235  1  1  1  88.0264  
1643  0.229106  1  1  1  87.9767  
1644  0.228984  1  1  1  87.9297  
1645  0.228874  1  1  1  87.8875  
1646  0.228766  1  1  1  87.846  
1647  0.228654  1  1  1  87.803  
1648  0.228535  1  1  1  87.7573  
1649  0.228411  1  1  1  87.7098  
1650  0.228282  1  1  1  87.6604  
1651  0.228157  1  1  1  87.6124  
1652  0.228041  1  1  1  87.5679  
1653  0.227923  1  1  1  87.5223  
1654  0.227795  1  1  1  87.4734  
1655  0.227666  1  1  1  87.4236  
1656  0.227534  1  1  1  87.373  
1657  0.227402  1  1  1  87.3222  
1658  0.227265  1  1  1  87.2697  
1659  0.227128  1  1  1  87.2172  
1660  0.226983  1  1  1  87.1616  
1661  0.226837  1  1  1  87.1053  
1662  0.226686  1  1  1  87.0473  
1663  0.226537  1  1  1  86.9904  
1664  0.226392  1  1  1  86.9345  
1665  0.226249  1  1  1  86.8796  
1666  0.22609  1  1  1  86.8186  
1667  0.225947  1  1  1  86.7636  
1668  0.225809  1  1  1  86.7108  
1669  0.225675  1  1  1  86.6591  
1670  0.225538  1  1  1  86.6067  
1671  0.225401  1  1  1  86.5539  
1672  0.225264  1  1  1  86.5014  
1673  0.225129  1  1  1  86.4496  
1674  0.224997  1  1  1  86.3988  
1675  0.224872  1  1  1  86.351  
1676  0.22475  1  1  1  86.3039  
1677  0.224631  1  1  1  86.2583  
1678  0.224516  1  1  1  86.2143  
1679  0.224401  1  1  1  86.17  
1680  0.224275  1  1  1  86.1217  
1681  0.224142  1  1  1  86.0706  
1682  0.224011  1  1  1  86.0201  
1683  0.223878  1  1  1  85.9692  
1684  0.223746  1  1  1  85.9184  
1685  0.223619  1  1  1  85.8696  
1686  0.223494  1  1  1  85.8216  
1687  0.223375  1  1  1  85.7761  
1688  0.223256  1  1  1  85.7304  
1689  0.223141  1  1  1  85.686  
1690  0.223026  1  1  1  85.6418  
1691  0.222912  1  1  1  85.5982  
1692  0.22279  1  1  1  85.5514  
1693  0.222661  1  1  1  85.5019  
1694  0.222533  1  1  1  85.4526  
1695  0.222414  1  1  1  85.4071  
1696  0.222301  1  1  1  85.3634  
1697  0.222187  1  1  1  85.3198  
1698  0.222073  1  1  1  85.276  
1699  0.221957  1  1  1  85.2317  
1700  0.221843  1  1  1  85.1875  
1701  0.221726  1  1  1  85.1427  
1702  0.221599  1  1  1  85.0941  
1703  0.221465  1  1  1  85.0427  
1704  0.221332  1  1  1  84.9914  
1705  0.221197  1  1  1  84.9396  
1706  0.221061  1  1  1  84.8876  
1707  0.220926  1  1  1  84.8354  
1708  0.220785  1  1  1  84.7813  
1709  0.220653  1  1  1  84.7309  
1710  0.220523  1  1  1  84.6808  
1711  0.220384  1  1  1  84.6273  
1712  0.22024  1  1  1  84.5722  
1713  0.220094  1  1  1  84.5159  
1714  0.219942  1  1  1  84.4578  
1715  0.219791  1  1  1  84.3997  
1716  0.219635  1  1  1  84.3399  
1717  0.219477  1  1  1  84.279  
1718  0.219307  1  1  1  84.2139  
1719  0.219137  1  1  1  84.1486  
1720  0.21898  1  1  1  84.0883  
1721  0.218831  1  1  1  84.031  
1722  0.218681  1  1  1  83.9735  
1723  0.218532  1  1  1  83.9162  
1724  0.218383  1  1  1  83.8592  
1725  0.218238  1  1  1  83.8035  
1726  0.218094  1  1  1  83.7483  
1727  0.217955  1  1  1  83.6947  
1728  0.217817  1  1  1  83.6418  
1729  0.217685  1  1  1  83.5911  
1730  0.217553  1  1  1  83.5403  
1731  0.217406  1  1  1  83.4838  
1732  0.217281  1  1  1  83.436  
1733  0.217163  1  1  1  83.3905  
1734  0.217049  1  1  1  83.3469  
1735  0.216932  1  1  1  83.302  
1736  0.216817  1  1  1  83.2579  
1737  0.216697  1  1  1  83.2116  
1738  0.216579  1  1  1  83.1664  
1739  0.216472  1  1  1  83.1251  
1740  0.216374  1  1  1  83.0877  
1741  0.216264  1  1  1  83.0453  
1742  0.216158  1  1  1  83.0048  
1743  0.21606  1  1  1  82.967  
1744  0.215968  1  1  1  82.9315  
1745  0.215883  1  1  1  82.8989  
1746  0.2158  1  1  1  82.8672  
1747  0.215714  1  1  1  82.8343  
1748  0.215624  1  1  1  82.7995  
1749  0.215526  1  1  1  82.7622  
1750  0.215409  1  1  1  82.717  
1751  0.215323  1  1  1  82.6839  
1752  0.215221  1  1  1  82.6449  
1753  0.21511  1  1  1  82.6023  
1754  0.214997  1  1  1  82.5589  
1755  0.214882  1  1  1  82.5147  
1756  0.214768  1  1  1  82.4709  
1757  0.214649  1  1  1  82.4253  
1758  0.214529  1  1  1  82.3792  
1759  0.214413  1  1  1  82.3347  
1760  0.214299  1  1  1  82.2908  
1761  0.214178  1  1  1  82.2444  
1762  0.214058  1  1  1  82.1982  
1763  0.213938  1  1  1  82.1523  
1764  0.213819  1  1  1  82.1067  
1765  0.213703  1  1  1  82.062  
1766  0.213591  1  1  1  82.019  
1767  0.213483  1  1  1  81.9776  
1768  0.213383  1  1  1  81.9392  
1769  0.213287  1  1  1  81.9022  
1770  0.213202  1  1  1  81.8694  
1771  0.213121  1  1  1  81.8384  
1772  0.213027  1  1  1  81.8025  
1773  0.212924  1  1  1  81.7629  
1774  0.212825  1  1  1  81.7249  
1775  0.212735  1  1  1  81.6902  
1776  0.212652  1  1  1  81.6582  
1777  0.21257  1  1  1  81.6267  
1778  0.212482  1  1  1  81.5932  
1779  0.212409  1  1  1  81.5651  
1780  0.212336  1  1  1  81.5369  
1781  0.212245  1  1  1  81.502  
1782  0.21215  1  1  1  81.4657  
1783  0.212052  1  1  1  81.4278  
1784  0.211951  1  1  1  81.3891  
1785  0.211849  1  1  1  81.3499  
1786  0.211752  1  1  1  81.3127  
1787  0.211659  1  1  1  81.2771  
1788  0.211563  1  1  1  81.2403  
1789  0.211471  1  1  1  81.205  
1790  0.211383  1  1  1  81.1711  
1791  0.211298  1  1  1  81.1386  
1792  0.211215  1  1  1  81.1065  
1793  0.21114  1  1  1  81.0777  
1794  0.211074  1  1  1  81.0523  
1795  0.211  1  1  1  81.0241  
1796  0.210923  1  1  1  80.9946  
1797  0.21084  1  1  1  80.9627  
1798  0.210753  1  1  1  80.9292  
1799  0.210661  1  1  1  80.8938  
1800  0.210563  1  1  1  80.8562  
1801  0.21046  1  1  1  80.8168  
1802  0.210352  1  1  1  80.7751  
1803  0.210242  1  1  1  80.7327  
1804  0.210127  1  1  1  80.6887  
1805  0.210007  1  1  1  80.6426  
1806  0.209874  1  1  1  80.5915  
1807  0.209754  1  1  1  80.5455  
1808  0.20959  1  1  1  80.4826  
1809  0.209431  1  1  1  80.4216  
1810  0.209267  1  1  1  80.3585  
1811  0.209092  1  1  1  80.2913  
1812  0.208913  1  1  1  80.2227  
1813  0.20873  1  1  1  80.1523  
1814  0.208542  1  1  1  80.0802  
1815  0.208349  1  1  1  80.0061  
1816  0.208153  1  1  1  79.9309  
1817  0.207964  1  1  1  79.8582  
1818  0.207787  1  1  1  79.7903  
1819  0.207618  1  1  1  79.7252  
1820  0.207451  1  1  1  79.6612  
1821  0.207285  1  1  1  79.5974  
1822  0.207124  1  1  1  79.5355  
1823  0.206961  1  1  1  79.473  
1824  0.206801  1  1  1  79.4115  
1825  0.206647  1  1  1  79.3525  
1826  0.206496  1  1  1  79.2943  
1827  0.206316  1  1  1  79.2252  
1828  0.206172  1  1  1  79.17  
1829  0.206038  1  1  1  79.1188  
1830  0.205909  1  1  1  79.069  
1831  0.205786  1  1  1  79.022  
1832  0.205672  1  1  1  78.9779  
1833  0.205564  1  1  1  78.9364  
1834  0.205463  1  1  1  78.8977  
1835  0.205369  1  1  1  78.8617  
1836  0.205278  1  1  1  78.8269  
1837  0.205194  1  1  1  78.7946  
1838  0.205113  1  1  1  78.7635  
1839  0.205038  1  1  1  78.7347  
1840  0.204967  1  1  1  78.7074  
1841  0.204902  1  1  1  78.6825  
1842  0.20484  1  1  1  78.6586  
1843  0.204781  1  1  1  78.636  
1844  0.204725  1  1  1  78.6143  
1845  0.204675  1  1  1  78.595  
1846  0.204634  1  1  1  78.5794  
1847  0.204597  1  1  1  78.5651  
1848  0.204559  1  1  1  78.5508  
1849  0.204522  1  1  1  78.5365  
1850  0.204484  1  1  1  78.5219  
1851  0.204448  1  1  1  78.5082  
1852  0.204409  1  1  1  78.4931  
1853  0.204369  1  1  1  78.4776  
1854  0.20432  1  1  1  78.4587  
1855  0.204267  1  1  1  78.4385  
1856  0.204209  1  1  1  78.4161  
1857  0.204149  1  1  1  78.393  
1858  0.204086  1  1  1  78.3691  
1859  0.204022  1  1  1  78.3444  
1860  0.203957  1  1  1  78.3194  
1861  0.203885  1  1  1  78.2917  
1862  0.20381  1  1  1  78.2631  
1863  0.203734  1  1  1  78.234  
1864  0.20366  1  1  1  78.2055  
1865  0.203583  1  1  1  78.1757  
1866  0.203502  1  1  1  78.1449  
1867  0.203416  1  1  1  78.1116  
1868  0.203326  1  1  1  78.077  
1869  0.203232  1  1  1  78.0411  
1870  0.20315  1  1  1  78.0096  
1871  0.203107  1  1  1  77.9933  
1872  0.203039  1  1  1  77.9668  
1873  0.20297  1  1  1  77.9406  
1874  0.202907  1  1  1  77.9165  
1875  0.202842  1  1  1  77.8912  
1876  0.202771  1  1  1  77.8642  
1877  0.202696  1  1  1  77.8352  
1878  0.202619  1  1  1  77.8056  
1879  0.202538  1  1  1  77.7746  
1880  0.202451  1  1  1  77.7414  
1881  0.202356  1  1  1  77.7047  
1882  0.20225  1  1  1  77.6639  
1883  0.202131  1  1  1  77.6183  
1884  0.201998  1  1  1  77.5671  
1885  0.201858  1  1  1  77.5133  
1886  0.20171  1  1  1  77.4566  
1887  0.201559  1  1  1  77.3987  
1888  0.201407  1  1  1  77.3401  
1889  0.201253  1  1  1  77.2813  
1890  0.20111  1  1  1  77.2262  
1891  0.200977  1  1  1  77.1751  
1892  0.200856  1  1  1  77.1286  
1893  0.200744  1  1  1  77.0859  
1894  0.200632  1  1  1  77.0427  
1895  0.200521  1  1  1  77.0001  
1896  0.20039  1  1  1  76.9496  
1897  0.200294  1  1  1  76.913  
1898  0.2002  1  1  1  76.8769  
1899  0.200113  1  1  1  76.8432  
1900  0.200028  1  1  1  76.8106  
1901  0.199943  1  1  1  76.7783  
1902  0.199856  1  1  1  76.7446  
1903  0.199767  1  1  1  76.7105  
1904  0.199664  1  1  1  76.671  
1905  0.199573  1  1  1  76.6361  
1906  0.19948  1  1  1  76.6005  
1907  0.19938  1  1  1  76.562  
1908  0.199274  1  1  1  76.5211  
1909  0.199164  1  1  1  76.4791  
1910  0.199045  1  1  1  76.4334  
1911  0.198929  1  1  1  76.3888  
1912  0.198813  1  1  1  76.3443  
1913  0.198688  1  1  1  76.2963  
1914  0.198561  1  1  1  76.2476  
1915  0.198434  1  1  1  76.1987  
1916  0.198312  1  1  1  76.1518  
1917  0.198198  1  1  1  76.1081  
1918  0.198086  1  1  1  76.0652  
1919  0.197973  1  1  1  76.0217  
1920  0.197857  1  1  1  75.9771  
1921  0.197739  1  1  1  75.9319  
1922  0.197593  1  1  1  75.8756  
1923  0.197473  1  1  1  75.8296  
1924  0.197354  1  1  1  75.784  
1925  0.19724  1  1  1  75.74  
1926  0.197125  1  1  1  75.6958  
1927  0.197013  1  1  1  75.653  
1928  0.196904  1  1  1  75.6111  
1929  0.19679  1  1  1  75.5673  
1930  0.19667  1  1  1  75.5211  
1931  0.196554  1  1  1  75.4769  
1932  0.196444  1  1  1  75.4346  
1933  0.196341  1  1  1  75.395  
1934  0.196245  1  1  1  75.3582  
1935  0.196156  1  1  1  75.3241  
1936  0.196072  1  1  1  75.2915  
1937  0.195991  1  1  1  75.2604  
1938  0.195905  1  1  1  75.2276  
1939  0.19582  1  1  1  75.1947  
1940  0.195735  1  1  1  75.1622  
1941  0.195648  1  1  1  75.1289  
1942  0.195558  1  1  1  75.0943  
1943  0.19547  1  1  1  75.0604  
1944  0.19538  1  1  1  75.0259  
1945  0.195287  1  1  1  74.9902  
1946  0.195193  1  1  1  74.9541  
1947  0.195097  1  1  1  74.9172  
1948  0.194996  1  1  1  74.8786  
1949  0.194902  1  1  1  74.8426  
1950  0.194813  1  1  1  74.8081  
1951  0.19473  1  1  1  74.7762  
1952  0.194649  1  1  1  74.7454  
1953  0.194573  1  1  1  74.7159  
1954  0.194494  1  1  1  74.6856  
1955  0.194412  1  1  1  74.6544  
1956  0.194327  1  1  1  74.6216  
1957  0.194238  1  1  1  74.5874  
1958  0.194147  1  1  1  74.5524  
1959  0.194051  1  1  1  74.5157  
1960  0.19395  1  1  1  74.4766  
1961  0.193845  1  1  1  74.4366  
1962  0.193736  1  1  1  74.3944  
1963  0.193624  1  1  1  74.3517  
1964  0.193509  1  1  1  74.3076  
1965  0.193393  1  1  1  74.263  
1966  0.193275  1  1  1  74.2176  
1967  0.193155  1  1  1  74.1714  
1968  0.193031  1  1  1  74.124  
1969  0.192902  1  1  1  74.0744  
1970  0.192774  1  1  1  74.0252  
1971  0.192642  1  1  1  73.9744  
1972  0.192506  1  1  1  73.9224  
1973  0.192377  1  1  1  73.8726  
1974  0.192253  1  1  1  73.8251  
1975  0.192134  1  1  1  73.7796  
1976  0.192012  1  1  1  73.7324  
1977  0.191881  1  1  1  73.6822  
1978  0.191761  1  1  1  73.6363  
1979  0.191653  1  1  1  73.5946  
1980  0.191548  1  1  1  73.5543  
1981  0.191436  1  1  1  73.5113  
1982  0.191323  1  1  1  73.4681  
1983  0.191244  1  1  1  73.4379  
1984  0.191141  1  1  1  73.3982  
1985  0.191042  1  1  1  73.3602  
1986  0.190947  1  1  1  73.3236  
1987  0.190859  1  1  1  73.29  
1988  0.190776  1  1  1  73.2578  
1989  0.190696  1  1  1  73.2273  
1990  0.190618  1  1  1  73.1974  
1991  0.190537  1  1  1  73.1663  
1992  0.190459  1  1  1  73.1364  
1993  0.190381  1  1  1  73.1062  
1994  0.190305  1  1  1  73.0772  
1995  0.190235  1  1  1  73.0503  
1996  0.190167  1  1  1  73.024  
1997  0.1901  1  1  1  72.9983  
1998  0.190032  1  1  1  72.9724  
