1  0.999918  1  1  1  383.968  
2  0.999156  1  1  1  383.676  
3  0.997803  1  1  1  383.156  
4  0.996057  1  1  1  382.486  
5  0.993925  1  1  1  381.667  
6  0.991471  1  1  1  380.725  
7  0.988747  1  1  1  379.679  
8  0.9858  1  1  1  378.547  
9  0.982698  1  1  1  377.356  
10  0.979465  1  1  1  376.114  
11  0.97616  1  1  1  374.846  
12  0.972795  1  1  1  373.553  
13  0.969393  1  1  1  372.247  
14  0.965974  1  1  1  370.934  
15  0.962514  1  1  1  369.605  
16  0.959035  1  1  1  368.269  
17  0.955529  1  1  1  366.923  
18  0.952002  1  1  1  365.569  
19  0.948445  1  1  1  364.203  
20  0.944884  1  1  1  362.835  
21  0.941348  1  1  1  361.478  
22  0.937874  1  1  1  360.144  
23  0.934489  1  1  1  358.844  
24  0.931254  1  1  1  357.602  
25  0.928205  1  1  1  356.431  
26  0.925374  1  1  1  355.344  
27  0.92281  1  1  1  354.359  
28  0.920533  1  1  1  353.485  
29  0.918558  1  1  1  352.726  
30  0.916888  1  1  1  352.085  
31  0.915495  1  1  1  351.55  
32  0.914389  1  1  1  351.125  
33  0.913503  1  1  1  350.785  
34  0.912815  1  1  1  350.521  
35  0.912298  1  1  1  350.322  
36  0.911891  1  1  1  350.166  
37  0.91155  1  1  1  350.035  
38  0.911264  1  1  1  349.926  
39  0.910988  1  1  1  349.819  
40  0.91071  1  1  1  349.712  
41  0.910416  1  1  1  349.6  
42  0.910122  1  1  1  349.487  
43  0.909815  1  1  1  349.369  
44  0.909545  1  1  1  349.265  
45  0.90932  1  1  1  349.179  
46  0.909141  1  1  1  349.11  
47  0.909026  1  1  1  349.066  
48  0.90897  1  1  1  349.044  
49  0.908962  1  1  1  349.042  
50  0.909005  1  1  1  349.058  
51  0.909063  1  1  1  349.08  
52  0.909111  1  1  1  349.098  
53  0.909123  1  1  1  349.103  
54  0.909098  1  1  1  349.094  
55  0.908994  1  1  1  349.054  
56  0.908765  1  1  1  348.966  
57  0.908398  1  1  1  348.825  
58  0.90788  1  1  1  348.626  
59  0.907225  1  1  1  348.374  
60  0.906445  1  1  1  348.075  
61  0.905561  1  1  1  347.735  
62  0.904601  1  1  1  347.367  
63  0.903611  1  1  1  346.987  
64  0.902603  1  1  1  346.6  
65  0.90158  1  1  1  346.207  
66  0.900573  1  1  1  345.82  
67  0.899598  1  1  1  345.446  
68  0.898674  1  1  1  345.091  
69  0.897812  1  1  1  344.76  
70  0.897004  1  1  1  344.45  
71  0.89623  1  1  1  344.152  
72  0.895488  1  1  1  343.867  
73  0.894722  1  1  1  343.573  
74  0.89392  1  1  1  343.265  
75  0.893055  1  1  1  342.933  
76  0.892114  1  1  1  342.572  
77  0.891082  1  1  1  342.176  
78  0.889982  1  1  1  341.753  
79  0.888819  1  1  1  341.307  
80  0.88761  1  1  1  340.842  
81  0.886368  1  1  1  340.365  
82  0.885104  1  1  1  339.88  
83  0.883842  1  1  1  339.395  
84  0.882597  1  1  1  338.917  
85  0.881386  1  1  1  338.452  
86  0.880218  1  1  1  338.004  
87  0.87911  1  1  1  337.578  
88  0.878069  1  1  1  337.179  
89  0.877077  1  1  1  336.798  
90  0.876138  1  1  1  336.437  
91  0.875222  1  1  1  336.085  
92  0.8743  1  1  1  335.731  
93  0.873348  1  1  1  335.366  
94  0.872337  1  1  1  334.977  
95  0.871247  1  1  1  334.559  
96  0.870092  1  1  1  334.115  
97  0.868876  1  1  1  333.649  
98  0.867606  1  1  1  333.161  
99  0.866295  1  1  1  332.657  
100  0.864964  1  1  1  332.146  
101  0.863617  1  1  1  331.629  
102  0.862285  1  1  1  331.117  
103  0.860967  1  1  1  330.611  
104  0.859679  1  1  1  330.117  
105  0.858427  1  1  1  329.636  
106  0.857264  1  1  1  329.189  
107  0.856197  1  1  1  328.78  
108  0.855206  1  1  1  328.399  
109  0.854254  1  1  1  328.034  
110  0.853357  1  1  1  327.689  
111  0.852488  1  1  1  327.356  
112  0.85161  1  1  1  327.018  
113  0.850717  1  1  1  326.675  
114  0.849785  1  1  1  326.317  
115  0.848828  1  1  1  325.95  
116  0.847831  1  1  1  325.567  
117  0.846822  1  1  1  325.179  
118  0.845815  1  1  1  324.793  
119  0.844808  1  1  1  324.406  
120  0.843804  1  1  1  324.021  
121  0.8428  1  1  1  323.635  
122  0.841781  1  1  1  323.244  
123  0.840749  1  1  1  322.848  
124  0.839754  1  1  1  322.466  
125  0.838811  1  1  1  322.104  
126  0.837934  1  1  1  321.767  
127  0.837126  1  1  1  321.456  
128  0.836366  1  1  1  321.165  
129  0.835636  1  1  1  320.884  
130  0.83491  1  1  1  320.605  
131  0.834154  1  1  1  320.315  
132  0.833368  1  1  1  320.013  
133  0.832531  1  1  1  319.692  
134  0.831663  1  1  1  319.359  
135  0.830755  1  1  1  319.01  
136  0.829832  1  1  1  318.655  
137  0.828856  1  1  1  318.281  
138  0.827848  1  1  1  317.894  
139  0.826804  1  1  1  317.493  
140  0.82573  1  1  1  317.08  
141  0.824653  1  1  1  316.667  
142  0.823584  1  1  1  316.256  
143  0.822547  1  1  1  315.858  
144  0.821547  1  1  1  315.474  
145  0.820614  1  1  1  315.116  
146  0.819743  1  1  1  314.781  
147  0.818903  1  1  1  314.459  
148  0.818081  1  1  1  314.143  
149  0.817246  1  1  1  313.822  
150  0.816402  1  1  1  313.499  
151  0.815534  1  1  1  313.165  
152  0.814628  1  1  1  312.817  
153  0.813682  1  1  1  312.454  
154  0.81276  1  1  1  312.1  
155  0.811831  1  1  1  311.743  
156  0.810894  1  1  1  311.383  
157  0.809915  1  1  1  311.007  
158  0.808891  1  1  1  310.614  
159  0.807845  1  1  1  310.213  
160  0.806821  1  1  1  309.819  
161  0.805823  1  1  1  309.436  
162  0.804857  1  1  1  309.065  
163  0.803946  1  1  1  308.715  
164  0.803092  1  1  1  308.387  
165  0.802259  1  1  1  308.067  
166  0.801432  1  1  1  307.75  
167  0.800583  1  1  1  307.424  
168  0.799712  1  1  1  307.089  
169  0.798818  1  1  1  306.746  
170  0.797896  1  1  1  306.392  
171  0.796942  1  1  1  306.026  
172  0.795956  1  1  1  305.647  
173  0.794946  1  1  1  305.259  
174  0.793937  1  1  1  304.872  
175  0.792903  1  1  1  304.475  
176  0.791831  1  1  1  304.063  
177  0.790735  1  1  1  303.642  
178  0.789634  1  1  1  303.22  
179  0.788553  1  1  1  302.804  
180  0.787492  1  1  1  302.397  
181  0.78647  1  1  1  302.004  
182  0.785497  1  1  1  301.631  
183  0.784556  1  1  1  301.269  
184  0.783614  1  1  1  300.908  
185  0.782659  1  1  1  300.541  
186  0.78169  1  1  1  300.169  
187  0.780741  1  1  1  299.805  
188  0.77983  1  1  1  299.455  
189  0.778947  1  1  1  299.116  
190  0.778076  1  1  1  298.781  
191  0.777192  1  1  1  298.442  
192  0.776307  1  1  1  298.102  
193  0.775405  1  1  1  297.756  
194  0.774492  1  1  1  297.405  
195  0.773556  1  1  1  297.045  
196  0.772634  1  1  1  296.692  
197  0.771754  1  1  1  296.354  
198  0.770898  1  1  1  296.025  
199  0.77007  1  1  1  295.707  
200  0.769259  1  1  1  295.395  
201  0.768448  1  1  1  295.084  
202  0.767625  1  1  1  294.768  
203  0.766807  1  1  1  294.454  
204  0.76601  1  1  1  294.148  
205  0.765262  1  1  1  293.861  
206  0.76458  1  1  1  293.599  
207  0.763929  1  1  1  293.349  
208  0.763272  1  1  1  293.096  
209  0.762615  1  1  1  292.844  
210  0.761938  1  1  1  292.584  
211  0.761262  1  1  1  292.325  
212  0.760591  1  1  1  292.067  
213  0.759927  1  1  1  291.812  
214  0.759273  1  1  1  291.561  
215  0.758605  1  1  1  291.304  
216  0.757942  1  1  1  291.05  
217  0.75727  1  1  1  290.792  
218  0.756586  1  1  1  290.529  
219  0.755888  1  1  1  290.261  
220  0.755205  1  1  1  289.999  
221  0.754539  1  1  1  289.743  
222  0.753881  1  1  1  289.49  
223  0.753238  1  1  1  289.243  
224  0.7526  1  1  1  288.998  
225  0.751946  1  1  1  288.747  
226  0.751312  1  1  1  288.504  
227  0.750667  1  1  1  288.256  
228  0.750012  1  1  1  288.005  
229  0.749344  1  1  1  287.748  
230  0.74865  1  1  1  287.482  
231  0.747936  1  1  1  287.207  
232  0.747209  1  1  1  286.928  
233  0.746463  1  1  1  286.642  
234  0.745715  1  1  1  286.355  
235  0.74497  1  1  1  286.069  
236  0.744203  1  1  1  285.774  
237  0.743427  1  1  1  285.476  
238  0.742652  1  1  1  285.178  
239  0.741898  1  1  1  284.889  
240  0.741148  1  1  1  284.601  
241  0.74041  1  1  1  284.317  
242  0.739659  1  1  1  284.029  
243  0.738914  1  1  1  283.743  
244  0.738177  1  1  1  283.46  
245  0.737463  1  1  1  283.186  
246  0.736773  1  1  1  282.921  
247  0.73612  1  1  1  282.67  
248  0.735514  1  1  1  282.437  
249  0.734918  1  1  1  282.208  
250  0.734297  1  1  1  281.97  
251  0.733644  1  1  1  281.719  
252  0.732963  1  1  1  281.458  
253  0.732273  1  1  1  281.193  
254  0.731593  1  1  1  280.932  
255  0.730914  1  1  1  280.671  
256  0.730266  1  1  1  280.422  
257  0.729634  1  1  1  280.179  
258  0.728998  1  1  1  279.935  
259  0.728363  1  1  1  279.691  
260  0.727717  1  1  1  279.443  
261  0.727059  1  1  1  279.191  
262  0.726409  1  1  1  278.941  
263  0.725805  1  1  1  278.709  
264  0.725231  1  1  1  278.489  
265  0.724672  1  1  1  278.274  
266  0.724151  1  1  1  278.074  
267  0.72365  1  1  1  277.882  
268  0.72314  1  1  1  277.686  
269  0.722576  1  1  1  277.469  
270  0.721991  1  1  1  277.244  
271  0.721386  1  1  1  277.012  
272  0.720742  1  1  1  276.765  
273  0.720114  1  1  1  276.524  
274  0.7195  1  1  1  276.288  
275  0.718911  1  1  1  276.062  
276  0.718348  1  1  1  275.846  
277  0.71776  1  1  1  275.62  
278  0.717149  1  1  1  275.385  
279  0.716483  1  1  1  275.129  
280  0.715825  1  1  1  274.877  
281  0.715161  1  1  1  274.622  
282  0.714523  1  1  1  274.377  
283  0.713911  1  1  1  274.142  
284  0.713323  1  1  1  273.916  
285  0.712768  1  1  1  273.703  
286  0.712237  1  1  1  273.499  
287  0.711692  1  1  1  273.29  
288  0.711114  1  1  1  273.068  
289  0.710477  1  1  1  272.823  
290  0.709813  1  1  1  272.568  
291  0.709155  1  1  1  272.316  
292  0.708517  1  1  1  272.07  
293  0.707903  1  1  1  271.835  
294  0.707365  1  1  1  271.628  
295  0.70687  1  1  1  271.438  
296  0.706365  1  1  1  271.244  
297  0.705823  1  1  1  271.036  
298  0.705237  1  1  1  270.811  
299  0.704648  1  1  1  270.585  
300  0.704071  1  1  1  270.363  
301  0.703523  1  1  1  270.153  
302  0.703063  1  1  1  269.976  
303  0.702665  1  1  1  269.823  
304  0.702298  1  1  1  269.683  
305  0.701918  1  1  1  269.536  
306  0.701496  1  1  1  269.374  
307  0.700984  1  1  1  269.178  
308  0.700461  1  1  1  268.977  
309  0.699944  1  1  1  268.778  
310  0.699448  1  1  1  268.588  
311  0.698978  1  1  1  268.408  
312  0.698506  1  1  1  268.226  
313  0.69805  1  1  1  268.051  
314  0.697596  1  1  1  267.877  
315  0.697129  1  1  1  267.698  
316  0.696619  1  1  1  267.502  
317  0.696056  1  1  1  267.285  
318  0.695506  1  1  1  267.074  
319  0.694985  1  1  1  266.874  
320  0.694516  1  1  1  266.694  
321  0.694089  1  1  1  266.53  
322  0.693714  1  1  1  266.386  
323  0.693379  1  1  1  266.258  
324  0.693033  1  1  1  266.125  
325  0.692657  1  1  1  265.98  
326  0.692233  1  1  1  265.818  
327  0.691758  1  1  1  265.635  
328  0.691268  1  1  1  265.447  
329  0.690786  1  1  1  265.262  
330  0.690269  1  1  1  265.063  
331  0.689811  1  1  1  264.887  
332  0.689384  1  1  1  264.723  
333  0.688989  1  1  1  264.572  
334  0.68858  1  1  1  264.415  
335  0.68814  1  1  1  264.246  
336  0.687663  1  1  1  264.062  
337  0.687159  1  1  1  263.869  
338  0.686666  1  1  1  263.68  
339  0.686213  1  1  1  263.506  
340  0.685823  1  1  1  263.356  
341  0.685509  1  1  1  263.235  
342  0.685227  1  1  1  263.127  
343  0.684953  1  1  1  263.022  
344  0.684617  1  1  1  262.893  
345  0.684214  1  1  1  262.738  
346  0.68377  1  1  1  262.568  
347  0.683304  1  1  1  262.389  
348  0.682844  1  1  1  262.212  
349  0.682417  1  1  1  262.048  
350  0.682051  1  1  1  261.908  
351  0.681726  1  1  1  261.783  
352  0.681361  1  1  1  261.643  
353  0.680981  1  1  1  261.497  
354  0.680558  1  1  1  261.334  
355  0.68007  1  1  1  261.147  
356  0.679573  1  1  1  260.956  
357  0.679063  1  1  1  260.76  
358  0.678605  1  1  1  260.584  
359  0.67817  1  1  1  260.417  
360  0.677749  1  1  1  260.256  
361  0.67732  1  1  1  260.091  
362  0.676878  1  1  1  259.921  
363  0.676396  1  1  1  259.736  
364  0.675893  1  1  1  259.543  
365  0.67541  1  1  1  259.357  
366  0.674945  1  1  1  259.179  
367  0.674509  1  1  1  259.012  
368  0.674105  1  1  1  258.857  
369  0.673723  1  1  1  258.71  
370  0.673331  1  1  1  258.559  
371  0.672912  1  1  1  258.398  
372  0.672461  1  1  1  258.225  
373  0.671968  1  1  1  258.036  
374  0.671458  1  1  1  257.84  
375  0.67095  1  1  1  257.645  
376  0.670496  1  1  1  257.47  
377  0.670068  1  1  1  257.306  
378  0.669666  1  1  1  257.152  
379  0.669297  1  1  1  257.01  
380  0.668942  1  1  1  256.874  
381  0.668556  1  1  1  256.725  
382  0.668136  1  1  1  256.564  
383  0.667702  1  1  1  256.398  
384  0.667274  1  1  1  256.233  
385  0.666872  1  1  1  256.079  
386  0.666492  1  1  1  255.933  
387  0.666174  1  1  1  255.811  
388  0.665917  1  1  1  255.712  
389  0.665656  1  1  1  255.612  
390  0.665355  1  1  1  255.496  
391  0.665002  1  1  1  255.361  
392  0.664591  1  1  1  255.203  
393  0.664132  1  1  1  255.027  
394  0.663696  1  1  1  254.859  
395  0.663324  1  1  1  254.716  
396  0.663028  1  1  1  254.603  
397  0.662796  1  1  1  254.514  
398  0.662576  1  1  1  254.429  
399  0.662316  1  1  1  254.329  
400  0.661994  1  1  1  254.206  
401  0.661628  1  1  1  254.065  
402  0.661263  1  1  1  253.925  
403  0.660916  1  1  1  253.792  
404  0.660582  1  1  1  253.664  
405  0.660304  1  1  1  253.557  
406  0.660123  1  1  1  253.487  
407  0.659961  1  1  1  253.425  
408  0.659769  1  1  1  253.351  
409  0.659543  1  1  1  253.265  
410  0.659293  1  1  1  253.168  
411  0.659011  1  1  1  253.06  
412  0.6587  1  1  1  252.941  
413  0.658385  1  1  1  252.82  
414  0.658114  1  1  1  252.716  
415  0.657856  1  1  1  252.617  
416  0.657625  1  1  1  252.528  
417  0.657364  1  1  1  252.428  
418  0.657032  1  1  1  252.3  
419  0.656645  1  1  1  252.152  
420  0.656204  1  1  1  251.982  
421  0.655765  1  1  1  251.814  
422  0.655342  1  1  1  251.651  
423  0.654951  1  1  1  251.501  
424  0.654607  1  1  1  251.369  
425  0.654277  1  1  1  251.242  
426  0.653947  1  1  1  251.116  
427  0.653539  1  1  1  250.959  
428  0.653091  1  1  1  250.787  
429  0.652633  1  1  1  250.611  
430  0.652186  1  1  1  250.439  
431  0.651758  1  1  1  250.275  
432  0.651343  1  1  1  250.116  
433  0.65093  1  1  1  249.957  
434  0.650537  1  1  1  249.806  
435  0.650192  1  1  1  249.674  
436  0.649837  1  1  1  249.538  
437  0.649458  1  1  1  249.392  
438  0.649057  1  1  1  249.238  
439  0.648696  1  1  1  249.099  
440  0.648366  1  1  1  248.972  
441  0.648033  1  1  1  248.845  
442  0.64769  1  1  1  248.713  
443  0.647358  1  1  1  248.586  
444  0.64705  1  1  1  248.467  
445  0.646738  1  1  1  248.348  
446  0.646422  1  1  1  248.226  
447  0.646102  1  1  1  248.103  
448  0.645782  1  1  1  247.98  
449  0.645452  1  1  1  247.853  
450  0.645094  1  1  1  247.716  
451  0.644729  1  1  1  247.576  
452  0.644408  1  1  1  247.453  
453  0.644117  1  1  1  247.341  
454  0.643854  1  1  1  247.24  
455  0.643625  1  1  1  247.152  
456  0.643382  1  1  1  247.059  
457  0.643102  1  1  1  246.951  
458  0.642758  1  1  1  246.819  
459  0.64242  1  1  1  246.689  
460  0.642129  1  1  1  246.578  
461  0.641906  1  1  1  246.492  
462  0.641716  1  1  1  246.419  
463  0.641526  1  1  1  246.346  
464  0.641342  1  1  1  246.275  
465  0.641146  1  1  1  246.2  
466  0.640911  1  1  1  246.11  
467  0.640619  1  1  1  245.998  
468  0.640295  1  1  1  245.873  
469  0.639999  1  1  1  245.76  
470  0.639726  1  1  1  245.655  
471  0.639453  1  1  1  245.55  
472  0.639188  1  1  1  245.448  
473  0.638941  1  1  1  245.353  
474  0.638693  1  1  1  245.258  
475  0.638397  1  1  1  245.144  
476  0.638065  1  1  1  245.017  
477  0.637711  1  1  1  244.881  
478  0.637377  1  1  1  244.753  
479  0.637069  1  1  1  244.635  
480  0.636767  1  1  1  244.519  
481  0.636478  1  1  1  244.407  
482  0.636203  1  1  1  244.302  
483  0.635921  1  1  1  244.194  
484  0.6356  1  1  1  244.07  
485  0.63522  1  1  1  243.924  
486  0.634816  1  1  1  243.769  
487  0.634423  1  1  1  243.618  
488  0.634051  1  1  1  243.475  
489  0.633696  1  1  1  243.339  
490  0.63335  1  1  1  243.206  
491  0.633038  1  1  1  243.087  
492  0.632684  1  1  1  242.951  
493  0.632337  1  1  1  242.817  
494  0.631975  1  1  1  242.678  
495  0.631576  1  1  1  242.525  
496  0.631191  1  1  1  242.377  
497  0.630856  1  1  1  242.249  
498  0.630564  1  1  1  242.137  
499  0.63029  1  1  1  242.031  
500  0.63  1  1  1  241.92  
501  0.629708  1  1  1  241.808  
502  0.629393  1  1  1  241.687  
503  0.629062  1  1  1  241.56  
504  0.628732  1  1  1  241.433  
505  0.628422  1  1  1  241.314  
506  0.628163  1  1  1  241.215  
507  0.627926  1  1  1  241.124  
508  0.627662  1  1  1  241.022  
509  0.627382  1  1  1  240.915  
510  0.627085  1  1  1  240.801  
511  0.62678  1  1  1  240.684  
512  0.626476  1  1  1  240.567  
513  0.626183  1  1  1  240.454  
514  0.625928  1  1  1  240.357  
515  0.625714  1  1  1  240.274  
516  0.625514  1  1  1  240.197  
517  0.625324  1  1  1  240.124  
518  0.62513  1  1  1  240.05  
519  0.624916  1  1  1  239.968  
520  0.62469  1  1  1  239.881  
521  0.624462  1  1  1  239.794  
522  0.62425  1  1  1  239.712  
523  0.62405  1  1  1  239.635  
524  0.62388  1  1  1  239.57  
525  0.623743  1  1  1  239.517  
526  0.623587  1  1  1  239.457  
527  0.623387  1  1  1  239.381  
528  0.623174  1  1  1  239.299  
529  0.622897  1  1  1  239.192  
530  0.622586  1  1  1  239.073  
531  0.622305  1  1  1  238.965  
532  0.622047  1  1  1  238.866  
533  0.621828  1  1  1  238.782  
534  0.621615  1  1  1  238.7  
535  0.621389  1  1  1  238.613  
536  0.621143  1  1  1  238.519  
537  0.620909  1  1  1  238.429  
538  0.620672  1  1  1  238.338  
539  0.620436  1  1  1  238.247  
540  0.620216  1  1  1  238.163  
541  0.620004  1  1  1  238.082  
542  0.619783  1  1  1  237.997  
543  0.619556  1  1  1  237.91  
544  0.619329  1  1  1  237.822  
545  0.619109  1  1  1  237.738  
546  0.618896  1  1  1  237.656  
547  0.618704  1  1  1  237.582  
548  0.618456  1  1  1  237.487  
549  0.618201  1  1  1  237.389  
550  0.617944  1  1  1  237.291  
551  0.617678  1  1  1  237.188  
552  0.617428  1  1  1  237.092  
553  0.617187  1  1  1  237  
554  0.61697  1  1  1  236.916  
555  0.616777  1  1  1  236.842  
556  0.616598  1  1  1  236.774  
557  0.616376  1  1  1  236.688  
558  0.616105  1  1  1  236.584  
559  0.615841  1  1  1  236.483  
560  0.615579  1  1  1  236.382  
561  0.615296  1  1  1  236.274  
562  0.615045  1  1  1  236.177  
563  0.614828  1  1  1  236.094  
564  0.614629  1  1  1  236.017  
565  0.614374  1  1  1  235.92  
566  0.614071  1  1  1  235.803  
567  0.613743  1  1  1  235.677  
568  0.61341  1  1  1  235.549  
569  0.61309  1  1  1  235.427  
570  0.612775  1  1  1  235.306  
571  0.612471  1  1  1  235.189  
572  0.6122  1  1  1  235.085  
573  0.611965  1  1  1  234.994  
574  0.611757  1  1  1  234.915  
575  0.611522  1  1  1  234.824  
576  0.611231  1  1  1  234.713  
577  0.610917  1  1  1  234.592  
578  0.610605  1  1  1  234.472  
579  0.610315  1  1  1  234.361  
580  0.610054  1  1  1  234.261  
581  0.609811  1  1  1  234.167  
582  0.609608  1  1  1  234.089  
583  0.609447  1  1  1  234.028  
584  0.609295  1  1  1  233.969  
585  0.609125  1  1  1  233.904  
586  0.608927  1  1  1  233.828  
587  0.608722  1  1  1  233.749  
588  0.608511  1  1  1  233.668  
589  0.608293  1  1  1  233.584  
590  0.608094  1  1  1  233.508  
591  0.607947  1  1  1  233.452  
592  0.607831  1  1  1  233.407  
593  0.607733  1  1  1  233.37  
594  0.607596  1  1  1  233.317  
595  0.607448  1  1  1  233.26  
596  0.607285  1  1  1  233.197  
597  0.607101  1  1  1  233.127  
598  0.606866  1  1  1  233.037  
599  0.606617  1  1  1  232.941  
600  0.606386  1  1  1  232.852  
601  0.606181  1  1  1  232.774  
602  0.606002  1  1  1  232.705  
603  0.605825  1  1  1  232.637  
604  0.605641  1  1  1  232.566  
605  0.605431  1  1  1  232.485  
606  0.605179  1  1  1  232.389  
607  0.60492  1  1  1  232.289  
608  0.60461  1  1  1  232.17  
609  0.604318  1  1  1  232.058  
610  0.604059  1  1  1  231.959  
611  0.603823  1  1  1  231.868  
612  0.603602  1  1  1  231.783  
613  0.603384  1  1  1  231.699  
614  0.603142  1  1  1  231.606  
615  0.602862  1  1  1  231.499  
616  0.602528  1  1  1  231.371  
617  0.6022  1  1  1  231.245  
618  0.601885  1  1  1  231.124  
619  0.60162  1  1  1  231.022  
620  0.601396  1  1  1  230.936  
621  0.601205  1  1  1  230.863  
622  0.601007  1  1  1  230.787  
623  0.600771  1  1  1  230.696  
624  0.600502  1  1  1  230.593  
625  0.600196  1  1  1  230.475  
626  0.599867  1  1  1  230.349  
627  0.599547  1  1  1  230.226  
628  0.599258  1  1  1  230.115  
629  0.598996  1  1  1  230.014  
630  0.598771  1  1  1  229.928  
631  0.598587  1  1  1  229.857  
632  0.598402  1  1  1  229.787  
633  0.598158  1  1  1  229.693  
634  0.597859  1  1  1  229.578  
635  0.597557  1  1  1  229.462  
636  0.597267  1  1  1  229.35  
637  0.597006  1  1  1  229.25  
638  0.596795  1  1  1  229.169  
639  0.596633  1  1  1  229.107  
640  0.596489  1  1  1  229.052  
641  0.596326  1  1  1  228.989  
642  0.596114  1  1  1  228.908  
643  0.595856  1  1  1  228.809  
644  0.595566  1  1  1  228.697  
645  0.59527  1  1  1  228.584  
646  0.59503  1  1  1  228.492  
647  0.594826  1  1  1  228.413  
648  0.594658  1  1  1  228.349  
649  0.594511  1  1  1  228.292  
650  0.594347  1  1  1  228.229  
651  0.59416  1  1  1  228.158  
652  0.593932  1  1  1  228.07  
653  0.593674  1  1  1  227.971  
654  0.593423  1  1  1  227.874  
655  0.593213  1  1  1  227.794  
656  0.593059  1  1  1  227.735  
657  0.592928  1  1  1  227.684  
658  0.592814  1  1  1  227.641  
659  0.592694  1  1  1  227.595  
660  0.592546  1  1  1  227.538  
661  0.592366  1  1  1  227.468  
662  0.592162  1  1  1  227.39  
663  0.591952  1  1  1  227.309  
664  0.591727  1  1  1  227.223  
665  0.591482  1  1  1  227.129  
666  0.591252  1  1  1  227.041  
667  0.591026  1  1  1  226.954  
668  0.590798  1  1  1  226.866  
669  0.590554  1  1  1  226.773  
670  0.590292  1  1  1  226.672  
671  0.59001  1  1  1  226.564  
672  0.589733  1  1  1  226.457  
673  0.589458  1  1  1  226.352  
674  0.589186  1  1  1  226.247  
675  0.588905  1  1  1  226.139  
676  0.588623  1  1  1  226.031  
677  0.588384  1  1  1  225.94  
678  0.588156  1  1  1  225.852  
679  0.587905  1  1  1  225.756  
680  0.587628  1  1  1  225.649  
681  0.587346  1  1  1  225.541  
682  0.587058  1  1  1  225.43  
683  0.586753  1  1  1  225.313  
684  0.586441  1  1  1  225.193  
685  0.586147  1  1  1  225.081  
686  0.585881  1  1  1  224.978  
687  0.585635  1  1  1  224.884  
688  0.585393  1  1  1  224.791  
689  0.585158  1  1  1  224.701  
690  0.584915  1  1  1  224.607  
691  0.584659  1  1  1  224.509  
692  0.584408  1  1  1  224.413  
693  0.584163  1  1  1  224.319  
694  0.583945  1  1  1  224.235  
695  0.583746  1  1  1  224.159  
696  0.583563  1  1  1  224.088  
697  0.583405  1  1  1  224.028  
698  0.583236  1  1  1  223.963  
699  0.583026  1  1  1  223.882  
700  0.582791  1  1  1  223.792  
701  0.582521  1  1  1  223.688  
702  0.582251  1  1  1  223.584  
703  0.581987  1  1  1  223.483  
704  0.58176  1  1  1  223.396  
705  0.581559  1  1  1  223.319  
706  0.581361  1  1  1  223.243  
707  0.581136  1  1  1  223.156  
708  0.580934  1  1  1  223.079  
709  0.580735  1  1  1  223.002  
710  0.580551  1  1  1  222.931  
711  0.580394  1  1  1  222.871  
712  0.580249  1  1  1  222.816  
713  0.580132  1  1  1  222.771  
714  0.580021  1  1  1  222.728  
715  0.579905  1  1  1  222.684  
716  0.579779  1  1  1  222.635  
717  0.579625  1  1  1  222.576  
718  0.579442  1  1  1  222.506  
719  0.579216  1  1  1  222.419  
720  0.578952  1  1  1  222.318  
721  0.578685  1  1  1  222.215  
722  0.578438  1  1  1  222.12  
723  0.578205  1  1  1  222.031  
724  0.578  1  1  1  221.952  
725  0.577805  1  1  1  221.877  
726  0.57761  1  1  1  221.802  
727  0.577412  1  1  1  221.726  
728  0.57718  1  1  1  221.637  
729  0.57695  1  1  1  221.549  
730  0.576724  1  1  1  221.462  
731  0.576488  1  1  1  221.371  
732  0.576257  1  1  1  221.283  
733  0.576032  1  1  1  221.196  
734  0.575815  1  1  1  221.113  
735  0.575625  1  1  1  221.04  
736  0.575413  1  1  1  220.959  
737  0.575177  1  1  1  220.868  
738  0.574917  1  1  1  220.768  
739  0.574642  1  1  1  220.663  
740  0.574369  1  1  1  220.558  
741  0.574092  1  1  1  220.451  
742  0.573812  1  1  1  220.344  
743  0.573566  1  1  1  220.249  
744  0.573331  1  1  1  220.159  
745  0.573095  1  1  1  220.068  
746  0.572849  1  1  1  219.974  
747  0.572631  1  1  1  219.89  
748  0.572411  1  1  1  219.806  
749  0.572179  1  1  1  219.717  
750  0.571934  1  1  1  219.623  
751  0.57167  1  1  1  219.521  
752  0.571411  1  1  1  219.422  
753  0.571169  1  1  1  219.329  
754  0.570917  1  1  1  219.232  
755  0.570677  1  1  1  219.14  
756  0.570466  1  1  1  219.059  
757  0.570266  1  1  1  218.982  
758  0.57006  1  1  1  218.903  
759  0.569832  1  1  1  218.815  
760  0.569544  1  1  1  218.705  
761  0.569239  1  1  1  218.588  
762  0.568959  1  1  1  218.48  
763  0.568716  1  1  1  218.387  
764  0.568522  1  1  1  218.313  
765  0.56838  1  1  1  218.258  
766  0.568276  1  1  1  218.218  
767  0.56818  1  1  1  218.181  
768  0.568055  1  1  1  218.133  
769  0.567889  1  1  1  218.069  
770  0.56772  1  1  1  218.004  
771  0.567574  1  1  1  217.949  
772  0.567445  1  1  1  217.899  
773  0.567315  1  1  1  217.849  
774  0.567204  1  1  1  217.806  
775  0.567119  1  1  1  217.774  
776  0.56702  1  1  1  217.736  
777  0.566869  1  1  1  217.678  
778  0.566674  1  1  1  217.603  
779  0.566467  1  1  1  217.523  
780  0.566254  1  1  1  217.442  
781  0.56605  1  1  1  217.363  
782  0.565866  1  1  1  217.292  
783  0.565679  1  1  1  217.221  
784  0.565523  1  1  1  217.161  
785  0.565382  1  1  1  217.107  
786  0.565227  1  1  1  217.047  
787  0.56507  1  1  1  216.987  
788  0.564869  1  1  1  216.91  
789  0.564638  1  1  1  216.821  
790  0.564445  1  1  1  216.747  
791  0.564255  1  1  1  216.674  
792  0.564084  1  1  1  216.608  
793  0.563943  1  1  1  216.554  
794  0.563807  1  1  1  216.502  
795  0.563689  1  1  1  216.456  
796  0.563529  1  1  1  216.395  
797  0.563306  1  1  1  216.31  
798  0.563035  1  1  1  216.205  
799  0.562746  1  1  1  216.095  
800  0.562498  1  1  1  215.999  
801  0.562281  1  1  1  215.916  
802  0.562086  1  1  1  215.841  
803  0.561932  1  1  1  215.782  
804  0.561783  1  1  1  215.725  
805  0.561629  1  1  1  215.665  
806  0.561424  1  1  1  215.587  
807  0.561201  1  1  1  215.501  
808  0.560926  1  1  1  215.396  
809  0.560665  1  1  1  215.295  
810  0.560406  1  1  1  215.196  
811  0.560203  1  1  1  215.118  
812  0.560042  1  1  1  215.056  
813  0.559902  1  1  1  215.002  
814  0.559738  1  1  1  214.94  
815  0.559528  1  1  1  214.859  
816  0.55926  1  1  1  214.756  
817  0.558939  1  1  1  214.633  
818  0.558616  1  1  1  214.508  
819  0.558298  1  1  1  214.386  
820  0.558034  1  1  1  214.285  
821  0.557814  1  1  1  214.2  
822  0.557658  1  1  1  214.141  
823  0.55753  1  1  1  214.091  
824  0.557393  1  1  1  214.039  
825  0.557194  1  1  1  213.963  
826  0.556923  1  1  1  213.858  
827  0.55662  1  1  1  213.742  
828  0.556311  1  1  1  213.623  
829  0.556052  1  1  1  213.524  
830  0.55588  1  1  1  213.458  
831  0.55577  1  1  1  213.415  
832  0.555694  1  1  1  213.387  
833  0.555603  1  1  1  213.352  
834  0.555481  1  1  1  213.305  
835  0.555312  1  1  1  213.24  
836  0.555108  1  1  1  213.162  
837  0.554901  1  1  1  213.082  
838  0.55473  1  1  1  213.016  
839  0.55458  1  1  1  212.959  
840  0.554478  1  1  1  212.92  
841  0.554406  1  1  1  212.892  
842  0.554337  1  1  1  212.866  
843  0.554239  1  1  1  212.828  
844  0.55409  1  1  1  212.771  
845  0.553908  1  1  1  212.701  
846  0.553723  1  1  1  212.63  
847  0.55357  1  1  1  212.571  
848  0.553466  1  1  1  212.531  
849  0.553381  1  1  1  212.498  
850  0.553327  1  1  1  212.478  
851  0.553286  1  1  1  212.462  
852  0.553211  1  1  1  212.433  
853  0.553082  1  1  1  212.384  
854  0.552932  1  1  1  212.326  
855  0.552769  1  1  1  212.263  
856  0.55261  1  1  1  212.202  
857  0.552467  1  1  1  212.147  
858  0.552336  1  1  1  212.097  
859  0.552181  1  1  1  212.038  
860  0.551986  1  1  1  211.962  
861  0.551755  1  1  1  211.874  
862  0.551492  1  1  1  211.773  
863  0.551218  1  1  1  211.668  
864  0.550932  1  1  1  211.558  
865  0.550704  1  1  1  211.471  
866  0.550491  1  1  1  211.389  
867  0.550306  1  1  1  211.318  
868  0.550098  1  1  1  211.238  
869  0.549865  1  1  1  211.148  
870  0.54962  1  1  1  211.054  
871  0.549363  1  1  1  210.955  
872  0.549098  1  1  1  210.854  
873  0.548828  1  1  1  210.75  
874  0.548585  1  1  1  210.656  
875  0.548387  1  1  1  210.581  
876  0.548189  1  1  1  210.504  
877  0.547951  1  1  1  210.413  
878  0.547671  1  1  1  210.306  
879  0.547384  1  1  1  210.196  
880  0.547103  1  1  1  210.088  
881  0.546826  1  1  1  209.981  
882  0.546577  1  1  1  209.885  
883  0.546364  1  1  1  209.804  
884  0.546184  1  1  1  209.734  
885  0.546034  1  1  1  209.677  
886  0.545887  1  1  1  209.621  
887  0.545737  1  1  1  209.563  
888  0.545582  1  1  1  209.503  
889  0.545413  1  1  1  209.439  
890  0.545259  1  1  1  209.379  
891  0.545118  1  1  1  209.325  
892  0.544987  1  1  1  209.275  
893  0.544872  1  1  1  209.231  
894  0.544757  1  1  1  209.187  
895  0.54463  1  1  1  209.138  
896  0.544488  1  1  1  209.083  
897  0.544288  1  1  1  209.007  
898  0.544077  1  1  1  208.926  
899  0.543894  1  1  1  208.855  
900  0.5437  1  1  1  208.781  
901  0.543518  1  1  1  208.711  
902  0.543367  1  1  1  208.653  
903  0.543233  1  1  1  208.601  
904  0.543115  1  1  1  208.556  
905  0.543019  1  1  1  208.519  
906  0.542883  1  1  1  208.467  
907  0.542724  1  1  1  208.406  
908  0.542589  1  1  1  208.354  
909  0.542459  1  1  1  208.304  
910  0.542349  1  1  1  208.262  
911  0.542249  1  1  1  208.224  
912  0.542155  1  1  1  208.188  
913  0.542055  1  1  1  208.149  
914  0.541913  1  1  1  208.095  
915  0.541728  1  1  1  208.024  
916  0.541506  1  1  1  207.938  
917  0.541265  1  1  1  207.846  
918  0.541023  1  1  1  207.753  
919  0.540783  1  1  1  207.66  
920  0.540529  1  1  1  207.563  
921  0.540277  1  1  1  207.466  
922  0.540039  1  1  1  207.375  
923  0.539815  1  1  1  207.289  
924  0.539586  1  1  1  207.201  
925  0.539339  1  1  1  207.106  
926  0.539085  1  1  1  207.009  
927  0.538864  1  1  1  206.924  
928  0.538675  1  1  1  206.851  
929  0.5385  1  1  1  206.784  
930  0.538367  1  1  1  206.733  
931  0.538254  1  1  1  206.69  
932  0.538127  1  1  1  206.641  
933  0.537942  1  1  1  206.57  
934  0.537711  1  1  1  206.481  
935  0.537462  1  1  1  206.385  
936  0.537213  1  1  1  206.29  
937  0.536996  1  1  1  206.206  
938  0.536819  1  1  1  206.139  
939  0.536655  1  1  1  206.075  
940  0.536492  1  1  1  206.013  
941  0.53634  1  1  1  205.954  
942  0.536136  1  1  1  205.876  
943  0.535903  1  1  1  205.787  
944  0.535657  1  1  1  205.692  
945  0.535426  1  1  1  205.604  
946  0.535234  1  1  1  205.53  
947  0.535053  1  1  1  205.46  
948  0.534918  1  1  1  205.408  
949  0.534799  1  1  1  205.363  
950  0.534687  1  1  1  205.32  
951  0.534537  1  1  1  205.262  
952  0.534364  1  1  1  205.196  
953  0.534194  1  1  1  205.131  
954  0.534045  1  1  1  205.073  
955  0.533916  1  1  1  205.024  
956  0.533787  1  1  1  204.974  
957  0.533646  1  1  1  204.92  
958  0.533499  1  1  1  204.864  
959  0.533345  1  1  1  204.805  
960  0.533185  1  1  1  204.743  
961  0.53303  1  1  1  204.683  
962  0.532887  1  1  1  204.629  
963  0.532777  1  1  1  204.586  
964  0.532677  1  1  1  204.548  
965  0.532594  1  1  1  204.516  
966  0.532506  1  1  1  204.482  
967  0.532445  1  1  1  204.459  
968  0.532355  1  1  1  204.424  
969  0.532217  1  1  1  204.371  
970  0.53205  1  1  1  204.307  
971  0.531885  1  1  1  204.244  
972  0.531731  1  1  1  204.185  
973  0.531568  1  1  1  204.122  
974  0.531406  1  1  1  204.06  
975  0.531232  1  1  1  203.993  
976  0.531043  1  1  1  203.921  
977  0.530829  1  1  1  203.838  
978  0.530568  1  1  1  203.738  
979  0.530333  1  1  1  203.648  
980  0.530151  1  1  1  203.578  
981  0.529998  1  1  1  203.519  
982  0.529856  1  1  1  203.465  
983  0.529734  1  1  1  203.418  
984  0.529617  1  1  1  203.373  
985  0.529456  1  1  1  203.311  
986  0.529271  1  1  1  203.24  
987  0.529056  1  1  1  203.158  
988  0.528838  1  1  1  203.074  
989  0.528628  1  1  1  202.993  
990  0.528427  1  1  1  202.916  
991  0.528212  1  1  1  202.833  
992  0.527999  1  1  1  202.752  
993  0.52778  1  1  1  202.667  
994  0.527537  1  1  1  202.574  
995  0.52726  1  1  1  202.468  
996  0.526958  1  1  1  202.352  
997  0.52666  1  1  1  202.238  
998  0.526415  1  1  1  202.144  
999  0.526243  1  1  1  202.077  
1000  0.526118  1  1  1  202.029  
1001  0.526003  1  1  1  201.985  
1002  0.525882  1  1  1  201.939  
1003  0.525743  1  1  1  201.885  
1004  0.525576  1  1  1  201.821  
1005  0.525388  1  1  1  201.749  
1006  0.525208  1  1  1  201.68  
1007  0.52505  1  1  1  201.619  
1008  0.524924  1  1  1  201.571  
1009  0.524804  1  1  1  201.525  
1010  0.524657  1  1  1  201.468  
1011  0.524484  1  1  1  201.402  
1012  0.524245  1  1  1  201.31  
1013  0.523956  1  1  1  201.199  
1014  0.523655  1  1  1  201.084  
1015  0.523377  1  1  1  200.977  
1016  0.523185  1  1  1  200.903  
1017  0.523094  1  1  1  200.868  
1018  0.523033  1  1  1  200.845  
1019  0.522936  1  1  1  200.807  
1020  0.522798  1  1  1  200.755  
1021  0.522659  1  1  1  200.701  
1022  0.522493  1  1  1  200.637  
1023  0.522329  1  1  1  200.574  
1024  0.522173  1  1  1  200.514  
1025  0.522059  1  1  1  200.471  
1026  0.521996  1  1  1  200.446  
1027  0.521951  1  1  1  200.429  
1028  0.521857  1  1  1  200.393  
1029  0.521718  1  1  1  200.34  
1030  0.521522  1  1  1  200.264  
1031  0.521311  1  1  1  200.183  
1032  0.521102  1  1  1  200.103  
1033  0.520879  1  1  1  200.017  
1034  0.520733  1  1  1  199.961  
1035  0.52067  1  1  1  199.937  
1036  0.520645  1  1  1  199.928  
1037  0.520617  1  1  1  199.917  
1038  0.520553  1  1  1  199.892  
1039  0.520435  1  1  1  199.847  
1040  0.520281  1  1  1  199.788  
1041  0.520103  1  1  1  199.72  
1042  0.51993  1  1  1  199.653  
1043  0.519782  1  1  1  199.596  
1044  0.519681  1  1  1  199.557  
1045  0.519606  1  1  1  199.529  
1046  0.519512  1  1  1  199.493  
1047  0.519358  1  1  1  199.433  
1048  0.519162  1  1  1  199.358  
1049  0.518916  1  1  1  199.264  
1050  0.518644  1  1  1  199.159  
1051  0.518385  1  1  1  199.06  
1052  0.518173  1  1  1  198.978  
1053  0.518021  1  1  1  198.92  
1054  0.51793  1  1  1  198.885  
1055  0.517855  1  1  1  198.856  
1056  0.517751  1  1  1  198.816  
1057  0.517588  1  1  1  198.754  
1058  0.517388  1  1  1  198.677  
1059  0.517171  1  1  1  198.594  
1060  0.516959  1  1  1  198.512  
1061  0.516764  1  1  1  198.437  
1062  0.516611  1  1  1  198.379  
1063  0.516495  1  1  1  198.334  
1064  0.516384  1  1  1  198.292  
1065  0.516245  1  1  1  198.238  
1066  0.516046  1  1  1  198.162  
1067  0.515787  1  1  1  198.062  
1068  0.515476  1  1  1  197.943  
1069  0.515138  1  1  1  197.813  
1070  0.514834  1  1  1  197.696  
1071  0.514612  1  1  1  197.611  
1072  0.514478  1  1  1  197.559  
1073  0.514399  1  1  1  197.529  
1074  0.514318  1  1  1  197.498  
1075  0.514216  1  1  1  197.459  
1076  0.514066  1  1  1  197.401  
1077  0.513868  1  1  1  197.325  
1078  0.513655  1  1  1  197.243  
1079  0.513446  1  1  1  197.163  
1080  0.51328  1  1  1  197.1  
1081  0.513169  1  1  1  197.057  
1082  0.5131  1  1  1  197.03  
1083  0.513038  1  1  1  197.007  
1084  0.512986  1  1  1  196.987  
1085  0.512904  1  1  1  196.955  
1086  0.512726  1  1  1  196.887  
1087  0.51253  1  1  1  196.812  
1088  0.512367  1  1  1  196.749  
1089  0.51225  1  1  1  196.704  
1090  0.512189  1  1  1  196.68  
1091  0.512201  1  1  1  196.685  
1092  0.51225  1  1  1  196.704  
1093  0.512297  1  1  1  196.722  
1094  0.512277  1  1  1  196.715  
1095  0.512189  1  1  1  196.681  
1096  0.512053  1  1  1  196.628  
1097  0.511889  1  1  1  196.565  
1098  0.511742  1  1  1  196.509  
1099  0.511638  1  1  1  196.469  
1100  0.511587  1  1  1  196.449  
1101  0.511559  1  1  1  196.439  
1102  0.511525  1  1  1  196.426  
1103  0.511448  1  1  1  196.396  
1104  0.511307  1  1  1  196.342  
1105  0.511091  1  1  1  196.259  
1106  0.510832  1  1  1  196.16  
1107  0.510569  1  1  1  196.059  
1108  0.51033  1  1  1  195.967  
1109  0.510129  1  1  1  195.89  
1110  0.509975  1  1  1  195.831  
1111  0.50983  1  1  1  195.775  
1112  0.509683  1  1  1  195.718  
1113  0.509496  1  1  1  195.646  
1114  0.509239  1  1  1  195.548  
1115  0.508943  1  1  1  195.434  
1116  0.508649  1  1  1  195.321  
1117  0.508392  1  1  1  195.223  
1118  0.508176  1  1  1  195.14  
1119  0.507978  1  1  1  195.064  
1120  0.50783  1  1  1  195.007  
1121  0.507673  1  1  1  194.947  
1122  0.507475  1  1  1  194.87  
1123  0.507227  1  1  1  194.775  
1124  0.506942  1  1  1  194.666  
1125  0.506646  1  1  1  194.552  
1126  0.506302  1  1  1  194.42  
1127  0.506015  1  1  1  194.31  
1128  0.505772  1  1  1  194.216  
1129  0.505556  1  1  1  194.133  
1130  0.505344  1  1  1  194.052  
1131  0.505115  1  1  1  193.964  
1132  0.504893  1  1  1  193.879  
1133  0.504648  1  1  1  193.785  
1134  0.504385  1  1  1  193.684  
1135  0.50412  1  1  1  193.582  
1136  0.503903  1  1  1  193.499  
1137  0.503774  1  1  1  193.449  
1138  0.503668  1  1  1  193.408  
1139  0.503548  1  1  1  193.362  
1140  0.50341  1  1  1  193.309  
1141  0.503272  1  1  1  193.256  
1142  0.503126  1  1  1  193.2  
1143  0.502964  1  1  1  193.138  
1144  0.502807  1  1  1  193.078  
1145  0.502667  1  1  1  193.024  
1146  0.502556  1  1  1  192.982  
1147  0.502449  1  1  1  192.94  
1148  0.502341  1  1  1  192.899  
1149  0.50223  1  1  1  192.856  
1150  0.502132  1  1  1  192.819  
1151  0.50204  1  1  1  192.783  
1152  0.501945  1  1  1  192.747  
1153  0.501849  1  1  1  192.71  
1154  0.501788  1  1  1  192.687  
1155  0.501747  1  1  1  192.671  
1156  0.501702  1  1  1  192.654  
1157  0.501667  1  1  1  192.64  
1158  0.50159  1  1  1  192.61  
1159  0.501507  1  1  1  192.579  
1160  0.501431  1  1  1  192.55  
1161  0.501344  1  1  1  192.516  
1162  0.501236  1  1  1  192.475  
1163  0.501111  1  1  1  192.427  
1164  0.500987  1  1  1  192.379  
1165  0.500851  1  1  1  192.327  
1166  0.500704  1  1  1  192.27  
1167  0.500546  1  1  1  192.21  
1168  0.500378  1  1  1  192.145  
1169  0.500184  1  1  1  192.071  
1170  0.499959  1  1  1  191.984  
1171  0.49971  1  1  1  191.889  
1172  0.499475  1  1  1  191.798  
1173  0.499231  1  1  1  191.705  
1174  0.498998  1  1  1  191.615  
1175  0.498756  1  1  1  191.522  
1176  0.498536  1  1  1  191.438  
1177  0.498338  1  1  1  191.362  
1178  0.498145  1  1  1  191.288  
1179  0.497944  1  1  1  191.211  
1180  0.497724  1  1  1  191.126  
1181  0.497487  1  1  1  191.035  
1182  0.497228  1  1  1  190.936  
1183  0.49695  1  1  1  190.829  
1184  0.496667  1  1  1  190.72  
1185  0.49642  1  1  1  190.625  
1186  0.496219  1  1  1  190.548  
1187  0.496056  1  1  1  190.485  
1188  0.495918  1  1  1  190.432  
1189  0.495754  1  1  1  190.37  
1190  0.495578  1  1  1  190.302  
1191  0.49539  1  1  1  190.23  
1192  0.4952  1  1  1  190.157  
1193  0.49503  1  1  1  190.092  
1194  0.494927  1  1  1  190.052  
1195  0.494906  1  1  1  190.044  
1196  0.49492  1  1  1  190.049  
1197  0.494912  1  1  1  190.046  
1198  0.494842  1  1  1  190.019  
1199  0.494718  1  1  1  189.972  
1200  0.494536  1  1  1  189.902  
1201  0.494339  1  1  1  189.826  
1202  0.494171  1  1  1  189.762  
1203  0.494061  1  1  1  189.719  
1204  0.494008  1  1  1  189.699  
1205  0.493986  1  1  1  189.691  
1206  0.493969  1  1  1  189.684  
1207  0.493914  1  1  1  189.663  
1208  0.493768  1  1  1  189.607  
1209  0.493571  1  1  1  189.531  
1210  0.493355  1  1  1  189.448  
1211  0.493178  1  1  1  189.38  
1212  0.49305  1  1  1  189.331  
1213  0.492969  1  1  1  189.3  
1214  0.492927  1  1  1  189.284  
1215  0.492904  1  1  1  189.275  
1216  0.49286  1  1  1  189.258  
1217  0.492734  1  1  1  189.21  
1218  0.492551  1  1  1  189.14  
1219  0.492342  1  1  1  189.059  
1220  0.492129  1  1  1  188.978  
1221  0.491942  1  1  1  188.906  
1222  0.491799  1  1  1  188.851  
1223  0.491698  1  1  1  188.812  
1224  0.491636  1  1  1  188.788  
1225  0.491586  1  1  1  188.769  
1226  0.491491  1  1  1  188.733  
1227  0.491348  1  1  1  188.678  
1228  0.491164  1  1  1  188.607  
1229  0.490943  1  1  1  188.522  
1230  0.490738  1  1  1  188.443  
1231  0.490566  1  1  1  188.377  
1232  0.490455  1  1  1  188.335  
1233  0.490369  1  1  1  188.302  
1234  0.490282  1  1  1  188.268  
1235  0.490156  1  1  1  188.22  
1236  0.489958  1  1  1  188.144  
1237  0.489704  1  1  1  188.046  
1238  0.489431  1  1  1  187.941  
1239  0.489151  1  1  1  187.834  
1240  0.488898  1  1  1  187.737  
1241  0.488679  1  1  1  187.653  
1242  0.488503  1  1  1  187.585  
1243  0.48836  1  1  1  187.53  
1244  0.488213  1  1  1  187.474  
1245  0.48801  1  1  1  187.396  
1246  0.487757  1  1  1  187.299  
1247  0.487479  1  1  1  187.192  
1248  0.487203  1  1  1  187.086  
1249  0.486981  1  1  1  187.001  
1250  0.486787  1  1  1  186.926  
1251  0.486621  1  1  1  186.862  
1252  0.486499  1  1  1  186.816  
1253  0.486401  1  1  1  186.778  
1254  0.486228  1  1  1  186.712  
1255  0.486003  1  1  1  186.625  
1256  0.485777  1  1  1  186.538  
1257  0.485557  1  1  1  186.454  
1258  0.485345  1  1  1  186.373  
1259  0.485157  1  1  1  186.3  
1260  0.484978  1  1  1  186.231  
1261  0.484839  1  1  1  186.178  
1262  0.484717  1  1  1  186.131  
1263  0.484571  1  1  1  186.075  
1264  0.484393  1  1  1  186.007  
1265  0.484177  1  1  1  185.924  
1266  0.483992  1  1  1  185.853  
1267  0.483863  1  1  1  185.803  
1268  0.483764  1  1  1  185.765  
1269  0.48368  1  1  1  185.733  
1270  0.483612  1  1  1  185.707  
1271  0.483565  1  1  1  185.689  
1272  0.483497  1  1  1  185.663  
1273  0.48338  1  1  1  185.618  
1274  0.483238  1  1  1  185.563  
1275  0.483095  1  1  1  185.508  
1276  0.48295  1  1  1  185.453  
1277  0.482799  1  1  1  185.395  
1278  0.482659  1  1  1  185.341  
1279  0.482527  1  1  1  185.29  
1280  0.482386  1  1  1  185.236  
1281  0.482216  1  1  1  185.171  
1282  0.482004  1  1  1  185.09  
1283  0.481765  1  1  1  184.998  
1284  0.48152  1  1  1  184.904  
1285  0.481304  1  1  1  184.821  
1286  0.481127  1  1  1  184.753  
1287  0.480971  1  1  1  184.693  
1288  0.480825  1  1  1  184.637  
1289  0.480688  1  1  1  184.584  
1290  0.480543  1  1  1  184.528  
1291  0.480373  1  1  1  184.463  
1292  0.480186  1  1  1  184.391  
1293  0.479966  1  1  1  184.307  
1294  0.479804  1  1  1  184.245  
1295  0.479668  1  1  1  184.192  
1296  0.479559  1  1  1  184.151  
1297  0.479441  1  1  1  184.105  
1298  0.479314  1  1  1  184.057  
1299  0.479161  1  1  1  183.998  
1300  0.478993  1  1  1  183.933  
1301  0.478817  1  1  1  183.866  
1302  0.47865  1  1  1  183.802  
1303  0.478521  1  1  1  183.752  
1304  0.478448  1  1  1  183.724  
1305  0.47841  1  1  1  183.71  
1306  0.478358  1  1  1  183.69  
1307  0.478266  1  1  1  183.654  
1308  0.478133  1  1  1  183.603  
1309  0.477964  1  1  1  183.538  
1310  0.477745  1  1  1  183.454  
1311  0.477529  1  1  1  183.371  
1312  0.47736  1  1  1  183.306  
1313  0.477239  1  1  1  183.26  
1314  0.47716  1  1  1  183.229  
1315  0.477066  1  1  1  183.193  
1316  0.476913  1  1  1  183.135  
1317  0.47671  1  1  1  183.057  
1318  0.47647  1  1  1  182.965  
1319  0.476214  1  1  1  182.866  
1320  0.47597  1  1  1  182.772  
1321  0.475777  1  1  1  182.698  
1322  0.475635  1  1  1  182.644  
1323  0.475523  1  1  1  182.601  
1324  0.475452  1  1  1  182.573  
1325  0.475344  1  1  1  182.532  
1326  0.475176  1  1  1  182.468  
1327  0.474965  1  1  1  182.387  
1328  0.474759  1  1  1  182.307  
1329  0.47457  1  1  1  182.235  
1330  0.474441  1  1  1  182.185  
1331  0.474373  1  1  1  182.159  
1332  0.47435  1  1  1  182.151  
1333  0.474344  1  1  1  182.148  
1334  0.474327  1  1  1  182.141  
1335  0.474246  1  1  1  182.11  
1336  0.474122  1  1  1  182.063  
1337  0.473967  1  1  1  182.003  
1338  0.473816  1  1  1  181.945  
1339  0.473703  1  1  1  181.902  
1340  0.47366  1  1  1  181.886  
1341  0.473671  1  1  1  181.89  
1342  0.473704  1  1  1  181.902  
1343  0.473685  1  1  1  181.895  
1344  0.473619  1  1  1  181.87  
1345  0.473475  1  1  1  181.815  
1346  0.473347  1  1  1  181.765  
1347  0.473236  1  1  1  181.723  
1348  0.473168  1  1  1  181.696  
1349  0.473153  1  1  1  181.691  
1350  0.473185  1  1  1  181.703  
1351  0.473235  1  1  1  181.722  
1352  0.473246  1  1  1  181.727  
1353  0.473205  1  1  1  181.711  
1354  0.473118  1  1  1  181.677  
1355  0.472996  1  1  1  181.63  
1356  0.472834  1  1  1  181.568  
1357  0.472661  1  1  1  181.502  
1358  0.472496  1  1  1  181.438  
1359  0.47237  1  1  1  181.39  
1360  0.472282  1  1  1  181.356  
1361  0.472205  1  1  1  181.327  
1362  0.472076  1  1  1  181.277  
1363  0.471917  1  1  1  181.216  
1364  0.471714  1  1  1  181.138  
1365  0.471488  1  1  1  181.051  
1366  0.471265  1  1  1  180.966  
1367  0.47109  1  1  1  180.899  
1368  0.470939  1  1  1  180.841  
1369  0.470793  1  1  1  180.784  
1370  0.470642  1  1  1  180.726  
1371  0.47045  1  1  1  180.653  
1372  0.470237  1  1  1  180.571  
1373  0.47001  1  1  1  180.484  
1374  0.469772  1  1  1  180.392  
1375  0.469525  1  1  1  180.298  
1376  0.469276  1  1  1  180.202  
1377  0.469047  1  1  1  180.114  
1378  0.468824  1  1  1  180.028  
1379  0.468591  1  1  1  179.939  
1380  0.468332  1  1  1  179.839  
1381  0.468076  1  1  1  179.741  
1382  0.467829  1  1  1  179.646  
1383  0.467597  1  1  1  179.557  
1384  0.467372  1  1  1  179.471  
1385  0.467157  1  1  1  179.388  
1386  0.466973  1  1  1  179.318  
1387  0.466811  1  1  1  179.255  
1388  0.466664  1  1  1  179.199  
1389  0.466531  1  1  1  179.148  
1390  0.466432  1  1  1  179.11  
1391  0.466365  1  1  1  179.084  
1392  0.466317  1  1  1  179.066  
1393  0.466243  1  1  1  179.037  
1394  0.466132  1  1  1  178.995  
1395  0.46598  1  1  1  178.936  
1396  0.465838  1  1  1  178.882  
1397  0.46569  1  1  1  178.825  
1398  0.4656  1  1  1  178.79  
1399  0.465514  1  1  1  178.757  
1400  0.465457  1  1  1  178.735  
1401  0.465427  1  1  1  178.724  
1402  0.465353  1  1  1  178.695  
1403  0.465251  1  1  1  178.656  
1404  0.465135  1  1  1  178.612  
1405  0.465034  1  1  1  178.573  
1406  0.464976  1  1  1  178.551  
1407  0.464935  1  1  1  178.535  
1408  0.464916  1  1  1  178.528  
1409  0.464888  1  1  1  178.517  
1410  0.464834  1  1  1  178.496  
1411  0.46475  1  1  1  178.464  
1412  0.464623  1  1  1  178.415  
1413  0.464489  1  1  1  178.364  
1414  0.464357  1  1  1  178.313  
1415  0.464248  1  1  1  178.271  
1416  0.464125  1  1  1  178.224  
1417  0.463992  1  1  1  178.173  
1418  0.463841  1  1  1  178.115  
1419  0.463681  1  1  1  178.053  
1420  0.463494  1  1  1  177.982  
1421  0.46329  1  1  1  177.903  
1422  0.463081  1  1  1  177.823  
1423  0.462877  1  1  1  177.745  
1424  0.462695  1  1  1  177.675  
1425  0.462493  1  1  1  177.597  
1426  0.462278  1  1  1  177.515  
1427  0.462055  1  1  1  177.429  
1428  0.461844  1  1  1  177.348  
1429  0.461636  1  1  1  177.268  
1430  0.461427  1  1  1  177.188  
1431  0.461195  1  1  1  177.099  
1432  0.460962  1  1  1  177.009  
1433  0.460738  1  1  1  176.923  
1434  0.460531  1  1  1  176.844  
1435  0.460314  1  1  1  176.76  
1436  0.460096  1  1  1  176.677  
1437  0.459889  1  1  1  176.597  
1438  0.459681  1  1  1  176.517  
1439  0.459467  1  1  1  176.435  
1440  0.459256  1  1  1  176.354  
1441  0.459062  1  1  1  176.28  
1442  0.4589  1  1  1  176.218  
1443  0.458751  1  1  1  176.16  
1444  0.458589  1  1  1  176.098  
1445  0.458447  1  1  1  176.044  
1446  0.458312  1  1  1  175.992  
1447  0.458162  1  1  1  175.934  
1448  0.457998  1  1  1  175.871  
1449  0.457834  1  1  1  175.808  
1450  0.457682  1  1  1  175.75  
1451  0.457547  1  1  1  175.698  
1452  0.457428  1  1  1  175.652  
1453  0.457317  1  1  1  175.61  
1454  0.457208  1  1  1  175.568  
1455  0.457119  1  1  1  175.534  
1456  0.457011  1  1  1  175.492  
1457  0.456883  1  1  1  175.443  
1458  0.456758  1  1  1  175.395  
1459  0.456631  1  1  1  175.346  
1460  0.456507  1  1  1  175.299  
1461  0.456389  1  1  1  175.253  
1462  0.456318  1  1  1  175.226  
1463  0.456255  1  1  1  175.202  
1464  0.456175  1  1  1  175.171  
1465  0.456116  1  1  1  175.149  
1466  0.456023  1  1  1  175.113  
1467  0.455888  1  1  1  175.061  
1468  0.455722  1  1  1  174.997  
1469  0.455552  1  1  1  174.932  
1470  0.455399  1  1  1  174.873  
1471  0.455252  1  1  1  174.817  
1472  0.455119  1  1  1  174.766  
1473  0.455017  1  1  1  174.727  
1474  0.454939  1  1  1  174.696  
1475  0.454833  1  1  1  174.656  
1476  0.454709  1  1  1  174.608  
1477  0.454545  1  1  1  174.545  
1478  0.454368  1  1  1  174.477  
1479  0.454187  1  1  1  174.408  
1480  0.454014  1  1  1  174.341  
1481  0.453868  1  1  1  174.285  
1482  0.453725  1  1  1  174.23  
1483  0.453591  1  1  1  174.179  
1484  0.453458  1  1  1  174.128  
1485  0.453311  1  1  1  174.072  
1486  0.453122  1  1  1  173.999  
1487  0.452891  1  1  1  173.91  
1488  0.452665  1  1  1  173.823  
1489  0.45244  1  1  1  173.737  
1490  0.452215  1  1  1  173.651  
1491  0.45201  1  1  1  173.572  
1492  0.451829  1  1  1  173.502  
1493  0.451669  1  1  1  173.441  
1494  0.451523  1  1  1  173.385  
1495  0.451373  1  1  1  173.327  
1496  0.451224  1  1  1  173.27  
1497  0.451058  1  1  1  173.206  
1498  0.450879  1  1  1  173.138  
1499  0.450684  1  1  1  173.063  
1500  0.450492  1  1  1  172.989  
1501  0.450334  1  1  1  172.928  
1502  0.450196  1  1  1  172.875  
1503  0.450051  1  1  1  172.82  
1504  0.449886  1  1  1  172.756  
1505  0.449717  1  1  1  172.691  
1506  0.449544  1  1  1  172.625  
1507  0.449369  1  1  1  172.558  
1508  0.449204  1  1  1  172.494  
1509  0.449041  1  1  1  172.432  
1510  0.448902  1  1  1  172.378  
1511  0.448788  1  1  1  172.335  
1512  0.448657  1  1  1  172.284  
1513  0.448474  1  1  1  172.214  
1514  0.44827  1  1  1  172.136  
1515  0.448097  1  1  1  172.069  
1516  0.447947  1  1  1  172.012  
1517  0.447817  1  1  1  171.962  
1518  0.447711  1  1  1  171.921  
1519  0.447659  1  1  1  171.901  
1520  0.447567  1  1  1  171.866  
1521  0.447462  1  1  1  171.825  
1522  0.44733  1  1  1  171.775  
1523  0.44718  1  1  1  171.717  
1524  0.447004  1  1  1  171.65  
1525  0.446865  1  1  1  171.596  
1526  0.446734  1  1  1  171.546  
1527  0.446621  1  1  1  171.503  
1528  0.446514  1  1  1  171.461  
1529  0.446384  1  1  1  171.412  
1530  0.446242  1  1  1  171.357  
1531  0.446074  1  1  1  171.292  
1532  0.445896  1  1  1  171.224  
1533  0.445744  1  1  1  171.166  
1534  0.445592  1  1  1  171.107  
1535  0.445469  1  1  1  171.06  
1536  0.44537  1  1  1  171.022  
1537  0.445261  1  1  1  170.98  
1538  0.445127  1  1  1  170.929  
1539  0.444979  1  1  1  170.872  
1540  0.444805  1  1  1  170.805  
1541  0.444633  1  1  1  170.739  
1542  0.444495  1  1  1  170.686  
1543  0.444391  1  1  1  170.646  
1544  0.444292  1  1  1  170.608  
1545  0.444184  1  1  1  170.567  
1546  0.444059  1  1  1  170.519  
1547  0.443904  1  1  1  170.459  
1548  0.443734  1  1  1  170.394  
1549  0.443558  1  1  1  170.326  
1550  0.443393  1  1  1  170.263  
1551  0.443251  1  1  1  170.208  
1552  0.443123  1  1  1  170.159  
1553  0.442992  1  1  1  170.109  
1554  0.442855  1  1  1  170.056  
1555  0.442711  1  1  1  170.001  
1556  0.442562  1  1  1  169.944  
1557  0.442408  1  1  1  169.885  
1558  0.442288  1  1  1  169.839  
1559  0.442204  1  1  1  169.806  
1560  0.442135  1  1  1  169.78  
1561  0.442064  1  1  1  169.753  
1562  0.442006  1  1  1  169.73  
1563  0.441942  1  1  1  169.706  
1564  0.441867  1  1  1  169.677  
1565  0.441753  1  1  1  169.633  
1566  0.441622  1  1  1  169.583  
1567  0.441498  1  1  1  169.535  
1568  0.44137  1  1  1  169.486  
1569  0.441244  1  1  1  169.438  
1570  0.441115  1  1  1  169.388  
1571  0.441003  1  1  1  169.345  
1572  0.440909  1  1  1  169.309  
1573  0.440837  1  1  1  169.282  
1574  0.440783  1  1  1  169.261  
1575  0.440711  1  1  1  169.233  
1576  0.440613  1  1  1  169.195  
1577  0.440525  1  1  1  169.161  
1578  0.440436  1  1  1  169.127  
1579  0.440351  1  1  1  169.095  
1580  0.440266  1  1  1  169.062  
1581  0.440186  1  1  1  169.031  
1582  0.440121  1  1  1  169.007  
1583  0.440079  1  1  1  168.99  
1584  0.440051  1  1  1  168.979  
1585  0.439982  1  1  1  168.953  
1586  0.439862  1  1  1  168.907  
1587  0.439716  1  1  1  168.851  
1588  0.439571  1  1  1  168.795  
1589  0.439408  1  1  1  168.733  
1590  0.439281  1  1  1  168.684  
1591  0.439194  1  1  1  168.65  
1592  0.439121  1  1  1  168.622  
1593  0.439033  1  1  1  168.589  
1594  0.438897  1  1  1  168.536  
1595  0.438708  1  1  1  168.464  
1596  0.438493  1  1  1  168.381  
1597  0.4383  1  1  1  168.307  
1598  0.438156  1  1  1  168.252  
1599  0.438047  1  1  1  168.21  
1600  0.437971  1  1  1  168.181  
1601  0.437917  1  1  1  168.16  
1602  0.437844  1  1  1  168.132  
1603  0.43774  1  1  1  168.092  
1604  0.437595  1  1  1  168.037  
1605  0.437467  1  1  1  167.987  
1606  0.437291  1  1  1  167.92  
1607  0.437134  1  1  1  167.86  
1608  0.437012  1  1  1  167.813  
1609  0.436934  1  1  1  167.783  
1610  0.436891  1  1  1  167.766  
1611  0.436813  1  1  1  167.736  
1612  0.436696  1  1  1  167.691  
1613  0.436561  1  1  1  167.639  
1614  0.436414  1  1  1  167.583  
1615  0.436262  1  1  1  167.525  
1616  0.436128  1  1  1  167.473  
1617  0.436015  1  1  1  167.43  
1618  0.435928  1  1  1  167.396  
1619  0.435848  1  1  1  167.366  
1620  0.435785  1  1  1  167.341  
1621  0.435735  1  1  1  167.322  
1622  0.435613  1  1  1  167.275  
1623  0.435456  1  1  1  167.215  
1624  0.4353  1  1  1  167.155  
1625  0.435154  1  1  1  167.099  
1626  0.435018  1  1  1  167.047  
1627  0.434889  1  1  1  166.997  
1628  0.434757  1  1  1  166.947  
1629  0.434624  1  1  1  166.896  
1630  0.434493  1  1  1  166.845  
1631  0.434337  1  1  1  166.785  
1632  0.434171  1  1  1  166.722  
1633  0.434028  1  1  1  166.667  
1634  0.433869  1  1  1  166.606  
1635  0.433723  1  1  1  166.55  
1636  0.433614  1  1  1  166.508  
1637  0.433547  1  1  1  166.482  
1638  0.433502  1  1  1  166.465  
1639  0.433453  1  1  1  166.446  
1640  0.433382  1  1  1  166.419  
1641  0.433275  1  1  1  166.378  
1642  0.433155  1  1  1  166.332  
1643  0.433019  1  1  1  166.279  
1644  0.432889  1  1  1  166.229  
1645  0.432786  1  1  1  166.19  
1646  0.432685  1  1  1  166.151  
1647  0.432582  1  1  1  166.112  
1648  0.432453  1  1  1  166.062  
1649  0.432311  1  1  1  166.007  
1650  0.432136  1  1  1  165.94  
1651  0.431942  1  1  1  165.866  
1652  0.431769  1  1  1  165.799  
1653  0.431617  1  1  1  165.741  
1654  0.431507  1  1  1  165.699  
1655  0.431445  1  1  1  165.675  
1656  0.431407  1  1  1  165.66  
1657  0.431361  1  1  1  165.643  
1658  0.431298  1  1  1  165.618  
1659  0.431223  1  1  1  165.59  
1660  0.431145  1  1  1  165.56  
1661  0.431078  1  1  1  165.534  
1662  0.431  1  1  1  165.504  
1663  0.430946  1  1  1  165.483  
1664  0.430908  1  1  1  165.469  
1665  0.43087  1  1  1  165.454  
1666  0.430794  1  1  1  165.425  
1667  0.430679  1  1  1  165.381  
1668  0.430532  1  1  1  165.324  
1669  0.430358  1  1  1  165.257  
1670  0.43015  1  1  1  165.177  
1671  0.429938  1  1  1  165.096  
1672  0.42975  1  1  1  165.024  
1673  0.42961  1  1  1  164.97  
1674  0.429504  1  1  1  164.93  
1675  0.429399  1  1  1  164.889  
1676  0.42928  1  1  1  164.843  
1677  0.429134  1  1  1  164.787  
1678  0.428979  1  1  1  164.728  
1679  0.42879  1  1  1  164.655  
1680  0.428607  1  1  1  164.585  
1681  0.428428  1  1  1  164.516  
1682  0.428262  1  1  1  164.453  
1683  0.428129  1  1  1  164.401  
1684  0.427962  1  1  1  164.338  
1685  0.427767  1  1  1  164.263  
1686  0.427575  1  1  1  164.189  
1687  0.427383  1  1  1  164.115  
1688  0.427192  1  1  1  164.042  
1689  0.426973  1  1  1  163.958  
1690  0.426786  1  1  1  163.886  
1691  0.426637  1  1  1  163.829  
1692  0.426486  1  1  1  163.771  
1693  0.426381  1  1  1  163.73  
1694  0.426268  1  1  1  163.687  
1695  0.426162  1  1  1  163.646  
1696  0.426071  1  1  1  163.611  
1697  0.425983  1  1  1  163.577  
1698  0.42588  1  1  1  163.538  
1699  0.425765  1  1  1  163.494  
1700  0.425667  1  1  1  163.456  
1701  0.425601  1  1  1  163.431  
1702  0.425547  1  1  1  163.41  
1703  0.425472  1  1  1  163.381  
1704  0.425394  1  1  1  163.351  
1705  0.425316  1  1  1  163.321  
1706  0.425233  1  1  1  163.289  
1707  0.425119  1  1  1  163.246  
1708  0.42502  1  1  1  163.208  
1709  0.424918  1  1  1  163.168  
1710  0.424828  1  1  1  163.134  
1711  0.42476  1  1  1  163.108  
1712  0.424707  1  1  1  163.087  
1713  0.424649  1  1  1  163.065  
1714  0.424601  1  1  1  163.047  
1715  0.424577  1  1  1  163.037  
1716  0.424539  1  1  1  163.023  
1717  0.424472  1  1  1  162.997  
1718  0.424386  1  1  1  162.964  
1719  0.424269  1  1  1  162.919  
1720  0.42415  1  1  1  162.874  
1721  0.424017  1  1  1  162.822  
1722  0.423879  1  1  1  162.77  
1723  0.42375  1  1  1  162.72  
1724  0.42363  1  1  1  162.674  
1725  0.423515  1  1  1  162.63  
1726  0.42337  1  1  1  162.574  
1727  0.423187  1  1  1  162.504  
1728  0.42302  1  1  1  162.44  
1729  0.422899  1  1  1  162.393  
1730  0.422822  1  1  1  162.364  
1731  0.42272  1  1  1  162.324  
1732  0.422623  1  1  1  162.287  
1733  0.422511  1  1  1  162.244  
1734  0.422372  1  1  1  162.191  
1735  0.422212  1  1  1  162.13  
1736  0.422029  1  1  1  162.059  
1737  0.421833  1  1  1  161.984  
1738  0.421633  1  1  1  161.907  
1739  0.421454  1  1  1  161.838  
1740  0.421268  1  1  1  161.767  
1741  0.421098  1  1  1  161.702  
1742  0.420961  1  1  1  161.649  
1743  0.420849  1  1  1  161.606  
1744  0.420723  1  1  1  161.558  
1745  0.420568  1  1  1  161.498  
1746  0.420406  1  1  1  161.436  
1747  0.420269  1  1  1  161.383  
1748  0.420155  1  1  1  161.34  
1749  0.420073  1  1  1  161.308  
1750  0.420019  1  1  1  161.287  
1751  0.419989  1  1  1  161.276  
1752  0.419959  1  1  1  161.264  
1753  0.419898  1  1  1  161.241  
1754  0.419819  1  1  1  161.211  
1755  0.419725  1  1  1  161.174  
1756  0.419627  1  1  1  161.137  
1757  0.419538  1  1  1  161.103  
1758  0.41946  1  1  1  161.073  
1759  0.41939  1  1  1  161.046  
1760  0.419317  1  1  1  161.018  
1761  0.419227  1  1  1  160.983  
1762  0.419118  1  1  1  160.941  
1763  0.419003  1  1  1  160.897  
1764  0.418888  1  1  1  160.853  
1765  0.418786  1  1  1  160.814  
1766  0.418704  1  1  1  160.782  
1767  0.418633  1  1  1  160.755  
1768  0.418543  1  1  1  160.721  
1769  0.418453  1  1  1  160.686  
1770  0.418349  1  1  1  160.646  
1771  0.418218  1  1  1  160.596  
1772  0.418089  1  1  1  160.546  
1773  0.417961  1  1  1  160.497  
1774  0.417835  1  1  1  160.448  
1775  0.417724  1  1  1  160.406  
1776  0.417653  1  1  1  160.379  
1777  0.417577  1  1  1  160.349  
1778  0.417449  1  1  1  160.3  
1779  0.417279  1  1  1  160.235  
1780  0.417087  1  1  1  160.161  
1781  0.416904  1  1  1  160.091  
1782  0.416754  1  1  1  160.033  
1783  0.416653  1  1  1  159.995  
1784  0.416583  1  1  1  159.968  
1785  0.416521  1  1  1  159.944  
1786  0.416452  1  1  1  159.918  
1787  0.416338  1  1  1  159.874  
1788  0.416187  1  1  1  159.816  
1789  0.415999  1  1  1  159.744  
1790  0.415835  1  1  1  159.681  
1791  0.415729  1  1  1  159.64  
1792  0.415667  1  1  1  159.616  
1793  0.415611  1  1  1  159.595  
1794  0.415564  1  1  1  159.577  
1795  0.415509  1  1  1  159.555  
1796  0.415407  1  1  1  159.516  
1797  0.415264  1  1  1  159.461  
1798  0.415078  1  1  1  159.39  
1799  0.41487  1  1  1  159.31  
1800  0.414708  1  1  1  159.248  
1801  0.414619  1  1  1  159.214  
1802  0.41456  1  1  1  159.191  
1803  0.414493  1  1  1  159.165  
1804  0.41446  1  1  1  159.153  
1805  0.414415  1  1  1  159.135  
1806  0.414321  1  1  1  159.099  
1807  0.414177  1  1  1  159.044  
1808  0.414006  1  1  1  158.978  
1809  0.413842  1  1  1  158.915  
1810  0.4137  1  1  1  158.861  
1811  0.413583  1  1  1  158.816  
1812  0.413493  1  1  1  158.781  
1813  0.413436  1  1  1  158.759  
1814  0.413391  1  1  1  158.742  
1815  0.413318  1  1  1  158.714  
1816  0.413182  1  1  1  158.662  
1817  0.412977  1  1  1  158.583  
1818  0.412744  1  1  1  158.494  
1819  0.412512  1  1  1  158.404  
1820  0.412313  1  1  1  158.328  
1821  0.412156  1  1  1  158.268  
1822  0.412056  1  1  1  158.229  
1823  0.41197  1  1  1  158.197  
1824  0.411867  1  1  1  158.157  
1825  0.411726  1  1  1  158.103  
1826  0.411538  1  1  1  158.031  
1827  0.411341  1  1  1  157.955  
1828  0.411171  1  1  1  157.89  
1829  0.411039  1  1  1  157.839  
1830  0.410981  1  1  1  157.817  
1831  0.410951  1  1  1  157.805  
1832  0.410946  1  1  1  157.803  
1833  0.410911  1  1  1  157.79  
1834  0.410828  1  1  1  157.758  
1835  0.410705  1  1  1  157.711  
1836  0.410561  1  1  1  157.656  
1837  0.410431  1  1  1  157.605  
1838  0.410306  1  1  1  157.557  
1839  0.410207  1  1  1  157.52  
1840  0.410148  1  1  1  157.497  
1841  0.410112  1  1  1  157.483  
1842  0.410063  1  1  1  157.464  
1843  0.409976  1  1  1  157.431  
1844  0.409834  1  1  1  157.376  
1845  0.409664  1  1  1  157.311  
1846  0.409517  1  1  1  157.255  
1847  0.409397  1  1  1  157.209  
1848  0.409312  1  1  1  157.176  
1849  0.409263  1  1  1  157.157  
1850  0.409249  1  1  1  157.152  
1851  0.409233  1  1  1  157.145  
1852  0.409177  1  1  1  157.124  
1853  0.409057  1  1  1  157.078  
1854  0.40888  1  1  1  157.01  
1855  0.408695  1  1  1  156.939  
1856  0.408532  1  1  1  156.876  
1857  0.408394  1  1  1  156.823  
1858  0.408281  1  1  1  156.78  
1859  0.408187  1  1  1  156.744  
1860  0.408097  1  1  1  156.709  
1861  0.407971  1  1  1  156.661  
1862  0.40779  1  1  1  156.592  
1863  0.407583  1  1  1  156.512  
1864  0.40738  1  1  1  156.434  
1865  0.407187  1  1  1  156.36  
1866  0.407011  1  1  1  156.292  
1867  0.406874  1  1  1  156.24  
1868  0.406806  1  1  1  156.213  
1869  0.406762  1  1  1  156.197  
1870  0.406722  1  1  1  156.181  
1871  0.406631  1  1  1  156.146  
1872  0.406485  1  1  1  156.09  
1873  0.40631  1  1  1  156.023  
1874  0.406149  1  1  1  155.961  
1875  0.406028  1  1  1  155.915  
1876  0.405948  1  1  1  155.884  
1877  0.4059  1  1  1  155.866  
1878  0.405864  1  1  1  155.852  
1879  0.405781  1  1  1  155.82  
1880  0.405622  1  1  1  155.759  
1881  0.405417  1  1  1  155.68  
1882  0.405221  1  1  1  155.605  
1883  0.405076  1  1  1  155.549  
1884  0.40497  1  1  1  155.509  
1885  0.404897  1  1  1  155.481  
1886  0.404834  1  1  1  155.456  
1887  0.404766  1  1  1  155.43  
1888  0.404686  1  1  1  155.399  
1889  0.404574  1  1  1  155.356  
1890  0.404433  1  1  1  155.302  
1891  0.404301  1  1  1  155.252  
1892  0.404187  1  1  1  155.208  
1893  0.404085  1  1  1  155.169  
1894  0.404  1  1  1  155.136  
1895  0.403932  1  1  1  155.11  
1896  0.403863  1  1  1  155.084  
1897  0.403787  1  1  1  155.054  
1898  0.403677  1  1  1  155.012  
1899  0.403532  1  1  1  154.956  
1900  0.403378  1  1  1  154.897  
1901  0.403222  1  1  1  154.837  
1902  0.403076  1  1  1  154.781  
1903  0.402964  1  1  1  154.738  
1904  0.402907  1  1  1  154.716  
1905  0.402899  1  1  1  154.713  
1906  0.402889  1  1  1  154.709  
1907  0.402849  1  1  1  154.694  
1908  0.402769  1  1  1  154.663  
1909  0.402669  1  1  1  154.625  
1910  0.402579  1  1  1  154.59  
1911  0.402505  1  1  1  154.562  
1912  0.402421  1  1  1  154.53  
1913  0.402339  1  1  1  154.498  
1914  0.402267  1  1  1  154.471  
1915  0.402184  1  1  1  154.439  
1916  0.40208  1  1  1  154.399  
1917  0.401963  1  1  1  154.354  
1918  0.401801  1  1  1  154.292  
1919  0.40161  1  1  1  154.218  
1920  0.401443  1  1  1  154.154  
1921  0.40128  1  1  1  154.092  
1922  0.401133  1  1  1  154.035  
1923  0.401036  1  1  1  153.998  
1924  0.400944  1  1  1  153.962  
1925  0.400837  1  1  1  153.921  
1926  0.400707  1  1  1  153.871  
1927  0.400568  1  1  1  153.818  
1928  0.400433  1  1  1  153.766  
1929  0.400296  1  1  1  153.714  
1930  0.400157  1  1  1  153.66  
1931  0.399992  1  1  1  153.597  
1932  0.399812  1  1  1  153.528  
1933  0.399648  1  1  1  153.465  
1934  0.39949  1  1  1  153.404  
1935  0.399357  1  1  1  153.353  
1936  0.399247  1  1  1  153.311  
1937  0.399157  1  1  1  153.276  
1938  0.399077  1  1  1  153.245  
1939  0.399006  1  1  1  153.218  
1940  0.398944  1  1  1  153.195  
1941  0.39889  1  1  1  153.174  
1942  0.398847  1  1  1  153.157  
1943  0.398804  1  1  1  153.141  
1944  0.398752  1  1  1  153.121  
1945  0.398711  1  1  1  153.105  
1946  0.39867  1  1  1  153.089  
1947  0.398642  1  1  1  153.079  
1948  0.398604  1  1  1  153.064  
1949  0.398535  1  1  1  153.038  
1950  0.39846  1  1  1  153.009  
1951  0.398377  1  1  1  152.977  
1952  0.398255  1  1  1  152.93  
1953  0.398113  1  1  1  152.875  
1954  0.397966  1  1  1  152.819  
1955  0.397858  1  1  1  152.777  
1956  0.397774  1  1  1  152.745  
1957  0.397686  1  1  1  152.711  
1958  0.397584  1  1  1  152.672  
1959  0.397462  1  1  1  152.626  
1960  0.397335  1  1  1  152.577  
1961  0.397203  1  1  1  152.526  
1962  0.397064  1  1  1  152.472  
1963  0.396928  1  1  1  152.42  
1964  0.39681  1  1  1  152.375  
1965  0.396705  1  1  1  152.335  
1966  0.396593  1  1  1  152.292  
1967  0.396463  1  1  1  152.242  
1968  0.396299  1  1  1  152.179  
1969  0.396109  1  1  1  152.106  
1970  0.395885  1  1  1  152.02  
1971  0.395669  1  1  1  151.937  
1972  0.395465  1  1  1  151.859  
1973  0.395297  1  1  1  151.794  
1974  0.395159  1  1  1  151.741  
1975  0.395045  1  1  1  151.697  
1976  0.39493  1  1  1  151.653  
1977  0.394811  1  1  1  151.607  
1978  0.394677  1  1  1  151.556  
1979  0.394517  1  1  1  151.494  
1980  0.394338  1  1  1  151.426  
1981  0.394159  1  1  1  151.357  
1982  0.39402  1  1  1  151.304  
1983  0.393916  1  1  1  151.264  
1984  0.393837  1  1  1  151.233  
1985  0.393759  1  1  1  151.204  
1986  0.393652  1  1  1  151.163  
1987  0.393501  1  1  1  151.104  
1988  0.393345  1  1  1  151.044  
1989  0.39319  1  1  1  150.985  
1990  0.393015  1  1  1  150.918  
1991  0.392898  1  1  1  150.873  
1992  0.392825  1  1  1  150.845  
1993  0.392777  1  1  1  150.826  
1994  0.392729  1  1  1  150.808  
1995  0.392654  1  1  1  150.779  
1996  0.392545  1  1  1  150.737  
1997  0.392417  1  1  1  150.688  
1998  0.392286  1  1  1  150.638  
