0 0 0 0 0 0 0 0 0 0 0 0 0 0 0 0 0 0 0 0 0 0 0 0 0 0 0 0 0 0 0 0 0 0 0 0 0 0 0 0 0 0 
32 0.00156756 -0.00357295 0.00357295 0.000297674 -0.000785907 0.00078591 -6.28992e-06 -0.00369858 0.00369857 0.000378044 -0.00340178 0.00340177 0.000229733 -0.00254179 0.00254178 0.000112212 -0.000869069 0.000869071 0.000403596 -0.00275288 0.00275288 3.40536e-05 -0.00215476 0.00215477 0.00116396 -0.00386712 0.00386712 -0.000610101 -5.93768e-05 0.000201673 -0.000795275 0.00035547 0.000486365 -5.75267e-05 0.000437703 0.000275872 0.000103344 -0.000992416 -0.00012023 -0.000928637 -0.000115464 
64 0.00122778 -0.00195131 0.00195131 0.000166007 -0.00158983 0.00158983 -9.2253e-05 -0.00300685 0.00300685 0.000457098 -0.00162761 0.0016276 0.000123539 -0.00114249 0.00114249 9.01722e-05 -6.01728e-05 6.0173e-05 0.000163926 -0.00248359 0.00248358 0.000116821 -0.00102842 0.00102842 0.00106386 -0.00174497 0.00174497 -1.81849e-05 -1.85047e-05 0.000278477 -0.00060848 0.00124043 0.000492855 -0.000835852 -0.000374805 0.000865512 0.000143993 -0.000420949 -0.000113315 -0.000338117 -7.42009e-05 
96 0.0015759 -0.00219534 0.00219534 0.000136232 -0.00102162 0.00102162 -9.48659e-05 -0.00316153 0.00316152 0.000479421 -0.00202938 0.00202938 0.000249663 -0.00135111 0.00135111 7.54936e-05 -4.16126e-05 4.16151e-05 0.000116857 -0.00240403 0.00240402 0.000658375 -0.00181583 0.00181584 0.00145905 -0.00212938 0.00212938 -0.000158575 -0.000154794 0.000264133 -6.21045e-05 0.000882483 7.49989e-05 -0.000592208 0.00027665 0.00057846 4.01053e-05 -0.000429059 -0.000269139 -0.000442238 -0.00023149 
128 0.00177429 -0.00211249 0.00211249 0.000190338 -0.000629116 0.000629114 -0.000145118 -0.00301147 0.00301147 0.000560668 -0.00206084 0.00206084 0.000266132 -0.00127409 0.00127409 7.96426e-05 -0.00034546 0.000345457 0.000124861 -0.00224761 0.00224761 0.000883025 -0.00187076 0.00187076 0.00164943 -0.00206295 0.00206295 -0.00022636 6.90932e-05 0.00048911 -0.000860436 0.00108534 0.000565657 0.000903762 4.73457e-05 0.000798354 0.00012088 -0.000620127 3.15048e-05 -0.000608661 6.29051e-05 
160 0.00185822 -0.00193737 0.00193737 0.000181092 -0.00150654 0.00150654 -0.000109864 -0.00286894 0.00286894 0.00046017 -0.00196853 0.00196853 0.000348629 -0.000952972 0.000952969 9.78231e-05 0.000138163 -0.000138164 0.000169053 -0.0022721 0.0022721 0.00104065 -0.00173652 0.00173652 0.00168917 -0.00181037 0.00181037 -0.000195434 0.000102236 0.000867056 -0.000678868 0.00113164 0.000354043 0.000349135 -0.00100568 0.000859922 1.28118e-05 -0.00062357 8.22808e-05 -0.000593929 0.000136089 
192 0.00177275 -0.00181259 0.00181259 0.000131047 -0.000399134 0.000399134 -0.000110625 -0.00207472 0.00207472 0.000466925 -0.00178712 0.00178711 0.00038238 -0.000690933 0.000690933 8.7809e-05 -0.000642796 0.000642795 0.00010823 -0.00161881 0.00161881 0.00111297 -0.00187247 0.00187247 0.00166451 -0.00185511 0.00185512 -9.719e-05 -0.000117326 0.000694499 -0.00045472 0.000850165 0.000341351 0.000743489 0.000644046 0.00071339 0.00012244 -0.000388643 -0.000192877 -0.000388776 -0.000200195 
224 0.00183165 -0.00177064 0.00177065 0.000163719 -0.00208466 0.00208466 -6.57235e-05 -0.00205703 0.00205703 0.000443827 -0.0016693 0.0016693 0.000380976 -0.00110069 0.00110068 0.00010008 0.00104634 -0.00104634 0.000198075 -0.00198948 0.00198947 0.00117059 -0.00170909 0.00170909 0.00163358 -0.00170493 0.00170493 -0.00020501 0.000145482 0.00101953 -0.000986143 0.000714927 0.000727447 -0.00175742 -0.00013815 0.000586004 0.000284211 -0.000480456 4.63271e-05 -0.000493574 0.000101719 
256 0.00192653 -0.00166198 0.00166198 0.000193298 -0.00105893 0.00105893 -6.5872e-05 -0.00180109 0.00180108 0.000357663 -0.00171625 0.00171625 0.000389387 -0.00039982 0.00039982 9.66439e-05 0.00280851 -0.00280851 0.000224068 -0.00134345 0.00134345 0.0012844 -0.00180067 0.00180066 0.00170246 -0.00178749 0.00178749 -0.000571683 -0.000100723 0.00095261 -0.000749534 0.000173716 0.000618899 -0.000804742 -0.000488265 0.000272547 0.000176604 -0.000829805 -0.000223368 -0.000886359 -0.000190577 
288 0.00175797 -0.0014653 0.00146529 0.000241794 -0.000636524 0.000636525 -5.66222e-05 -0.00124476 0.00124476 0.000307271 -0.00142203 0.00142203 0.000393548 -0.000104234 0.000104237 7.6468e-05 -0.0011035 0.0011035 0.000261639 -0.00116375 0.00116375 0.00116612 -0.00159887 0.00159888 0.00149634 -0.00157066 0.00157066 -0.000551112 0.000141687 0.000793725 -0.000764741 0.000250763 0.000824153 0.000827739 -0.000378956 0.000347749 0.000383073 -0.00087297 7.73678e-06 -0.000889671 5.40108e-05 
320 0.00174919 -0.00161604 0.00161604 0.000240168 -0.000766608 0.000766606 8.53705e-06 -0.00138306 0.00138306 0.000395302 -0.00150593 0.00150593 0.000387107 -0.00018353 0.000183527 7.95611e-05 0.000347072 -0.00034707 0.000328265 -0.00119259 0.00119259 0.00113569 -0.00178696 0.00178696 0.00142093 -0.00175685 0.00175685 -0.00133697 0.000122562 0.00142039 -0.000519201 -0.000484164 0.000548886 -0.000350243 0.000910312 9.58827e-06 0.000307286 -0.00181005 1.77877e-05 -0.00183232 6.38475e-05 
352 0.00170961 -0.0018478 0.0018478 0.000201774 7.78222e-06 -7.78228e-06 1.93763e-05 -0.00182621 0.00182621 0.000406828 -0.00163006 0.00163006 0.00041465 -0.000229949 0.000229946 9.4656e-05 -0.000323386 0.000323386 0.000315805 -0.00123939 0.00123939 0.00112123 -0.00211549 0.00211549 0.0013938 -0.0020792 0.0020792 -0.00151202 0.000134242 -0.00034588 -0.000297871 -0.00108182 0.000300332 0.00254235 0.000152734 -0.00068966 0.000223424 -0.00177858 9.36867e-05 -0.00182664 0.000103147 
384 0.00178002 -0.00169431 0.00169431 0.000217755 -0.0020123 0.0020123 7.53973e-05 -0.00175311 0.0017531 0.000389896 -0.00124668 0.00124668 0.00041176 -0.00104081 0.00104081 8.86749e-05 0.0017801 -0.0017801 0.000381825 -0.00159878 0.00159877 0.00117313 -0.0018166 0.0018166 0.0013982 -0.0017268 0.00172679 -0.00162298 2.97632e-05 0.000933151 -0.000817409 -0.00173854 0.000563401 0.00215944 0.000211508 -0.000812423 0.000241436 -0.00192812 -0.000105281 -0.00194228 -4.63068e-05 
416 0.00167903 -0.00146663 0.00146663 0.000189846 -0.000439864 0.000439863 6.94322e-06 -0.00173654 0.00173653 0.000398038 -0.00142686 0.00142686 0.000322026 -0.00147278 0.00147277 7.51213e-05 -0.000895882 0.000895884 0.00027191 -0.00138401 0.00138401 0.00118954 -0.0015145 0.0015145 0.00140712 -0.00150247 0.00150247 -0.00229676 0.000306387 0.000388923 -0.0005115 -0.00140424 0.000683294 -0.000960722 7.12792e-06 -0.000862427 0.000350048 -0.00281535 0.000223384 -0.00283838 0.000294851 
448 0.00197069 -0.00166175 0.00166175 0.000212788 -0.00147303 0.00147303 0.000108472 -0.0019162 0.0019162 0.000454852 -0.0019483 0.0019483 0.000390192 -0.00070313 0.000703128 7.15147e-05 0.00383067 -0.00383067 0.000392774 -0.00145879 0.00145879 0.00135983 -0.00176955 0.00176954 0.00157792 -0.00175539 0.00175539 -0.00270545 0.000364996 0.000208102 -0.000232241 -0.00182215 0.000597285 0.000199678 -0.000501724 -0.00114728 0.000312922 -0.00321573 0.000273954 -0.0032837 0.000388025 
480 0.0018614 -0.00164591 0.0016459 0.000202144 -0.00107479 0.00107479 0.000139182 -0.00226809 0.00226809 0.000425075 -0.00146108 0.00146108 0.000386605 -0.000443378 0.000443376 7.2264e-05 0.00337727 -0.00337727 0.000413587 -0.00171443 0.00171443 0.00127182 -0.00168283 0.00168283 0.00144782 -0.00162823 0.00162823 -0.0032921 0.000420008 0.000115897 0.000369808 -0.00245243 0.000635432 0.00138561 -0.000133404 -0.00152806 0.000503729 -0.00393648 0.000361978 -0.00394425 0.000396428 
512 0.00182499 -0.0018766 0.0018766 0.000267238 -0.00140432 0.00140432 5.28933e-05 -0.00129691 0.00129691 0.000456061 -0.00215251 0.00215251 0.000346996 -0.00154399 0.00154399 8.62218e-05 8.56053e-05 -8.56029e-05 0.000406354 -0.00120368 0.00120368 0.00125856 -0.0020844 0.0020844 0.00141864 -0.00209625 0.00209625 -0.00412426 0.000338686 -0.00119438 0.000536733 -0.00281682 0.000500164 0.00141822 -0.000988619 -0.00210045 0.000388992 -0.00483328 0.000262259 -0.00488102 0.000334428 
544 0.00179428 -0.00151139 0.00151138 0.000253781 -0.00122209 0.00122209 1.96787e-05 -0.00149133 0.00149133 0.000461961 -0.00159765 0.00159764 0.000247017 -0.00108394 0.00108393 7.30118e-05 -0.000758502 0.000758504 0.00034647 -0.00143967 0.00143967 0.00130727 -0.00159407 0.00159407 0.00144781 -0.00153111 0.00153111 -0.00517867 0.00035228 -0.000699481 -0.000433234 -0.00394598 0.000609108 0.00117866 -0.000549812 -0.00271596 0.000254703 -0.00608229 0.000307501 -0.00609245 0.000385902 
576 0.00172163 -0.00136277 0.00136276 0.000250995 -0.000905835 0.000905833 2.16166e-05 -0.00162763 0.00162763 0.00045163 -0.00201541 0.00201541 0.000250361 -0.000615679 0.000615679 9.57852e-05 -0.00187908 0.00187908 0.000368396 -0.00131325 0.00131324 0.0012353 -0.00142763 0.00142762 0.00135324 -0.0013841 0.0013841 -0.00590187 0.00033636 -0.00183615 -0.000248518 -0.00436937 0.000619536 0.00147769 -3.74585e-05 -0.00331202 0.000314551 -0.00686858 0.000279836 -0.00685923 0.000352937 
608 0.00163678 -0.00142552 0.00142551 0.000201442 -0.00119058 0.00119058 1.98867e-05 -0.00108085 0.00108085 0.000411002 -0.00166076 0.00166076 0.000307769 -0.000529483 0.000529481 8.59124e-05 0.00189823 -0.00189823 0.000307242 -0.000849978 0.000849976 0.00121474 -0.00167665 0.00167665 0.00132953 -0.00164069 0.00164069 -0.0074643 0.000202524 -0.0019976 -0.000560018 -0.0059823 0.000456806 0.000393926 0.000318152 -0.00449 0.000134859 -0.00857421 0.000233126 -0.00856962 0.000239115 
640 0.00181477 -0.00168491 0.00168492 0.000177327 -0.00196442 0.00196442 0.000100097 -0.00137576 0.00137576 0.000456913 -0.00194596 0.00194595 0.000345605 -0.000376013 0.000376009 9.52723e-05 0.000163872 -0.000163871 0.000372695 -0.00139026 0.00139026 0.00132773 -0.00182567 0.00182568 0.00144208 -0.00182764 0.00182764 -0.00869297 0.000349261 -0.0024718 0.000144359 -0.0077825 0.000401055 -0.000469961 -0.000185497 -0.00587357 0.000229694 -0.00973593 0.000347955 -0.00973449 0.000395643 
672 0.00193015 -0.00153673 0.00153672 0.000204889 -0.00101631 0.00101631 0.000144452 -0.00175186 0.00175186 0.000472326 -0.00143702 0.00143701 0.000428905 -0.00155992 0.00155991 0.000102083 0.000211542 -0.000211539 0.000451422 -0.00140634 0.00140634 0.00137667 -0.00162124 0.00162124 0.00147873 -0.00159981 0.00159981 -0.0106506 0.000146244 -0.00286767 -6.54336e-05 -0.00890833 0.000547002 -0.00118981 -0.000560384 -0.00683524 0.000282634 -0.0120045 3.91366e-05 -0.0120667 8.28192e-05 
704 0.00197678 -0.00154793 0.00154793 0.000219561 -0.00176657 0.00176657 0.000118158 -0.00192995 0.00192994 0.000450841 -0.00118826 0.00118826 0.000445454 -0.00102342 0.00102341 0.000112397 0.00267597 -0.00267597 0.000450115 -0.00157271 0.00157271 0.00144134 -0.00160318 0.00160319 0.00152667 -0.00154314 0.00154314 -0.0135097 0.000355888 -0.0035955 0.000418033 -0.0115314 0.000633395 -0.000170494 -0.000178683 -0.00879737 0.000506778 -0.0151877 0.000264232 -0.0152549 0.000298743 
736 0.00202693 -0.00183316 0.00183317 0.000300008 -0.00153448 0.00153448 7.84551e-05 -0.0014156 0.00141559 0.000537486 -0.00226186 0.00226187 0.000325129 -0.00106874 0.00106873 5.9894e-05 0.00217536 -0.00217536 0.000438357 -0.00128861 0.00128861 0.00151502 -0.00202538 0.00202538 0.00158857 -0.00202501 0.00202501 -0.0161871 0.000444454 -0.00489618 0.000141156 -0.0138922 0.00104012 0.000185114 -9.29315e-05 -0.0106606 0.000707086 -0.0181405 0.000291546 -0.0182071 0.000336166 
768 0.00204378 -0.00147494 0.00147493 0.000295385 -0.000236366 0.000236366 0.000135236 -0.00139632 0.00139632 0.000470478 -0.00136877 0.00136877 0.000385895 -0.00120403 0.00120402 8.63998e-05 0.000233345 -0.000233344 0.000517021 -0.00102349 0.00102348 0.00144051 -0.00161384 0.00161384 0.00152676 -0.00164137 0.00164137 -0.0198748 0.000497648 -0.00616574 -1.82579e-05 -0.0178819 0.000927667 -0.00035897 -0.000870446 -0.0136963 0.000541979 -0.0220824 0.00041185 -0.0221498 0.000479403 
800 0.00223384 -0.00162505 0.00162506 0.000310007 -0.00125149 0.00125148 0.000194784 -0.0011977 0.0011977 0.000565575 -0.00139117 0.00139117 0.00049921 -0.000578659 0.000578656 9.08574e-05 0.00188128 -0.00188128 0.000595647 -0.000977313 0.000977309 0.00156129 -0.0019049 0.0019049 0.0016382 -0.00187543 0.00187543 -0.024077 0.000603435 -0.00644526 -0.000368041 -0.021076 0.000674815 -0.0019324 -0.000221153 -0.016004 0.00027253 -0.0269962 0.000695538 -0.0270502 0.000720627 
832 0.00219324 -0.00172793 0.00172792 0.000268959 -0.00193353 0.00193353 0.000218903 -0.00192631 0.00192631 0.000607908 -0.00165334 0.00165334 0.000493735 -0.000652473 0.000652467 7.3649e-05 0.00131187 -0.00131187 0.000561509 -0.00160362 0.00160361 0.00153637 -0.00186613 0.00186613 0.00163173 -0.00178444 0.00178445 -0.0292559 0.00071566 -0.00898672 -0.000588798 -0.0256898 0.000617847 -0.00301488 -0.00204906 -0.0198969 0.00010653 -0.0326392 0.000940073 -0.0327074 0.000936611 
864 0.00231156 -0.0015037 0.0015037 0.000247678 -0.00107941 0.00107941 0.000217494 -0.00145192 0.00145192 0.000496387 -0.000711418 0.000711416 0.000495411 -0.00060652 0.000606518 8.80635e-05 0.000764389 -0.000764387 0.000553234 -0.00131228 0.00131228 0.00167713 -0.00166085 0.00166085 0.00175832 -0.00159212 0.00159212 -0.0355551 0.00121052 -0.00973529 0.000307529 -0.0310886 0.000759946 -0.00310383 -0.000959683 -0.0237609 0.000505494 -0.0398483 0.00141648 -0.0398799 0.00146519 
896 0.00258504 -0.00152031 0.00152031 0.000275094 -0.000107009 0.000107007 0.000166704 -0.00178799 0.00178799 0.000645253 -0.00161863 0.00161862 0.000447657 -0.00100572 0.00100572 8.85075e-05 -0.000488334 0.000488333 0.000530304 -0.00119 0.00118999 0.00196273 -0.00172725 0.00172725 0.00205474 -0.00165159 0.00165159 -0.0431999 0.00144057 -0.0116546 -0.000637412 -0.0380035 0.00141542 -0.00612665 -0.000926669 -0.0291092 0.000671694 -0.0482918 0.00169015 -0.048366 0.00172009 
928 0.0030758 -0.000970717 0.000970718 0.000268012 0.0010609 -0.0010609 0.000237001 -0.000503085 0.000503085 0.000727918 -0.00110086 0.00110086 0.000596045 -0.000326399 0.000326399 9.38576e-05 0.000537286 -0.000537287 0.000598868 -3.78855e-05 3.78803e-05 0.00239562 -0.00143622 0.00143623 0.00247693 -0.00133551 0.00133551 -0.0511088 0.00207868 -0.0129901 -0.000110008 -0.0446634 0.00161399 -0.00771809 -0.00316052 -0.0339988 0.00082861 -0.057302 0.00249476 -0.057372 0.00254651 
960 0.00346911 -0.000721811 0.00072181 0.000182082 0.000513616 -0.000513618 0.000402857 -0.000634621 0.000634619 0.000872055 -0.00098818 0.000988179 0.000669624 0.000212853 -0.000212862 8.88935e-05 0.0032002 -0.0032002 0.000673834 -8.69952e-05 8.699e-05 0.00270613 -0.00101807 0.00101806 0.00279528 -0.000961457 0.000961456 -0.0603208 0.00282507 -0.0146911 -0.0004908 -0.0530842 0.00210545 -0.00807993 -0.00134283 -0.0402261 0.00115859 -0.067651 0.00337823 -0.0676714 0.00343626 
992 0.00404221 -0.00013223 0.000132229 0.000318885 0.00123779 -0.0012378 0.000476451 0.000473268 -0.000473264 0.000949657 -0.000642061 0.000642059 0.000759337 0.000860643 -0.000860644 9.53026e-05 0.00426597 -0.00426597 0.000890637 0.000890002 -0.000890007 0.00304973 -0.000541842 0.000541848 0.00315157 -0.000516243 0.000516249 -0.0697162 0.0038722 -0.0168306 -0.000101139 -0.0617399 0.00340426 -0.0104606 -0.0010685 -0.0467001 0.00208829 -0.0780157 0.00448607 -0.0781191 0.00452853 
1024 0.00472533 0.000210305 -0.000210303 0.000361817 2.00384e-05 -2.0043e-05 0.000640274 0.000313665 -0.000313667 0.00109667 -0.00012584 0.000125841 0.00100365 0.00071792 -0.00071792 9.43825e-05 0.00147457 -0.00147457 0.00109647 0.000297817 -0.000297821 0.00353985 0.000107574 -0.000107573 0.00362885 0.000179374 -0.000179376 -0.079328 0.00471769 -0.0182813 5.40702e-05 -0.0699167 0.00374005 -0.00965249 -0.000980698 -0.0524844 0.00239391 -0.089008 0.00553991 -0.0891333 0.00557409 
1056 0.0055154 0.000476442 -0.000476444 0.000362905 0.000579001 -0.000579001 0.000720539 0.00098667 -0.000986668 0.00123862 0.000331563 -0.000331564 0.00104926 0.00128311 -0.00128311 0.000101462 0.00210838 -0.00210838 0.00118491 0.00103892 -0.00103893 0.00420301 0.000245481 -0.00024548 0.0043305 0.000247705 -0.000247709 -0.0888464 0.00599355 -0.0196905 6.62837e-05 -0.0784265 0.00469694 -0.0104102 -0.00226102 -0.0586326 0.00300405 -0.0997792 0.00703747 -0.0998686 0.00708128 
1088 0.00635214 0.00129319 -0.00129319 0.000408298 0.00177341 -0.00177341 0.000851698 0.000965514 -0.000965516 0.00137553 0.00104234 -0.00104235 0.00123407 0.00145748 -0.00145748 0.00012136 0.00305842 -0.00305842 0.00138136 0.00121277 -0.00121278 0.00484907 0.00124583 -0.00124583 0.00497079 0.0013001 -0.00130009 -0.0972403 0.00699675 -0.0208912 -0.000136643 -0.0849149 0.00506641 -0.00893337 -0.00203264 -0.0632309 0.00319965 -0.109537 0.0082968 -0.109656 0.00837684 
1120 0.00677106 0.00193465 -0.00193466 0.000403218 0.00201701 -0.00201702 0.000970147 0.00194752 -0.00194752 0.00149175 0.0011466 -0.0011466 0.00122141 0.00233973 -0.00233973 9.93376e-05 -0.000231708 0.00023171 0.0014727 0.00182721 -0.00182721 0.00513939 0.00187798 -0.00187798 0.00529836 0.00193344 -0.00193344 -0.104577 0.00815562 -0.0203486 0.000383374 -0.0910325 0.00601328 -0.0106214 -0.00106848 -0.0672908 0.00401764 -0.118048 0.00958262 -0.118196 0.00966458 
1152 0.00733757 0.0020627 -0.0020627 0.000437955 0.0014581 -0.0014581 0.00112872 0.00264615 -0.00264615 0.00155852 0.00175462 -0.00175462 0.00138263 0.00275791 -0.00275791 0.000125415 0.0017008 -0.0017008 0.00169209 0.00223402 -0.00223404 0.00549415 0.00194179 -0.00194179 0.00564549 0.00197253 -0.00197252 -0.109762 0.00918624 -0.0206608 0.000540438 -0.0946758 0.00672018 -0.00879053 -0.000445184 -0.0696871 0.00455945 -0.124273 0.0107594 -0.124412 0.0108746 
1184 0.00784788 0.00282546 -0.00282546 0.000463475 0.00225969 -0.0022597 0.00128462 0.00273315 -0.00273315 0.00162016 0.00307826 -0.00307826 0.00149589 0.0033656 -0.0033656 0.000132262 0.0039468 -0.0039468 0.00188035 0.00265655 -0.00265656 0.00581501 0.0028387 -0.0028387 0.00596753 0.00284406 -0.00284406 -0.110934 0.00914331 -0.0184315 -1.79467e-05 -0.094173 0.00608065 -0.0077952 3.25714e-05 -0.0686541 0.00410629 -0.126284 0.0109381 -0.1264 0.0109775 
1216 0.00778491 0.00270501 -0.00270501 0.00047108 0.00122113 -0.00122113 0.00123038 0.00245676 -0.00245676 0.00170431 0.00273148 -0.00273148 0.0015984 0.00333732 -0.00333732 0.000121977 0.00237623 -0.00237623 0.00182343 0.00215102 -0.00215102 0.00579158 0.00287731 -0.00287731 0.00596148 0.00286292 -0.00286292 -0.108853 0.00902116 -0.0163977 0.000495796 -0.090965 0.00564108 -0.00498541 -0.000414195 -0.0657514 0.00384522 -0.124467 0.010855 -0.124618 0.0109139 
1248 0.00791138 0.00251789 -0.00251789 0.000440237 0.000752968 -0.000752969 0.00130609 0.00227442 -0.00227442 0.00174346 0.00287563 -0.00287563 0.00153095 0.00299938 -0.00299938 0.000110935 0.00425809 -0.00425809 0.00185726 0.00208816 -0.00208816 0.00589518 0.0026251 -0.0026251 0.00605412 0.00264243 -0.00264243 -0.101976 0.00774647 -0.0131368 -0.000345076 -0.0838331 0.00499347 9.09055e-05 -0.00128915 -0.0597272 0.00307146 -0.117309 0.00939965 -0.117427 0.0094503 
1280 0.0078611 0.00183531 -0.00183532 0.000408829 0.00102846 -0.00102846 0.00120346 0.00192732 -0.00192733 0.00171684 0.00204907 -0.00204907 0.00144146 0.00184136 -0.00184136 0.0001102 0.00295621 -0.00295621 0.00172249 0.0017731 -0.0017731 0.00599642 0.00182945 -0.00182944 0.00613861 0.00183335 -0.00183335 -0.090587 0.00606878 -0.00698171 -0.000738231 -0.0719108 0.00377792 0.00615886 0.000390072 -0.0496625 0.00223788 -0.105427 0.00745565 -0.105544 0.00746646 
1312 0.0082358 0.00186521 -0.00186521 0.000461892 0.00120824 -0.00120824 0.00126136 0.00169859 -0.00169859 0.00178529 0.00241749 -0.00241749 0.00157422 0.00155778 -0.00155779 0.000151646 0.0025612 -0.0025612 0.0018749 0.00173187 -0.00173187 0.00622379 0.0018902 -0.0018902 0.0063609 0.00186768 -0.00186768 -0.0743627 0.00372084 -0.00109375 -0.000805327 -0.0561577 0.00150287 0.0099032 -0.000591577 -0.0372197 0.000704313 -0.0878763 0.00481488 -0.0879401 0.00482204 
1344 0.00941962 0.00213026 -0.00213026 0.000657175 0.00393539 -0.00393539 0.00144359 0.00226748 -0.00226749 0.00208914 0.00252718 -0.00252719 0.00183357 0.00310613 -0.00310613 0.000141597 0.00299916 -0.00299916 0.00224236 0.00275497 -0.00275497 0.00701454 0.00190474 -0.00190474 0.00717726 0.00188945 -0.00188945 -0.0542916 0.00148963 0.00398698 -0.0010717 -0.0363852 0.000123155 0.012678 -0.00132017 -0.0223549 -0.000350521 -0.0658801 0.00216062 -0.0659619 0.00216294 
1376 0.0109854 0.00335969 -0.00335969 0.000727255 0.00425182 -0.00425182 0.00180228 0.00457628 -0.00457628 0.00240416 0.00337659 -0.00337659 0.00215594 0.00445237 -0.00445238 0.00017038 0.00497421 -0.00497421 0.00269991 0.00446918 -0.00446918 0.00809402 0.00285894 -0.00285894 0.00828552 0.00289812 -0.00289812 -0.03189 -0.000347653 0.00974051 -0.00101609 -0.0152292 -0.000590683 0.0178186 -0.00165045 -0.00632071 -0.000808936 -0.0412295 -0.000195378 -0.0412377 -0.000169357 
1408 0.0136994 0.00477436 -0.00477436 0.000940138 0.00739606 -0.00739605 0.00237308 0.00601659 -0.00601659 0.00293549 0.00451767 -0.00451768 0.00275164 0.00608053 -0.00608053 0.000227015 0.00515053 -0.00515053 0.00354023 0.00652531 -0.00652532 0.00994236 0.00408295 -0.00408295 0.0101592 0.00409912 -0.00409912 -0.00812576 -0.0014496 0.0160978 -0.000726228 0.00716245 -0.00125769 0.0220213 -0.00205815 0.0105665 -0.00117825 -0.0149349 -0.00155462 -0.0149666 -0.00154048 
1440 0.0167607 0.00664779 -0.00664779 0.0010642 0.00892543 -0.00892543 0.00296144 0.00730184 -0.00730184 0.00350097 0.00622967 -0.00622968 0.00334658 0.00791876 -0.00791877 0.000255045 0.00898319 -0.00898319 0.00428068 0.00800154 -0.00800155 0.0121966 0.00606751 -0.00606752 0.01248 0.0060907 -0.0060907 0.0146586 -0.00140097 0.0197574 -0.00191309 0.0269153 -0.00119064 0.0236775 -0.00202899 0.0250102 -0.0014778 0.0108533 -0.00141462 0.0108528 -0.00136933 
1472 0.0201431 0.00878652 -0.00878652 0.00119191 0.0114977 -0.0114977 0.00357952 0.00950288 -0.00950288 0.00428691 0.00855322 -0.00855323 0.00397397 0.0102214 -0.0102214 0.000312228 0.00782805 -0.00782805 0.00508366 0.0102209 -0.0102209 0.0147447 0.00817791 -0.00817791 0.0150595 0.0082106 -0.00821059 0.0362341 -0.000684879 0.0213878 -0.00113428 0.045024 -0.000132357 0.0226039 -0.0020068 0.0375664 -0.00054551 0.035753 -0.000745939 0.0357356 -0.000720263 
1504 0.0234221 0.0101032 -0.0101032 0.00141506 0.0121727 -0.0121727 0.00403391 0.0104093 -0.0104093 0.0050837 0.0104179 -0.0104179 0.0045158 0.0115074 -0.0115074 0.000329215 0.0104939 -0.0104939 0.00577819 0.0110407 -0.0110407 0.0172838 0.00972034 -0.00972033 0.0176439 0.00972449 -0.00972449 0.0556293 0.00104459 0.0225987 -0.00114857 0.0613433 0.00147578 0.0235995 -0.00150268 0.0488999 0.000582721 0.0580961 0.00117875 0.0580708 0.00121526 
1536 0.0262037 0.0113454 -0.0113454 0.00144946 0.0129818 -0.0129818 0.00454269 0.0118613 -0.0118613 0.00572104 0.011766 -0.011766 0.00501551 0.0126369 -0.0126369 0.00033496 0.0100061 -0.0100061 0.00632711 0.0123546 -0.0123546 0.0194646 0.0109149 -0.0109149 0.0198766 0.0109129 -0.0109129 0.0723067 0.00279777 0.0234603 -0.000620486 0.0746467 0.0022688 0.0232303 0.000650429 0.0580465 0.00135998 0.0775254 0.00331841 0.0774834 0.00332818 
1568 0.0287892 0.0121144 -0.0121144 0.00154992 0.0110898 -0.0110898 0.00494583 0.0128872 -0.0128872 0.00632822 0.0121916 -0.0121916 0.00547464 0.0131614 -0.0131614 0.000358464 0.00896174 -0.00896173 0.00685422 0.0125759 -0.0125759 0.0214957 0.0118724 -0.0118724 0.021935 0.0118916 -0.0118916 0.0844158 0.00470756 0.0228623 -6.21964e-05 0.0841117 0.00493397 0.0199697 -0.000472076 0.0639893 0.0032466 0.0918554 0.00520631 0.0918466 0.00524786 
1600 0.0303322 0.0128444 -0.0128444 0.00162171 0.0115899 -0.0115899 0.00527025 0.0139365 -0.0139365 0.00662323 0.0129906 -0.0129906 0.00579822 0.0130061 -0.0130061 0.000374215 0.0104315 -0.0104315 0.00726617 0.0134151 -0.0134151 0.0226078 0.0125958 -0.0125958 0.0230661 0.0125949 -0.0125949 0.0916713 0.00595406 0.0206948 -0.000156259 0.0889988 0.00494731 0.0172561 0.000437081 0.0665012 0.00329138 0.10085 0.00692786 0.100839 0.00694299 
1632 0.0313335 0.012564 -0.012564 0.00158301 0.00867113 -0.00867113 0.00542488 0.0140741 -0.0140741 0.00692856 0.0133027 -0.0133027 0.00589164 0.0132891 -0.0132891 0.000409463 0.0082385 -0.0082385 0.00741735 0.0126246 -0.0126246 0.0234209 0.0124928 -0.0124928 0.0239161 0.0125204 -0.0125204 0.0933822 0.0065591 0.0171803 0.000291628 0.0883027 0.00552127 0.0138737 -0.000556301 0.0647974 0.00372079 0.103826 0.00761069 0.103809 0.00760659 
1664 0.0315748 0.0119252 -0.0119252 0.00157894 0.00539111 -0.00539111 0.00547412 0.013094 -0.013094 0.006957 0.0124362 -0.0124362 0.00587316 0.0124855 -0.0124855 0.000350958 0.00629505 -0.00629505 0.00740402 0.0110734 -0.0110734 0.0236744 0.0121358 -0.0121358 0.0241708 0.0121398 -0.0121398 0.0910017 0.00638638 0.0138285 -0.000595808 0.0839681 0.00487634 0.00760123 0.00143608 0.0605756 0.00315607 0.102087 0.00755131 0.102097 0.00758558 
1696 0.0318086 0.0107187 -0.0107187 0.00157082 0.00564107 -0.00564107 0.00544762 0.0119347 -0.0119347 0.00709375 0.0114474 -0.0114474 0.00594435 0.0105513 -0.0105513 0.000384722 0.0037939 -0.0037939 0.00740316 0.0100098 -0.0100098 0.02391 0.0109252 -0.0109252 0.0244054 0.0109391 -0.0109391 0.0848688 0.00528537 0.00980212 -4.05472e-06 0.0773497 0.00397491 0.00256275 0.000675939 0.0547007 0.00269971 0.0958271 0.00622644 0.0958651 0.00625735 
1728 0.0320674 0.00997201 -0.00997201 0.00164798 0.00414277 -0.00414277 0.00558555 0.0107942 -0.0107942 0.00703687 0.0111465 -0.0111465 0.00610766 0.010402 -0.010402 0.000386234 0.00564851 -0.00564851 0.00761976 0.00875513 -0.00875513 0.0239456 0.0103462 -0.0103462 0.0244476 0.0103628 -0.0103628 0.076633 0.00433655 0.00678327 0.00043265 0.0685592 0.0030823 -0.000802344 0.000292566 0.0477601 0.00216738 0.0870868 0.00512915 0.0871479 0.00515333 
1760 0.0319295 0.00906555 -0.00906555 0.00172219 0.0041304 -0.0041304 0.0054984 0.0103163 -0.0103163 0.00705492 0.00979128 -0.00979129 0.00614232 0.00966352 -0.00966352 0.000433435 0.00662848 -0.00662848 0.00765402 0.00855491 -0.00855491 0.0237944 0.00916071 -0.00916071 0.0242755 0.0092009 -0.0092009 0.0677911 0.00337731 0.00423285 0.00101426 0.059211 0.00170111 -0.00301067 3.39389e-05 0.0406733 0.0014021 0.0776569 0.00408982 0.0776713 0.00411469 
1792 0.0320919 0.00795137 -0.00795137 0.00180003 0.00429463 -0.00429463 0.0056184 0.00835922 -0.00835922 0.00702281 0.00839191 -0.00839192 0.00624114 0.00794578 -0.00794579 0.000428037 0.00433729 -0.00433729 0.00784647 0.00719712 -0.00719713 0.0237428 0.00820292 -0.00820292 0.0242455 0.00818732 -0.00818732 0.0590179 0.00232926 0.00164423 0.000391897 0.0513183 0.000664695 -0.00492125 1.89555e-06 0.0345943 0.000539145 0.0678919 0.00295421 0.0679415 0.0030017 
1824 0.0325133 0.00728932 -0.00728932 0.00191185 0.00480218 -0.00480218 0.00557704 0.00763598 -0.00763599 0.00717785 0.00737963 -0.00737963 0.00632379 0.00717547 -0.00717548 0.000452935 0.00544826 -0.00544826 0.00794182 0.00688887 -0.00688887 0.0240732 0.00741019 -0.00741019 0.0245715 0.00737576 -0.00737577 0.0508581 0.00181273 0.000746635 0.000452069 0.0429544 0.000225143 -0.00514697 -0.00109213 0.0286625 0.00019472 0.0589361 0.0023849 0.0589575 0.00241567 
1856 0.0331573 0.00666676 -0.00666676 0.00199006 0.00503494 -0.00503494 0.00585268 0.00763026 -0.00763026 0.0072005 0.00694723 -0.00694723 0.00658232 0.00718428 -0.00718428 0.000460845 0.00445574 -0.00445574 0.00830359 0.00680827 -0.00680827 0.0243189 0.00659259 -0.00659259 0.0248537 0.00658253 -0.00658254 0.0437715 0.00118876 -0.000195394 0.000539498 0.0361891 0.000101781 -0.00457702 -0.000996597 0.0238817 0.000122219 0.0510142 0.00153584 0.0510329 0.00159575 
1888 0.0332175 0.00630792 -0.00630792 0.00200578 0.00472761 -0.00472761 0.00589714 0.00760022 -0.00760023 0.00723102 0.00599104 -0.00599105 0.00653597 0.00707248 -0.00707248 0.000467579 0.00504599 -0.00504599 0.0083705 0.006793 -0.006793 0.0243271 0.00612377 -0.00612378 0.024847 0.00610447 -0.00610448 0.0382509 0.000930455 0.00104164 0.00066426 0.031286 -0.000595522 -0.00409467 -0.000277361 0.0209958 -0.00027447 0.0444985 0.00133278 0.0445455 0.00138179 
1920 0.0334148 0.00577096 -0.00577097 0.00203271 0.00338626 -0.00338626 0.00596473 0.00682628 -0.00682628 0.00720358 0.00505699 -0.005057 0.00664395 0.00663373 -0.00663373 0.000541691 0.00564226 -0.00564226 0.00853913 0.00592946 -0.00592947 0.0243815 0.00565653 -0.00565653 0.0248757 0.00565311 -0.00565311 0.0337607 0.00103351 0.000459116 0.000621655 0.0274029 0.000121635 -0.00195272 -0.000569389 0.0183598 0.000186198 0.0393739 0.00131836 0.0393896 0.00136796 
1952 0.0336675 0.00502541 -0.00502541 0.00209514 0.0036548 -0.0036548 0.00595928 0.00619997 -0.00619998 0.00725696 0.00444056 -0.00444056 0.00660498 0.00628757 -0.00628757 0.000514404 0.006329 -0.006329 0.00856882 0.00557994 -0.00557994 0.0246074 0.00480458 -0.00480457 0.0250987 0.00479126 -0.00479126 0.0313136 0.00108957 0.00148795 0.000615178 0.0251372 -2.65001e-05 -0.00128428 -0.000785534 0.0171527 5.07224e-05 0.0364515 0.0014349 0.0364761 0.00148502 
1984 0.0337218 0.00472641 -0.00472641 0.00213031 0.00249791 -0.00249791 0.00600087 0.00628345 -0.00628345 0.00725222 0.00452151 -0.00452151 0.00662689 0.00548061 -0.00548061 0.000509282 0.00326318 -0.00326318 0.00864046 0.00520067 -0.00520067 0.0245549 0.00453353 -0.00453353 0.0250814 0.00451751 -0.00451751 0.0296368 0.000883538 0.00174856 0.000864852 0.0246789 0.000448452 -0.00104112 0.000190385 0.0169568 0.000512284 0.0342662 0.000981874 0.0342657 0.00102953 
2016 0.0337845 0.00416737 -0.00416737 0.00209801 0.00207041 -0.00207041 0.00604022 0.00515705 -0.00515706 0.00741735 0.00418809 -0.00418809 0.00670838 0.00485772 -0.00485772 0.000507462 0.00421976 -0.00421976 0.00864569 0.00443965 -0.00443965 0.0245964 0.00402212 -0.00402212 0.0251388 0.00404453 -0.00404452 0.0283972 0.00103834 0.00317814 -8.43685e-05 0.0234139 0.000627427 0.000598526 0.000120278 0.0165878 0.000308107 0.0327259 0.00125062 0.0327176 0.00131429 
2048 0.0339267 0.00395552 -0.00395551 0.00225446 0.00177372 -0.00177372 0.00603768 0.00471984 -0.00471985 0.00734955 0.00396192 -0.00396192 0.00679226 0.00450565 -0.00450565 0.000540129 0.00446227 -0.00446228 0.00883227 0.00402381 -0.00402381 0.0245822 0.00384648 -0.00384648 0.0250945 0.00389334 -0.00389334 0.0279023 0.000860452 0.00366108 0.000538705 0.0237476 0.000856113 9.71833e-05 -0.000431809 0.0169025 0.000617675 0.031906 0.000912142 0.031917 0.000947744 
2080 0.033994 0.0031053 -0.00310531 0.00226884 0.00129766 -0.00129766 0.00606053 0.00417094 -0.00417094 0.00734 0.0031907 -0.0031907 0.0067123 0.00369305 -0.00369305 0.000518316 0.00366054 -0.00366053 0.00884768 0.00345361 -0.00345361 0.0246654 0.00286305 -0.00286305 0.0251463 0.00295039 -0.00295039 0.0281985 0.0010121 0.00449474 -0.00017584 0.0238513 0.000936727 0.00219217 -0.00193169 0.017345 0.00043992 0.0321297 0.00118251 0.0321804 0.00121804 
2112 0.0339689 0.00264596 -0.00264596 0.00223459 0.000273656 -0.000273655 0.00597876 0.00349355 -0.00349356 0.00735708 0.00227482 -0.00227482 0.00670588 0.00354529 -0.00354529 0.000524186 0.00233952 -0.00233952 0.00873754 0.00268704 -0.00268704 0.0247261 0.00257272 -0.00257272 0.0252313 0.00261044 -0.00261044 0.0278919 0.000881993 0.00482234 0.000428351 0.0231153 0.000875584 0.00110978 -0.00168112 0.0168582 0.000497444 0.0318723 0.00100581 0.0319035 0.00102919 
2144 0.0341439 0.00252032 -0.00252032 0.0022842 0.00119714 -0.00119714 0.00597471 0.00277998 -0.00277998 0.00750449 0.00265858 -0.00265858 0.00673031 0.00298135 -0.00298135 0.000552391 0.00313969 -0.00313969 0.0088113 0.00235711 -0.00235711 0.024819 0.00252452 -0.00252452 0.0253326 0.0025523 -0.00255229 0.0285072 0.000934972 0.00470446 -0.000123176 0.024213 0.000485721 0.00252148 -0.000365987 0.0176248 0.000219832 0.0324467 0.00116711 0.0324743 0.00121238 
2176 0.0342707 0.00188697 -0.00188697 0.00229147 2.08761e-05 -2.08768e-05 0.00602725 0.00192443 -0.00192443 0.0074693 0.00216721 -0.00216721 0.00693436 0.00236013 -0.00236013 0.00055103 0.00162734 -0.00162734 0.00886975 0.00142928 -0.00142929 0.0248845 0.0020679 -0.00206789 0.0254009 0.00202737 -0.00202737 0.0283768 0.00122258 0.00518283 -6.65724e-05 0.0232324 0.000750474 0.00135275 0.000217177 0.0171452 0.000434703 0.0324751 0.00147585 0.0324777 0.00152317 
2208 0.0341921 0.00198921 -0.00198921 0.00228723 0.00037263 -0.000372632 0.00591552 0.00183716 -0.00183716 0.00737327 0.00200209 -0.00200209 0.0069741 0.00264424 -0.00264424 0.00059525 0.00302297 -0.00302297 0.008798 0.00144039 -0.0014404 0.0248776 0.00216667 -0.00216666 0.0253941 0.00218137 -0.00218138 0.0283403 0.0011501 0.00496135 3.2964e-05 0.0229432 0.000258726 0.00351109 -8.51446e-05 0.016905 8.84999e-05 0.0324488 0.0015132 0.0325079 0.00154064 
2240 0.0342385 0.00159217 -0.00159217 0.00224896 -0.000594163 0.000594161 0.00594054 0.00249441 -0.00249441 0.00742654 0.00125258 -0.00125259 0.00675065 0.00266083 -0.00266083 0.00056195 0.00234781 -0.00234781 0.00875145 0.00171157 -0.00171157 0.0249569 0.0014985 -0.0014985 0.0254871 0.0015009 -0.0015009 0.0282767 0.00106231 0.00429157 0.000539255 0.0230748 6.22251e-05 0.00299357 -0.00104785 0.0168477 4.23261e-05 0.0324177 0.00143519 0.0324474 0.00144974 
2272 0.0344084 0.00138865 -0.00138866 0.00230612 -0.00085332 0.000853321 0.00606049 0.00270321 -0.00270321 0.0074539 0.00162485 -0.00162485 0.00682704 0.00266099 -0.00266099 0.000585517 0.000644171 -0.000644171 0.00895212 0.00161948 -0.00161949 0.0249405 0.00122739 -0.00122739 0.0254562 0.001271 -0.001271 0.028449 0.000938361 0.00424205 0.000652536 0.0231305 -0.000147773 0.00196541 -0.000212962 0.016822 -2.7999e-05 0.0326869 0.00128361 0.0326855 0.00129663 
2304 0.0344464 0.00107703 -0.00107702 0.00226824 -0.00102282 0.00102282 0.00601046 0.00157497 -0.00157497 0.00744616 0.00124933 -0.00124933 0.00688121 0.00217863 -0.00217864 0.000562228 0.00124428 -0.00124428 0.00884093 0.000965333 -0.000965337 0.0250817 0.0010883 -0.00108829 0.0256055 0.00108016 -0.00108016 0.0283533 0.000997839 0.00369954 0.000974976 0.0234378 0.000137407 0.00316288 0.000195767 0.0169178 0.000240727 0.0325275 0.00129034 0.0325257 0.00128826 
2336 0.03456 0.00111916 -0.00111916 0.00236569 -2.92683e-06 2.92467e-06 0.00601254 0.00115494 -0.00115494 0.00742129 0.00104672 -0.00104672 0.00690127 0.00204204 -0.00204204 0.000569884 0.00219013 -0.00219013 0.00894812 0.00086519 -0.00086519 0.0250994 0.00115833 -0.00115833 0.0256119 0.00120212 -0.00120212 0.0277594 0.000833261 0.00362241 0.00106539 0.022482 0.000653467 0.00326355 0.000609241 0.0163622 0.00064601 0.0318874 0.000926866 0.0319302 0.000915408 
2368 0.0345431 0.000424617 -0.000424617 0.00230736 -0.000265663 0.000265663 0.0060074 0.000582547 -0.00058255 0.00745529 0.000544467 -0.000544465 0.0069048 0.00110046 -0.00110046 0.000560704 0.000307116 -0.000307117 0.00887546 0.000401513 -0.000401518 0.0251489 0.000427121 -0.000427119 0.0256676 0.000409756 -0.000409753 0.0273843 0.00116751 0.00280182 0.000619567 0.0215202 0.000748169 0.0024561 0.000816365 0.0154774 0.000677242 0.0317077 0.00135943 0.0317298 0.00135057 
2400 0.0346937 0.000364263 -0.000364265 0.00239538 -0.000122085 0.000122085 0.00611166 0.00112682 -0.00112682 0.0074779 -0.000305074 0.00030507 0.00689556 0.00158476 -0.00158477 0.000550655 0.000615712 -0.000615713 0.00905769 0.000819234 -0.000819238 0.0251189 0.000191987 -0.000191992 0.025636 0.000206549 -0.000206548 0.0270416 0.000983421 0.00335016 0.000447791 0.0221936 0.000650228 0.00150534 0.00243856 0.0159625 0.000564175 0.0311571 0.00113284 0.031096 0.0011551 
2432 0.0345455 -3.11263e-05 3.11256e-05 0.00237262 0.000256027 -0.000256028 0.00614728 0.00054943 -0.000549431 0.00740033 -0.000690284 0.000690282 0.00684805 0.00109615 -0.00109615 0.000588473 0.00102887 -0.00102887 0.00910837 0.000368331 -0.000368335 0.0249069 -0.000188437 0.000188441 0.0254371 -0.000195975 0.000195976 0.0268097 0.00109323 0.00304049 0.000514253 0.0218588 0.00126084 0.00135818 0.00169609 0.01566 0.000969475 0.0309146 0.00112427 0.0308882 0.0011364 
2464 0.0344952 0.000321801 -0.00032181 0.00235586 0.00129155 -0.00129155 0.00610806 0.00147636 -0.00147637 0.00739134 -0.00068659 0.000686588 0.00696238 0.00159868 -0.00159868 0.000576218 0.00134961 -0.00134961 0.00904013 0.00134835 -0.00134835 0.024907 -2.18715e-05 2.18723e-05 0.0254551 -8.97053e-05 8.97034e-05 0.0263027 0.000707838 0.00266202 -0.000157312 0.0219843 0.000334594 0.000201187 0.000628097 0.0156073 9.47128e-05 0.030241 0.000906741 0.0301981 0.000928067 
2496 0.0346498 -3.0402e-05 3.04024e-05 0.00247564 -0.00119494 0.00119495 0.0061629 0.000790553 -0.000790556 0.00742257 -0.000108109 0.000108107 0.00710374 0.000800992 -0.000800993 0.000581397 0.00061544 -0.000615439 0.00921994 0.000249126 -0.000249129 0.0248827 -0.00016094 0.000160948 0.0254299 -0.000158353 0.00015835 0.0262502 0.00095087 0.00329534 9.996e-05 0.0218536 0.00064497 0.00119918 0.00258521 0.0157572 0.000488381 0.0300548 0.00109079 0.0300783 0.00112119 
2528 0.0346127 -5.43864e-05 5.43826e-05 0.00245693 -0.00107486 0.00107485 0.00615113 0.00014727 -0.000147273 0.00751076 9.26429e-05 -9.26456e-05 0.00702012 0.00141739 -0.00141739 0.000590753 0.000452381 -0.000452377 0.00919881 -6.86477e-05 6.86397e-05 0.024903 -4.56392e-05 4.56369e-05 0.0254139 -5.36904e-05 5.36868e-05 0.0258328 0.00107409 0.00357478 -5.10753e-05 0.0212705 0.00123961 0.000505769 0.00178021 0.0153351 0.000809301 0.0296579 0.00114677 0.0296455 0.00116953 
2560 0.0346396 -0.000298808 0.00029881 0.00244137 -0.00130678 0.00130678 0.00606977 0.000494338 -0.00049434 0.00751473 -0.000585782 0.00058578 0.00690605 0.000836924 -0.000836928 0.000578991 0.000659626 -0.000659627 0.00909013 0.000104265 -0.000104271 0.0249901 -0.000456235 0.000456239 0.0255495 -0.000444962 0.00044496 0.0258403 0.00107294 0.00255446 0.000416569 0.0215377 0.000788104 -0.000654149 0.000961302 0.0151844 0.000528938 0.0297805 0.00129509 0.0297149 0.00126892 
2592 0.0346968 -0.000462456 0.00046246 0.00249229 -0.000697589 0.000697589 0.00612018 -0.000136091 0.000136089 0.00745854 -0.00119856 0.00119855 0.00704544 0.000295499 -0.000295499 0.000613374 0.00265482 -0.00265482 0.00922584 -6.02961e-05 6.02947e-05 0.0249486 -0.000644867 0.00064487 0.0254709 -0.000612343 0.000612344 0.025866 0.000721292 0.00252078 -0.000488049 0.0223239 0.000776208 -0.000612558 0.00146768 0.0157837 0.000328092 0.0296222 0.000869762 0.0295417 0.000858187 
2624 0.0349029 -0.00072234 0.000722339 0.0024936 -0.000974558 0.000974558 0.00620335 5.36394e-06 -5.36806e-06 0.00753194 -0.000876182 0.00087618 0.00704312 0.000723244 -0.000723244 0.000583028 0.00174084 -0.00174084 0.00927998 -0.000230913 0.00023091 0.0251166 -0.000980895 0.000980898 0.0256229 -0.000941608 0.000941612 0.0257065 0.00103421 0.00263291 -0.000688439 0.0226092 0.00113734 -0.000410045 0.00114081 0.0158666 0.000516219 0.0293654 0.00120756 0.0292957 0.00120651 
2656 0.0346694 -0.000785631 0.000785637 0.00248977 -0.00075398 0.000753979 0.00611169 4.53232e-05 -4.53271e-05 0.00755512 -0.000680041 0.000680041 0.00695503 0.000299947 -0.000299949 0.000603634 -0.000621821 0.000621822 0.00920509 -0.000217327 0.00021732 0.0249561 -0.00103358 0.00103358 0.0254643 -0.000999935 0.000999942 0.0255778 0.000747127 0.00317238 -0.000676498 0.0217145 0.000687165 0.00127627 5.2517e-05 0.0155306 0.000125247 0.0293086 0.000956532 0.0292471 0.000967996 
2688 0.0347606 -0.000776899 0.000776899 0.00249667 0.00021144 -0.000211442 0.00611517 -0.000229516 0.000229513 0.00749153 -0.000361238 0.000361236 0.00702916 7.8445e-06 -7.84433e-06 0.00059367 0.000410177 -0.000410175 0.00920551 -0.000172418 0.000172416 0.0250291 -0.00101492 0.00101492 0.0255551 -0.00100058 0.00100059 0.0250152 0.000886819 0.00198357 0.000315756 0.0208552 0.00050225 0.00038951 -0.00119115 0.0146637 0.000301143 0.0288327 0.00111803 0.0288015 0.00109057 
2720 0.0347463 -0.000871437 0.000871436 0.00253891 -0.00170413 0.00170413 0.00608911 -0.000257573 0.000257572 0.00754474 -0.000894137 0.000894136 0.00691737 0.000597161 -0.000597164 0.000575342 -0.000482057 0.000482059 0.00920336 -0.000486122 0.000486119 0.0250308 -0.00102958 0.00102958 0.0255429 -0.00100828 0.00100829 0.0249744 0.000713927 0.00260857 0.000322832 0.0211147 0.000545207 6.9065e-05 0.000814828 0.0149462 0.000373746 0.0286788 0.000827221 0.0286331 0.000825676 
2752 0.0346902 -0.000998086 0.000998096 0.00253472 -0.00110403 0.00110403 0.00596621 -0.000448687 0.000448684 0.00757043 -0.000646696 0.000646696 0.00687131 -0.000307067 0.000307067 0.000595276 0.000894795 -0.000894794 0.0090962 -0.000500877 0.000500877 0.0250856 -0.0012527 0.0012527 0.025594 -0.00119545 0.00119545 0.0243473 0.000674068 0.00269483 -0.000146716 0.0202273 0.000189415 0.00119529 0.0022625 0.0144114 5.05526e-05 0.0279851 0.000917461 0.0279747 0.000904027 
2784 0.0346679 -0.001201 0.001201 0.0024756 -0.00229375 0.00229375 0.00607084 -0.000809751 0.000809752 0.00744345 -0.000719631 0.000719631 0.00686261 -0.000967055 0.000967051 0.00060425 0.000659523 -0.000659523 0.00915068 -0.00108148 0.00108148 0.0249826 -0.00123371 0.00123371 0.0255172 -0.00125766 0.00125766 0.0240574 0.000896382 0.00290463 0.000801171 0.0201448 0.000377341 0.0024906 0.000625224 0.0144397 0.000389301 0.0275753 0.00107778 0.0275572 0.00108018 
2816 0.0345586 -0.000949656 0.000949654 0.00253582 8.88747e-05 -8.88741e-05 0.00610662 -0.000616607 0.000616606 0.00738902 -0.000927834 0.000927831 0.00699536 -3.77333e-06 3.76806e-06 0.000603663 0.00228975 -0.00228974 0.00924611 -0.00040669 0.000406686 0.0247902 -0.00111566 0.00111567 0.0253125 -0.00115253 0.00115253 0.0236306 0.000754091 0.00303439 0.000464475 0.019872 -2.0178e-05 0.000863765 0.00149812 0.0142514 0.000113061 0.0271288 0.00102055 0.0270595 0.0010016 
2848 0.0346689 -0.00104017 0.00104016 0.00248032 -0.00188181 0.00188181 0.00622837 -0.00122734 0.00122733 0.00746113 -0.000500761 0.000500757 0.00708139 -0.000196466 0.000196465 0.000598691 0.00215891 -0.00215891 0.00930738 -0.00123436 0.00123436 0.0248222 -0.000957352 0.000957353 0.0253615 -0.000961321 0.00096132 0.0236705 0.000870916 0.00341924 -7.43915e-05 0.0195502 0.000670242 0.000451485 0.0030243 0.0141505 0.000478669 0.027142 0.00105494 0.0271343 0.00102151 
2880 0.0345851 -0.000856561 0.000856564 0.00244751 -0.00125643 0.00125643 0.00616166 -0.00085977 0.000859767 0.0074709 -0.000337574 0.000337573 0.00698925 0.000203231 -0.000203232 0.000603836 0.00294952 -0.00294952 0.00921301 -0.000699377 0.000699371 0.024846 -0.000931917 0.000931911 0.0253721 -0.000927308 0.000927307 0.0237053 0.000560932 0.00331467 9.90754e-06 0.019742 -0.000509139 0.00229298 0.00105529 0.0143033 -0.00041043 0.0271593 0.000960595 0.0271239 0.000907059 
2912 0.0346322 -0.000795444 0.000795446 0.00243882 0.00037356 -0.000373558 0.00614763 -0.00157225 0.00157225 0.00738885 -0.000288709 0.000288706 0.00693905 0.00016001 -0.000160011 0.000600115 0.00103857 -0.00103857 0.00918657 -0.000823096 0.00082309 0.0249255 -0.000833307 0.000833313 0.0254456 -0.000798345 0.000798345 0.0234205 0.000649367 0.00324199 0.000630403 0.0191399 -0.000168213 -0.000301897 0.000560712 0.0137658 -1.04727e-05 0.0269591 0.000914079 0.0269377 0.00089271 
2944 0.0347096 -0.000915258 0.00091526 0.00249655 -0.000857269 0.000857268 0.00613116 -0.000979013 0.000979009 0.00748199 -0.000438845 0.000438842 0.00700142 -0.000305956 0.000305957 0.000617307 0.00330899 -0.00330899 0.00924502 -0.000565527 0.000565524 0.0249445 -0.00100993 0.00100993 0.0254646 -0.00103889 0.00103889 0.0230128 0.000742162 0.00360409 0.000332997 0.0187577 -0.000173553 -0.00200691 -0.00105604 0.0135485 -0.000226417 0.0264509 0.00114122 0.026461 0.00109255 
2976 0.0346157 -0.00119081 0.00119081 0.00252438 -0.00129681 0.00129681 0.00613847 -0.000879282 0.000879278 0.00747367 -0.00137601 0.00137601 0.00701404 -0.000461382 0.000461379 0.000591763 -0.000328474 0.000328471 0.00925461 -0.000938398 0.000938392 0.0248399 -0.00131934 0.00131934 0.0253611 -0.00130279 0.00130278 0.0226186 0.000660395 0.00314801 0.000699443 0.0186924 5.18963e-05 -0.000269388 -0.000477423 0.0134336 7.46478e-05 0.0258863 0.000874592 0.0259612 0.000857578 
3008 0.0346173 -0.00100689 0.00100689 0.00248008 -0.00104205 0.00104205 0.00602758 -0.000781317 0.000781314 0.00755003 -0.00143907 0.00143907 0.00685046 -8.9873e-05 8.98714e-05 0.000604691 0.00223316 -0.00223316 0.00911236 -0.000603142 0.000603137 0.0249977 -0.00116193 0.00116193 0.025505 -0.00115477 0.00115477 0.0225451 0.00077365 0.0026851 0.000717536 0.0188784 -4.76953e-06 -0.00109911 0.00183834 0.0133456 0.000215197 0.0258574 0.00101272 0.0258871 0.000977424 
3040 0.0346303 -0.00120165 0.00120165 0.00259676 -0.000941319 0.000941317 0.00607243 -0.00122829 0.00122829 0.00739867 -0.000783229 0.000783226 0.00694886 -7.07222e-07 7.02333e-07 0.000595313 0.00174677 -0.00174677 0.0092645 -0.00109508 0.00109507 0.0248348 -0.00123456 0.00123456 0.0253658 -0.00124616 0.00124616 0.022437 0.000656056 0.00341691 0.00152663 0.018994 -0.000151213 -1.0073e-05 0.00195629 0.0137063 0.000264128 0.0255527 0.00083407 0.0256104 0.000808093 
3072 0.0346613 -0.00142786 0.00142786 0.00252115 -0.00192809 0.00192808 0.0061156 -0.00151587 0.00151586 0.00747651 -0.00143596 0.00143596 0.00694877 -0.000677965 0.000677966 0.000615565 0.00256345 -0.00256345 0.00925232 -0.00150089 0.00150089 0.0248598 -0.00144274 0.00144275 0.0254089 -0.0014417 0.0014417 0.0224393 0.000600901 0.00303663 7.74911e-05 0.0192065 4.04749e-05 -0.000737728 -0.000318264 0.0136417 -6.35685e-05 0.0255728 0.000901099 0.0256362 0.000851279 
3104 0.0349402 -0.00129081 0.00129081 0.00256026 -0.000953912 0.000953909 0.00617171 -0.0017832 0.00178319 0.00755818 -0.000813933 0.000813927 0.00716017 -0.000816281 0.000816281 0.000625879 0.00169647 -0.00169646 0.00935784 -0.00141201 0.001412 0.0250367 -0.00129397 0.00129397 0.0255824 -0.00128161 0.00128161 0.0223526 0.000878242 0.00317094 5.48157e-05 0.0185061 0.000102691 0.000645108 0.00131769 0.0132819 5.71044e-05 0.0255655 0.00122039 0.025654 0.00118154 
3136 0.0347816 -0.00131668 0.00131668 0.00254292 -0.000625419 0.000625416 0.00613757 -0.00152054 0.00152054 0.00756148 -0.00131503 0.00131503 0.00707848 -0.000691204 0.000691201 0.000607652 0.000481859 -0.000481858 0.00928815 -0.00101682 0.00101682 0.0249561 -0.00141029 0.00141029 0.0254935 -0.00140157 0.00140157 0.0220364 0.000949002 0.00310922 -3.71052e-05 0.0186981 0.000348134 0.000970041 0.00152463 0.0133817 0.000190972 0.0251143 0.00126954 0.0251788 0.00124187 
3168 0.0347491 -0.0016313 0.0016313 0.00254505 -0.00107128 0.00107128 0.00612797 -0.00162908 0.00162908 0.00738633 -0.000832978 0.000832975 0.00702732 -0.000776129 0.000776129 0.000638907 0.00222413 -0.00222413 0.00931193 -0.00127032 0.00127032 0.0249365 -0.00180488 0.00180488 0.0254372 -0.00178002 0.00178002 0.0221012 0.000678007 0.00287541 4.4412e-05 0.0194755 5.92242e-05 0.000476712 0.000880263 0.0138093 -3.08167e-05 0.0250245 0.000956769 0.025129 0.000942954 
