0 0 0 0 0 0 0 0 0 0 0 0 0 0 0 0 0 0 0 0 0 0 0 0 0 0 0 0 0 0 0 0 0 0 0 0 0 0 0 0 0 0 
16 0.00804324 -0.00463264 0.00463264 0.000520988 -0.00651579 0.00651581 0.00137227 -0.00436093 0.00436094 0.00191275 -0.00483467 0.00483467 0.00185267 -0.00424961 0.0042496 0.000200173 -0.00238244 0.00238245 0.00209344 -0.0048465 0.0048465 0.00581317 -0.00451536 0.00451537 0.00594981 -0.0045641 0.0045641 -0.00055763 -0.000559766 0.00055123 -0.00144364 -0.00194166 -9.12042e-05 0.00174352 -0.000872932 -0.000912407 -0.000486587 -0.000361793 -0.000572866 -0.000426468 -0.000560261 
32 0.000839487 -0.000249217 0.000249206 -3e-07 -0.00274478 0.00274479 -0.000125471 -6.07133e-05 6.07129e-05 0.000400774 0.00032285 -0.00032284 -6.77031e-05 0.000974749 -0.00097476 5.27453e-05 0.00255084 -0.00255083 -7.30176e-05 -0.000546527 0.000546523 0.000865863 -0.000171768 0.00017177 0.000912509 -0.000163537 0.000163533 -0.000360839 0.000511066 0.00216182 0.00190361 -0.00194288 -0.000153539 0.00319578 0.00185558 -0.000336058 0.000588567 -0.000229429 0.000471866 -0.000378242 0.000529116 
48 0.005994 -0.00349903 0.00349903 0.000346523 -0.00328035 0.00328036 0.000910031 -0.00284355 0.00284355 0.00146684 -0.00419761 0.00419761 0.0011184 -0.0030829 0.0030829 0.000131996 -0.00204983 0.00204984 0.00138855 -0.00306271 0.00306271 0.00448216 -0.00366082 0.00366083 0.00460544 -0.00361685 0.00361685 -0.000180486 0.000623141 0.00176596 0.000491725 -0.00134701 0.000187701 0.00249629 0.000951247 -0.000251857 0.000206235 -3.49014e-05 0.000819171 -0.000154263 0.000806369 
64 0.00248103 -0.000941387 0.000941394 0.000187171 -0.00120859 0.0012086 0.000227118 9.59863e-05 -9.59842e-05 0.000902191 -0.000875223 0.000875225 0.000221575 -0.00067087 0.000670867 4.721e-05 0.000976973 -0.000976965 0.000461509 -0.000315545 0.00031554 0.00192955 -0.00109314 0.00109315 0.00201954 -0.00115812 0.0011581 -0.000771339 -0.000221999 0.00192 -0.00125944 -0.00146499 0.000644849 -0.000730277 -0.000241723 -0.000701525 9.80083e-05 -0.000748732 -0.000213944 -0.000794899 -0.000313994 
80 0.00416562 -0.00240138 0.00240139 0.0003603 -0.00225495 0.00225496 0.000753129 -0.00161905 0.00161904 0.00114393 -0.00274575 0.00274575 0.000831859 -0.00279063 0.00279063 7.90742e-05 -0.00294402 0.00294402 0.0011925 -0.00211946 0.00211945 0.00292281 -0.00242903 0.00242904 0.0029731 -0.00250952 0.00250953 -0.000340549 2.66458e-05 0.00238505 0.00139003 -0.000618758 -0.000273247 0.00143172 0.00150197 0.000273187 0.000464233 -0.00058266 -1.5025e-05 -0.000577221 -9.00137e-05 
96 0.00349874 -0.00228891 0.00228891 0.000224667 -0.00200713 0.00200714 0.000594192 -0.00155628 0.00155628 0.000899777 -0.00156465 0.00156464 0.000603535 -0.00453716 0.00453715 -1.06378e-05 -0.00759661 0.00759662 0.000808229 -0.00222189 0.00222189 0.00272352 -0.00222357 0.00222356 0.00269051 -0.00230107 0.00230106 -4.15709e-05 0.000499779 0.00313695 0.00175854 -0.00175111 -0.00148102 0.00264502 -0.000199929 -8.11438e-05 -0.000416528 -9.11229e-05 0.000956061 -5.36168e-05 0.000835018 
112 0.00404764 -0.00201453 0.00201452 0.000434168 -0.00249517 0.00249518 0.00041456 -0.00153513 0.00153512 0.00139044 -0.002142 0.00214201 0.000404654 -0.003853 0.00385299 -2.37259e-05 -0.00429759 0.0042976 0.000824994 -0.0020867 0.00208672 0.00317855 -0.00184859 0.00184858 0.00322263 -0.00196617 0.00196617 -0.000656215 0.000414663 0.00270406 -4.80635e-05 -0.00305166 -0.00112721 0.00134867 -0.00367995 -0.00116338 -0.000948436 -0.000496213 0.000956374 -0.000497054 0.00089672 
128 0.00342802 -0.00147289 0.00147287 0.000528469 -0.00228868 0.00228869 0.000225961 -0.00259029 0.0025903 0.0011585 -0.00120142 0.00120143 0.000397331 -0.00275241 0.0027524 1.29824e-05 -0.00490926 0.00490927 0.000767424 -0.00267753 0.00267752 0.00262361 -0.000949885 0.000949891 0.00266059 -0.00106752 0.00106752 -0.000689092 0.000289499 0.000570549 -0.000358388 -0.00247161 -0.00013714 0.00420953 -0.000410695 -0.00129523 -0.000146474 -0.000395643 0.00052321 -0.00049246 0.000459417 
144 0.00497747 -0.00254737 0.00254737 0.000191976 -0.00197397 0.00197397 0.000860678 -0.0038615 0.0038615 0.00154333 -0.00234807 0.00234808 0.00115271 -0.00451949 0.00451949 6.09803e-05 -0.00117837 0.00117838 0.00111363 -0.00323831 0.00323831 0.00383874 -0.00215058 0.00215058 0.00386383 -0.00223217 0.00223216 4.52023e-06 0.00063192 0.00196659 0.000563345 -0.00117723 -0.000193193 0.00300496 -0.000389396 -8.91499e-05 5.47921e-05 8.80072e-05 0.000985143 2.05241e-05 0.000857654 
160 0.00358522 -0.00151156 0.00151155 0.000442528 -0.00399218 0.00399219 0.000566248 -0.00172088 0.00172088 0.000923115 -0.0014034 0.0014034 0.000393763 -0.00186877 0.00186875 9.14776e-05 0.00168679 -0.00168678 0.00110025 -0.00188557 0.00188557 0.00240959 -0.00124322 0.00124321 0.00248496 -0.00132552 0.00132551 -0.000218053 0.000643624 0.00351108 0.00167406 -0.00258531 -0.000337946 0.00180958 0.00237707 -0.000381422 0.000383259 -0.000152206 0.000839317 -0.000178615 0.000763982 
176 0.00447845 -0.00210055 0.00210053 0.000454534 -0.00101654 0.00101656 0.000667493 -0.00128796 0.00128796 0.00139495 -0.00232045 0.00232045 0.00111636 -0.00312671 0.0031267 8.6197e-05 -0.00075617 0.000756182 0.00120823 -0.00102535 0.00102535 0.00315286 -0.0023001 0.00230011 0.00327023 -0.00240974 0.00240974 -0.000440822 0.000568029 0.00312322 0.00173258 -0.00395403 -0.000934008 0.00374349 0.00295567 -0.00141884 0.000250659 -6.1935e-05 0.000728959 -0.000112497 0.000704073 
192 0.00421318 -0.00237516 0.00237516 0.000309725 -0.00339503 0.00339505 0.000827793 -0.00230626 0.00230626 0.00132052 -0.00157623 0.00157623 0.000658518 -0.00228686 0.00228686 0.000138086 -5.84509e-05 5.84555e-05 0.00127561 -0.00220613 0.00220613 0.00282683 -0.00228585 0.00228586 0.00293756 -0.0023533 0.00235329 -0.000372097 0.000362936 0.00114274 0.000811255 -0.00270925 -0.00105121 0.00243515 -0.00125909 -0.00143581 -0.000358857 6.66029e-05 0.000630193 -1.39068e-05 0.00062782 
208 0.00340241 -0.00265709 0.00265708 0.000266515 -0.00533211 0.00533212 0.00040476 -0.00303248 0.00303249 0.00117998 -0.00165931 0.00165932 0.000443793 -0.00289847 0.00289847 -6.96691e-05 0.0035864 -0.00358639 0.000601607 -0.00319664 0.00319664 0.00276828 -0.00239707 0.00239706 0.00280078 -0.00245054 0.00245052 -0.000494484 0.000214748 0.00184432 -0.00018897 -0.00188036 -0.000890615 0.0024221 -0.0023981 -0.000458735 -0.00075637 -0.00047088 0.000592616 -0.000553709 0.000578828 
224 0.00402081 -0.00232336 0.00232334 0.000253037 -0.00281892 0.00281893 0.000223616 -0.00367098 0.00367099 0.00145275 -0.00150055 0.00150055 0.000876203 -0.00296117 0.00296116 7.27638e-05 -0.0018462 0.0018462 0.000549421 -0.00323858 0.00323858 0.00342095 -0.00189497 0.00189497 0.00347139 -0.00200836 0.00200836 -0.000776714 0.000301881 0.00251393 0.000594581 -0.00285286 -0.000929905 0.00728144 0.0017152 -0.000518093 -0.000248079 -0.000910974 0.000519144 -0.000909 0.00050472 
240 0.00379724 -0.00194333 0.00194331 0.000410118 -0.00222243 0.00222244 0.000336102 -0.00447055 0.00447056 0.00124636 -0.000702154 0.000702161 0.000546178 -0.00201102 0.00201103 -2.55361e-05 1.75033e-05 -1.75006e-05 0.000720683 -0.00340618 0.00340617 0.00300596 -0.00127681 0.00127682 0.00307655 -0.00139935 0.00139935 -0.000777537 0.000432839 0.00142181 0.00110133 -0.0035155 -0.000453035 0.00573275 0.00268066 -0.00147915 0.000200829 -0.000575339 0.000559066 -0.000555347 0.000530635 
256 0.00425991 -0.00296229 0.00296228 0.00037732 -0.00289441 0.0028944 0.000572298 -0.00487081 0.00487082 0.00131287 -0.00212762 0.00212762 0.000736791 -0.00278905 0.00278904 3.88788e-05 0.00178005 -0.00178005 0.000988504 -0.00383573 0.00383573 0.00322816 -0.0026246 0.00262458 0.00327139 -0.002694 0.002694 -0.000940297 0.000340525 0.00102973 0.00136147 -0.00369024 -0.000881086 0.000772642 0.000421262 -0.00188255 -0.00024594 -0.000592071 0.000576115 -0.00064756 0.000564814 
272 0.00344379 -0.00191804 0.00191805 0.000339869 -0.0026239 0.00262391 0.000367037 -0.00158475 0.00158475 0.00116572 -0.00142383 0.00142383 0.000684954 -0.00173147 0.00173148 0.000182574 0.00141822 -0.00141821 0.000889474 -0.00195868 0.00195868 0.00253995 -0.00182737 0.00182737 0.00255429 -0.00188173 0.00188172 -0.000747194 9.31658e-05 0.00239351 -0.000887019 -0.00289754 -0.00193429 0.00227879 -0.00186534 -0.00108092 -0.00150299 -0.000644074 0.000652076 -0.000681713 0.000658457 
288 0.00401572 -0.00261946 0.00261944 0.000320273 -0.00165741 0.00165741 0.000701028 -0.0033741 0.00337411 0.00119789 -0.00312366 0.00312366 0.00061644 -0.00265605 0.00265604 4.85024e-05 -0.000963366 0.000963368 0.0010698 -0.00280656 0.00280656 0.0028424 -0.00242373 0.00242372 0.0029459 -0.00249091 0.0024909 -0.000163777 0.00045507 0.00183717 0.00102385 -0.00132936 -0.00223747 0.00284169 -0.00130138 -0.000389801 -0.00124454 -0.000145158 0.00102134 -0.0001385 0.00105949 
304 0.00398808 -0.00239762 0.00239762 0.000359898 -0.00163519 0.0016352 0.000678321 -0.00170712 0.00170714 0.00107253 -0.00312687 0.00312686 0.00086344 -0.00265218 0.00265217 3.89009e-05 -0.000835944 0.000835955 0.00107712 -0.00189142 0.00189142 0.00289752 -0.00243003 0.00243004 0.00291094 -0.00252349 0.0025235 -0.000868807 -0.00026422 -0.00106024 -0.000306289 -0.00172224 -0.00233771 0.00162294 -0.000127513 -0.00133955 -0.00154283 -0.000769541 0.000235466 -0.00074305 0.00018796 
320 0.00421784 -0.00216366 0.00216364 0.000345384 -0.00430525 0.00430525 0.000579782 -0.0016307 0.00163071 0.00125536 -0.00289296 0.00289297 0.000745487 -0.00205818 0.00205818 0.000102479 -0.00092784 0.000927845 0.00102765 -0.00255961 0.00255961 0.0031749 -0.00188754 0.00188755 0.0031902 -0.00201053 0.00201052 -0.00143543 -0.000349555 0.000928448 -0.000702706 -0.00266506 -0.00153868 0.00368625 -0.00133406 -0.00121455 -0.000989122 -0.00153159 -5.61513e-05 -0.0015426 -0.000115353 
336 0.00311802 -0.00169052 0.00169051 0.000130688 -0.00250161 0.00250161 0.000514102 -0.00289077 0.00289078 0.00073531 -0.00118624 0.00118624 0.000539682 -0.00174378 0.00174379 3.89843e-05 -5.74214e-05 5.74232e-05 0.000683776 -0.00254569 0.00254568 0.0024299 -0.00125345 0.00125345 0.00243424 -0.00137987 0.00137987 -0.00123593 0.000758037 0.00222343 0.00248459 -0.00181989 -0.000888404 0.00482741 0.00116786 -0.000393393 0.000295586 -0.00151601 0.000992656 -0.00156126 0.000954734 
352 0.00431259 -0.00225329 0.0022533 0.000300747 -0.00210086 0.00210087 0.000457327 -0.00167687 0.00167687 0.00133786 -0.00359246 0.00359246 0.000540431 -0.00131896 0.00131896 7.20625e-05 0.000543538 -0.000543533 0.00083014 -0.00186797 0.00186797 0.00346906 -0.00223722 0.00223723 0.00348243 -0.00235793 0.00235794 -0.00136747 0.000550028 0.00180807 -0.000301623 -0.00182195 -0.000594022 0.0029121 -0.00104544 -0.000649661 -0.000488536 -0.00169114 0.00100986 -0.00165073 0.000940492 
368 0.00391188 -0.00190236 0.00190235 0.000231033 -0.00144378 0.00144378 0.000552377 -0.000853672 0.000853678 0.00133097 -0.00266084 0.00266084 0.000528245 -0.00158744 0.00158743 0.000125093 -0.0017612 0.00176122 0.000908509 -0.00147339 0.00147339 0.00295816 -0.00198246 0.00198245 0.00300338 -0.00205706 0.00205705 -0.00185469 -0.000105605 0.00105024 -0.000606493 -0.00293231 -0.000532716 0.00104033 -0.002543 -0.00178203 -0.00039914 -0.00187523 6.69158e-05 -0.00190657 3.30504e-05 
384 0.00366676 -0.00232557 0.00232555 0.000382094 -0.0027323 0.00273232 0.000583213 -0.0011705 0.00117051 0.00125883 -0.00215561 0.00215562 0.000480274 -0.00280142 0.00280141 3.6182e-06 -0.00321412 0.00321413 0.00096892 -0.0017405 0.0017405 0.00267601 -0.00253301 0.00253301 0.00269781 -0.00251295 0.00251295 -0.00138494 0.000618732 0.00222605 0.00204651 -0.00282615 -0.000234735 0.00235977 0.000500149 -0.00119606 0.00069277 -0.00145924 0.000569635 -0.00149949 0.000610115 
400 0.00330379 -0.00229856 0.00229855 0.000253475 -0.00240512 0.00240513 0.00050638 -0.000988841 0.000988856 0.00139652 -0.00148391 0.00148391 0.000483526 -0.00366138 0.00366137 -1.76545e-07 -0.0058772 0.00587721 0.000759679 -0.00199988 0.00199988 0.00251146 -0.0023754 0.00237539 0.00254411 -0.00233019 0.00233017 -0.0016784 0.000489424 0.00260515 0.000684427 -0.00359983 -0.000843836 0.00400227 -0.00190369 -0.00145237 -0.000387896 -0.00180015 0.000777352 -0.00179105 0.000815109 
416 0.00434058 -0.00219194 0.00219194 0.000340794 -0.00140787 0.00140787 0.000729869 -0.00162812 0.00162813 0.00128334 -0.00209093 0.00209092 0.000893474 -0.00207412 0.00207412 5.9562e-05 -0.00596231 0.00596232 0.00113024 -0.00177544 0.00177544 0.00310949 -0.00227503 0.00227502 0.00321033 -0.00228072 0.00228071 -0.00252843 0.000266352 0.00108099 -0.00034386 -0.00367678 6.46717e-05 0.00408018 -0.00285431 -0.00186886 -0.000161055 -0.00275782 0.000438799 -0.00279105 0.000465467 
432 0.00365399 -0.00166284 0.00166284 0.000368102 -0.00299795 0.00299796 0.000465081 -0.00155654 0.00155655 0.00109444 -0.00208657 0.00208658 0.000765351 -0.0010596 0.00105959 6.10851e-05 -0.00026169 0.000261702 0.000894268 -0.0018303 0.0018303 0.00273306 -0.00157216 0.00157215 0.0027597 -0.00158247 0.00158247 -0.00265143 0.000382248 0.000141392 5.81672e-05 -0.00289639 -4.69496e-05 0.0035207 -0.000303553 -0.00176739 -2.865e-06 -0.00290226 0.000496386 -0.00300297 0.000547753 
448 0.00450709 -0.00221714 0.00221714 0.000295563 -0.00280668 0.00280669 0.000578493 -0.00280973 0.00280973 0.00138893 -0.0012344 0.0012344 0.000884199 -0.00267467 0.00267467 0.000141968 -0.0023546 0.00235461 0.00101602 -0.00277074 0.00277073 0.0034586 -0.00196081 0.0019608 0.00349106 -0.00198691 0.00198692 -0.00207258 0.000740953 0.00147462 0.000565168 -0.00290335 -0.00088296 0.00185279 -0.00150853 -0.00160007 -0.000408202 -0.00221804 0.0011484 -0.00229004 0.00116259 
464 0.00430854 -0.00193982 0.00193982 0.000429451 -0.00434774 0.00434775 0.000768799 -0.00263894 0.00263895 0.00121548 -0.0012537 0.0012537 0.000797884 -0.0023229 0.00232288 0.000125605 0.00106397 -0.00106397 0.00132386 -0.00270015 0.00270015 0.00295587 -0.00163614 0.00163616 0.00298468 -0.00162981 0.00162983 -0.00252732 0.000835408 0.00156996 0.00214618 -0.00444428 -0.000441845 0.0028934 -0.000150046 -0.00224461 0.000400437 -0.0025954 0.000994667 -0.00268966 0.00102804 
480 0.00392736 -0.00171431 0.0017143 0.000371844 -0.00250652 0.00250652 0.000518132 -0.00129187 0.00129188 0.00118636 -0.0016447 0.0016447 0.000487788 -0.00197879 0.00197879 0.000121112 -0.000109628 0.000109641 0.00101109 -0.00143855 0.00143856 0.00283698 -0.00175082 0.00175082 0.00291626 -0.00177143 0.00177143 -0.00292516 0.000662837 0.000791218 0.00129865 -0.0039096 -4.10998e-05 0.00519597 0.00192176 -0.00208724 0.000500171 -0.00315421 0.000739362 -0.003246 0.000763487 
496 0.00430923 -0.00260009 0.00260008 0.000289017 -0.00360156 0.00360156 0.000489492 -0.00271335 0.00271336 0.00148854 -0.00267467 0.00267468 0.00047011 -0.00285579 0.00285578 0.000132758 0.00208631 -0.00208629 0.00091127 -0.00264299 0.00264298 0.00337376 -0.00253935 0.00253937 0.00339796 -0.00256525 0.00256524 -0.00299464 0.000287703 -0.000106969 -0.000285768 -0.00302229 2.32108e-05 0.00544278 -0.00130552 -0.00187162 -0.0001368 -0.00329027 0.000387659 -0.00340116 0.0004832 
512 0.00371147 -0.00263912 0.00263911 0.000355302 -0.00505924 0.00505925 0.000465717 -0.00468607 0.00468607 0.00112678 -0.00224117 0.00224116 0.000448348 -0.00411218 0.00411217 1.95968e-05 1.82843e-05 -1.82764e-05 0.000840618 -0.00453414 0.00453414 0.00280937 -0.00187782 0.00187782 0.00287087 -0.00196159 0.00196158 -0.00352837 0.000281064 0.000670719 -0.000491264 -0.00470838 -0.000342816 0.00449021 -0.00207951 -0.00272571 -0.00049518 -0.00370363 0.0004745 -0.00385112 0.000583932 
528 0.00344123 -0.00209021 0.0020902 0.000203241 -0.00275747 0.00275748 0.000263157 -0.00357923 0.00357924 0.00126425 -0.00130195 0.00130196 0.000257962 -0.00326207 0.00326205 3.75652e-05 -0.000255247 0.000255257 0.000503958 -0.00322868 0.00322869 0.00290393 -0.00162486 0.00162485 0.00293725 -0.00167039 0.00167038 -0.00398344 0.000364547 0.0010044 -0.000160487 -0.00560209 0.000665254 0.00310108 -0.00230104 -0.00328621 0.000146861 -0.00412805 0.000451708 -0.00427411 0.000465676 
544 0.00400298 -0.00263291 0.00263291 0.000561545 -0.00259245 0.00259246 0.000613582 -0.00421454 0.00421454 0.00163822 -0.0029531 0.00295309 0.000355693 -0.00264764 0.00264763 5.28546e-05 -0.00058075 0.000580754 0.00122798 -0.00362776 0.00362776 0.0027015 -0.00212566 0.00212567 0.002775 -0.00220418 0.00220419 -0.00496294 0.000530908 -0.000333006 -0.000121998 -0.00540712 0.00144773 0.000750882 -0.00300184 -0.0037044 0.000614812 -0.00526188 0.000617303 -0.00544292 0.000575991 
560 0.00382518 -0.00246369 0.0024637 0.000358174 -0.00115191 0.00115192 0.000409399 -0.00270453 0.00270455 0.0010998 -0.00259399 0.002594 0.000579093 -0.00299048 0.00299047 0.000106824 -0.0013099 0.00130991 0.000874401 -0.00228778 0.00228777 0.00287417 -0.00246422 0.00246423 0.00295078 -0.00251769 0.0025177 -0.00557752 0.000455589 -0.000345095 0.000874429 -0.00577629 0.000255018 -0.00103239 -0.00144494 -0.00397002 0.000363521 -0.00596002 0.000574972 -0.00616107 0.000521674 
576 0.00415797 -0.00217575 0.00217575 0.000353485 -0.00266657 0.00266658 0.000726785 -0.00213305 0.00213305 0.00130097 -0.00261125 0.00261124 0.000698936 -0.00171711 0.00171711 0.000164305 -0.000270083 0.000270098 0.00124458 -0.00216608 0.00216609 0.0027819 -0.0020791 0.00207909 0.00291337 -0.00212115 0.00212113 -0.00538572 6.64288e-05 0.00115289 8.08753e-05 -0.00537711 -0.00170822 -0.00124272 -0.000792269 -0.00322784 -0.00099886 -0.00596321 0.000485413 -0.00617046 0.000442714 
592 0.0030189 -0.00236526 0.00236526 0.000335284 -0.00240936 0.00240937 0.000419215 -0.00273496 0.00273497 0.00101804 -0.0031748 0.00317481 0.000468144 -0.00182469 0.00182469 6.39748e-05 -0.000283415 0.000283421 0.000818482 -0.00254307 0.00254307 0.00214801 -0.00224604 0.00224603 0.00220043 -0.00233955 0.00233955 -0.00564311 0.000190028 0.00105875 0.000213184 -0.00577089 -0.000354415 0.00112507 -0.00112045 -0.00334255 -0.000287684 -0.00619275 0.000422277 -0.00646911 0.000367105 
608 0.00437362 -0.00311505 0.00311506 0.000517683 -0.00239165 0.00239165 0.000299964 -0.00347896 0.00347896 0.00127721 -0.00425895 0.00425895 0.000546888 -0.00317647 0.00317647 4.60225e-05 -0.00391562 0.00391563 0.000863676 -0.00316428 0.00316428 0.00339656 -0.00289249 0.00289249 0.00350993 -0.00304422 0.00304422 -0.00622557 0.000110195 -8.43575e-05 -0.000635008 -0.00721798 0.00105382 0.00302971 -0.00388243 -0.00458008 0.000336996 -0.00653762 0.000169607 -0.006821 6.45433e-05 
624 0.00362387 -0.00202064 0.00202065 0.000237487 -0.00200367 0.00200369 0.000490562 -0.0039209 0.0039209 0.000845461 -0.00332565 0.00332565 0.000628452 -0.0029435 0.0029435 0.000148705 -0.006372 0.00637201 0.000876744 -0.0034448 0.0034448 0.00272293 -0.00140908 0.00140908 0.00274711 -0.00152147 0.00152146 -0.00659962 0.00024277 0.00037066 0.000447471 -0.00752622 -0.000256514 -0.00102352 -0.000545813 -0.00496705 1.72129e-05 -0.00695124 0.000470638 -0.00720095 0.00036478 
640 0.00385236 -0.0020207 0.00202069 0.000322036 -0.00257141 0.00257142 0.000376072 -0.00264117 0.00264118 0.00109506 -0.00395465 0.00395465 0.000577737 -0.00290406 0.00290406 5.31469e-05 0.00108979 -0.00108977 0.000751253 -0.00222128 0.00222128 0.0030326 -0.00188066 0.00188066 0.00310109 -0.00196117 0.00196119 -0.00746077 0.000556014 -0.000334762 -0.000448227 -0.00863096 -0.000680155 0.00343181 0.00111662 -0.00542025 -0.000384642 -0.00789405 0.00103498 -0.00818544 0.000917978 
656 0.00414233 -0.00208269 0.00208268 0.000374826 -0.00601508 0.00601509 0.000402298 -0.00144191 0.00144191 0.00116224 -0.00300329 0.0030033 0.000629066 -0.00303667 0.00303667 5.49597e-05 -0.00153163 0.00153165 0.000832091 -0.00245373 0.00245372 0.003197 -0.00190713 0.00190714 0.00331023 -0.00195921 0.0019592 -0.00805331 0.00081546 -0.00145282 -0.000177087 -0.00853156 0.00021499 0.00606749 -0.00283488 -0.00561149 1.36312e-05 -0.00856158 0.00115852 -0.00892057 0.00111275 
672 0.00412404 -0.00194767 0.00194768 0.000242395 -0.001299 0.001299 0.000462129 -0.00142146 0.00142147 0.00127376 -0.00223416 0.00223416 0.000439048 -0.00315763 0.00315762 7.64907e-05 -0.00656001 0.00656002 0.000781013 -0.00160227 0.00160227 0.0032397 -0.00203704 0.00203703 0.00334301 -0.00211122 0.00211122 -0.00868063 0.000418384 -0.00283618 -0.000390139 -0.00887427 0.000420113 0.000576761 -0.0038327 -0.00675463 -8.9575e-06 -0.00903204 0.000612917 -0.00940507 0.000600515 
688 0.00377185 -0.00186061 0.00186061 0.00034581 -0.00251877 0.00251878 0.000486674 -0.00142518 0.00142519 0.00120349 -0.00200182 0.00200182 0.000491648 -0.00267482 0.00267482 -2.73983e-05 -0.00238648 0.00238649 0.000805085 -0.00178582 0.00178582 0.00283183 -0.00185138 0.00185138 0.00296676 -0.00186784 0.00186783 -0.00935231 0.000146161 -0.00167723 0.000615853 -0.0108387 -0.000848025 0.00423709 0.000390158 -0.00721705 -0.000178706 -0.00987439 0.000361634 -0.0101371 0.000302423 
704 0.00406244 -0.00201572 0.00201572 0.000328723 -0.00304262 0.00304262 0.000355263 -0.00122056 0.00122057 0.00137314 -0.00218764 0.00218764 0.000773216 -0.00270965 0.00270964 6.05981e-05 -0.00141596 0.00141597 0.000744591 -0.00174556 0.00174556 0.00315915 -0.00215434 0.00215435 0.00331785 -0.00206771 0.00206773 -0.0105813 0.000358526 -0.00234892 0.00197927 -0.0121507 -0.000758149 0.00613665 0.000316394 -0.0082212 0.000224468 -0.0111581 0.00049411 -0.0114219 0.0004543 
720 0.00467152 -0.00220581 0.00220581 0.000604718 -0.00247045 0.00247046 4.89865e-05 -0.00153358 0.00153359 0.00151755 -0.00155754 0.00155754 0.000590413 -0.00209436 0.00209435 6.93578e-05 -0.00313223 0.00313224 0.000723066 -0.001927 0.00192699 0.00383894 -0.00238002 0.00238001 0.00394844 -0.00231465 0.00231464 -0.0117013 0.000280533 -0.0037435 -0.000648701 -0.0125596 0.00030837 0.00276626 -0.0031981 -0.0093496 -0.000236907 -0.0122017 0.000515057 -0.0125087 0.00051383 
736 0.00386131 -0.00111943 0.00111943 0.000658942 -0.00132621 0.00132622 0.000235105 -0.00180448 0.00180448 0.00136458 -0.000587952 0.00058794 0.000470819 -0.000871196 0.000871193 2.81611e-05 0.00287658 -0.00287658 0.000922214 -0.00117371 0.00117371 0.00281834 -0.00111904 0.00111903 0.0029391 -0.00109783 0.00109782 -0.0126666 0.000244593 -0.00276327 0.000417902 -0.0142685 0.000241619 0.00110425 -0.00214915 -0.0099451 0.000108979 -0.0133465 0.000344542 -0.0136289 0.000343495 
752 0.00418615 -0.00202446 0.00202445 0.000400903 -0.00115751 0.00115751 0.00016031 -0.00210567 0.00210567 0.00133639 -0.00258182 0.00258182 0.000649523 -0.00188656 0.00188656 0.000167022 0.000719033 -0.000719029 0.000728236 -0.00141643 0.00141643 0.003387 -0.00219494 0.00219494 0.00345792 -0.00221493 0.00221493 -0.0139213 0.000982475 -0.00470541 0.00204969 -0.0152355 0.000580363 0.00209501 0.00264936 -0.0111739 0.0012676 -0.0146422 0.000910311 -0.0149173 0.000910967 
768 0.00368209 -0.00257882 0.00257881 0.000521516 -0.00422439 0.00422438 3.24885e-05 -0.00244483 0.00244484 0.00117721 -0.00248115 0.00248115 0.00052796 -0.00237717 0.00237716 0.000103403 -0.000569353 0.000569363 0.000657412 -0.00279572 0.00279572 0.00295455 -0.00241333 0.00241333 0.00302468 -0.00242456 0.00242455 -0.0145364 0.000489021 -0.00511296 0.00120307 -0.014904 -0.000495417 0.0044499 0.000620967 -0.0110822 9.07796e-05 -0.0154604 0.000686645 -0.0157219 0.000676183 
784 0.00353333 -0.00210097 0.00210096 0.000338651 -0.00392306 0.00392307 0.000361585 -0.00118783 0.00118784 0.00108641 -0.000685557 0.000685568 0.000568239 -0.00203687 0.00203686 4.42129e-05 0.00232247 -0.00232245 0.000744453 -0.00187679 0.00187679 0.00261978 -0.0020941 0.0020941 0.00278887 -0.00212551 0.00212551 -0.0162016 3.16583e-05 -0.00549981 0.00201317 -0.0162893 -0.000633189 0.00176732 -0.00344703 -0.0121212 -0.000158766 -0.0173274 0.000232377 -0.0175786 0.000167871 
800 0.00393121 -0.00226953 0.00226952 0.00021144 -0.00283224 0.00283225 0.000469766 -0.00106346 0.00106347 0.00173457 -0.00244899 0.00244899 0.00033421 -0.00167364 0.00167363 5.19591e-05 0.000144436 -0.000144428 0.000733176 -0.0016194 0.0016194 0.00305954 -0.00250954 0.00250953 0.00319805 -0.00249498 0.00249497 -0.0180685 0.000299715 -0.00638647 0.00141955 -0.0188779 0.000241559 0.000905173 0.000226896 -0.0140515 0.000567298 -0.0191287 0.000284944 -0.019437 0.000257667 
816 0.00360816 -0.00236891 0.0023689 0.000443771 -0.000962605 0.000962624 0.000277673 -0.00175843 0.00175844 0.0010747 -0.00131868 0.00131868 0.000557996 -0.00273769 0.00273768 0.000116688 -0.00204697 0.00204697 0.000838142 -0.0013753 0.00137531 0.00263297 -0.00259585 0.00259585 0.00277003 -0.00264068 0.00264067 -0.0197141 0.000209623 -0.00713021 0.00107315 -0.019828 -0.000945052 0.00298245 0.00157034 -0.0147627 -0.000246062 -0.0210969 0.000416863 -0.0214076 0.000408697 
832 0.00385556 -0.00209409 0.00209409 0.000376347 0.000312969 -0.000312959 0.00035721 -0.00227732 0.00227733 0.00129398 -0.00203306 0.00203305 0.000633553 -0.00257296 0.00257295 0.000255706 0.00168111 -0.00168111 0.000989278 -0.00148139 0.00148139 0.00271258 -0.00225561 0.0022556 0.00286629 -0.00231948 0.00231948 -0.0217712 0.000512402 -0.00963169 0.000917041 -0.0211005 0.000439387 0.00278525 -0.00229166 -0.0163864 0.00030713 -0.0233072 0.00058903 -0.0236058 0.000605561 
848 0.00419682 -0.00205518 0.00205517 0.000550478 0.000240397 -0.000240389 0.000220497 -0.000821598 0.00082161 0.00123687 -0.00213948 0.00213948 0.000600165 -0.00120473 0.00120472 0.000111341 0.00339957 -0.00339957 0.000882323 -0.000467658 0.000467657 0.00319085 -0.00261433 0.00261432 0.00331448 -0.00260551 0.00260551 -0.0237027 0.000765255 -0.00968024 0.0007427 -0.0220084 0.00160494 -0.00117217 0.00151063 -0.0170463 0.00132672 -0.0256042 0.000569543 -0.0259628 0.000593715 
864 0.00348327 -0.00247858 0.00247857 0.000356087 -0.00274954 0.00274955 0.000256849 -0.00198105 0.00198106 0.00116525 -0.00272581 0.00272581 0.000601421 -0.00232998 0.00232997 0.000107672 -0.0057015 0.00570152 0.00072062 -0.00244973 0.00244973 0.00260061 -0.00243483 0.00243482 0.00276266 -0.00251194 0.00251193 -0.0256392 0.000296893 -0.0102764 0.00289021 -0.0240848 -0.000805037 -0.00373879 -5.46436e-05 -0.0186521 0.000263501 -0.0276426 0.000346185 -0.0280366 0.000356322 
880 0.00415588 -0.00248302 0.00248302 0.000369162 -0.00207827 0.00207828 0.000355653 -0.00277702 0.00277702 0.00151064 -0.00178497 0.00178498 0.000541037 -0.00297481 0.00297481 8.24069e-06 -0.00173162 0.00173163 0.000733062 -0.00240378 0.00240378 0.00326292 -0.00245119 0.00245119 0.0034228 -0.0024972 0.00249719 -0.0283165 0.000554999 -0.0102426 0.00208063 -0.0283645 -0.00159541 0.000968532 -0.00183296 -0.0211933 -0.000641717 -0.0304394 0.00098682 -0.0307393 0.00099989 
896 0.00404532 -0.00171133 0.00171134 0.000699347 -0.00161129 0.00161129 0.000222551 -0.00146 0.00146001 0.00132626 -0.00147516 0.00147516 0.000309164 -0.00247393 0.00247392 4.28491e-05 -0.00149977 0.00149978 0.000964757 -0.00161622 0.00161621 0.00289894 -0.00166628 0.00166627 0.00308057 -0.00168986 0.00168985 -0.0309041 0.000733142 -0.0115189 0.00143674 -0.030677 0.000346614 0.00350245 -0.00123205 -0.0227321 0.00050695 -0.0333737 0.000832609 -0.0336573 0.000854046 
912 0.00446273 -0.00212225 0.00212225 0.000591046 -0.0008674 0.000867413 0.000361179 -0.000736709 0.000736722 0.00146335 -0.00240747 0.00240746 0.000617322 -0.00361067 0.00361067 1.16269e-05 -0.00308843 0.00308843 0.000963856 -0.00120641 0.00120641 0.00333074 -0.00235725 0.00235725 0.00349886 -0.00236842 0.00236843 -0.0334295 0.000625476 -0.0113578 0.0025223 -0.0323656 0.000781405 -0.00225257 -0.00244926 -0.0241667 0.000926886 -0.0362191 0.000505836 -0.036589 0.00057888 
928 0.00402818 -0.00191226 0.00191225 0.000394601 -0.00132576 0.00132576 0.000538109 -0.000624036 0.000624044 0.00136426 -0.00299435 0.00299434 0.000509514 -0.00267572 0.00267571 6.75862e-05 -0.00096526 0.000965267 0.0010003 -0.00103217 0.00103217 0.00282604 -0.00212616 0.00212616 0.00302787 -0.00211739 0.0021174 -0.0363206 0.000495795 -0.0109634 0.00241018 -0.0357531 0.000499677 0.00317819 -0.00258029 -0.0258408 0.000592739 -0.0394822 0.000469694 -0.0399128 0.000509555 
944 0.00476827 -0.00210134 0.00210133 0.000503432 -0.00112537 0.00112537 0.000470219 -0.000724547 0.000724543 0.0013496 -0.00362779 0.00362779 0.000679933 -0.00255486 0.00255485 7.65548e-06 -0.00401135 0.00401136 0.000981307 -0.00138015 0.00138015 0.00352624 -0.00236924 0.00236924 0.00378695 -0.00234199 0.00234198 -0.0393775 0.000811023 -0.0126413 0.00221943 -0.0388839 0.000258696 0.00376456 -0.00216152 -0.0282397 0.000600523 -0.0427303 0.000862959 -0.0431904 0.000928722 
960 0.00401876 -0.00154154 0.00154154 0.000581937 -0.000583809 0.000583809 0.000354832 -0.00101372 0.00101373 0.00131306 -0.0026146 0.00261459 0.000340537 -0.00209141 0.0020914 9.72292e-07 -0.00148756 0.00148758 0.000937744 -0.000922983 0.00092297 0.00288873 -0.00176034 0.00176033 0.00308101 -0.00170965 0.00170965 -0.0425041 0.00105691 -0.0140766 0.00115545 -0.040218 0.000857602 -8.44698e-06 -0.00290015 -0.0297222 0.000712345 -0.0464312 0.00115525 -0.0468826 0.00122931 
976 0.00439108 -0.00208307 0.00208306 0.000302424 -0.000128741 0.000128748 0.000329612 -0.00101434 0.00101434 0.00140527 -0.00288098 0.00288098 0.000678027 -0.00274847 0.00274847 0.000111124 -0.00897252 0.00897253 0.000743161 -0.00148092 0.00148092 0.00338082 -0.00230936 0.00230936 0.0036479 -0.00234771 0.00234772 -0.045744 0.00134992 -0.0142993 0.00105207 -0.0425379 0.00192609 0.00490349 -0.00284485 -0.0307433 0.00114813 -0.0503924 0.00140065 -0.0508822 0.00146179 
992 0.00444673 -0.00205899 0.00205898 0.000591348 -0.00143525 0.00143527 0.000460276 -0.00219646 0.00219647 0.00150083 -0.00303749 0.00303748 0.000706112 -0.00186747 0.00186747 -8.81079e-06 -0.00329898 0.00329899 0.00104282 -0.00199111 0.0019911 0.00315965 -0.00206755 0.00206754 0.00340391 -0.00206254 0.00206252 -0.0488974 0.00153617 -0.0160711 0.00266726 -0.0455082 0.00121351 0.00542877 -0.00380604 -0.0332378 0.00116372 -0.0537383 0.00168123 -0.0542782 0.00168779 
1008 0.00432623 -0.00168603 0.00168603 0.000418304 5.09567e-05 -5.09517e-05 0.000510145 -0.00107658 0.00107658 0.00150415 -0.00221947 0.00221948 0.000568639 -0.00114274 0.00114274 6.88385e-05 -0.000447097 0.000447108 0.000997287 -0.000767182 0.000767184 0.00304915 -0.00204897 0.00204897 0.00332892 -0.00201844 0.00201844 -0.052197 0.0010895 -0.0179397 0.000932924 -0.0477591 0.000862753 0.00147396 -0.00545897 -0.0355186 0.000471938 -0.0573287 0.00130614 -0.0578944 0.00133703 
1024 0.00431955 -0.00191889 0.00191889 0.000643137 -0.00151931 0.00151932 0.000606693 -0.00013935 0.00013935 0.0014671 -0.00210215 0.00210216 0.000605947 -0.00157613 0.00157613 4.90471e-05 -0.00231169 0.0023117 0.00129889 -0.000586907 0.000586908 0.0027298 -0.00238914 0.00238915 0.00302066 -0.00235771 0.00235771 -0.0549375 0.00125487 -0.0192757 0.00148923 -0.0497279 0.000209648 0.00520726 -0.00323608 -0.0367852 0.000390484 -0.0606527 0.00156226 -0.061143 0.0016108 
1040 0.00482393 -0.00187001 0.00186999 0.000426092 -0.00126898 0.00126897 0.00070179 -0.000956732 0.000956738 0.00143517 -0.00238592 0.00238592 0.000709388 -0.00202907 0.00202906 9.24957e-05 0.000715654 -0.000715648 0.00122037 -0.00114243 0.00114242 0.00332372 -0.00222542 0.00222542 0.00360352 -0.00215425 0.00215424 -0.057723 0.00167405 -0.016226 0.000248522 -0.0515325 -6.87512e-05 0.0064089 -0.00341192 -0.0369813 -0.00019955 -0.0643508 0.00239674 -0.0648593 0.00236265 
1056 0.00415344 -0.00110915 0.00110915 0.000306097 -0.000717328 0.000717337 0.000386373 -0.000313075 0.000313085 0.00144519 -0.00152569 0.0015257 0.00052803 -0.000691508 0.000691499 0.000119066 -0.00360979 0.0036098 0.000811523 -0.000570624 0.00057062 0.00308893 -0.00135785 0.00135785 0.0033419 -0.00127308 0.00127307 -0.0606529 0.00219494 -0.0161902 -0.000593255 -0.0530057 0.000823002 0.00532493 -0.00599737 -0.0379036 -5.24246e-05 -0.0678878 0.00302567 -0.0684699 0.00301192 
1072 0.00524896 -0.00125006 0.00125005 0.000597109 -0.00136985 0.00136986 0.000566191 -0.000179458 0.00017946 0.00171097 -0.000789982 0.000789987 0.00104616 -0.00149685 0.00149684 7.17657e-05 0.000962608 -0.000962594 0.00123508 -0.000521475 0.000521475 0.00374103 -0.00159159 0.00159159 0.00401389 -0.00146515 0.00146514 -0.063467 0.00270844 -0.0204284 0.00120816 -0.0552153 0.00192038 0.0116088 -0.00478478 -0.0401423 0.00126119 -0.0708903 0.0031904 -0.0714711 0.00325728 
1088 0.00552141 -0.00129883 0.00129882 0.000348686 -0.0006237 0.000623705 0.000534516 3.98092e-05 -3.97983e-05 0.00175543 -0.000991554 0.000991564 0.000628676 -0.000806578 0.000806559 0.00013412 0.00305615 -0.00305613 0.00101732 1.621e-05 -1.62192e-05 0.00415103 -0.00175567 0.00175568 0.00450407 -0.00172168 0.00172169 -0.0656379 0.00281237 -0.0186347 -0.000276782 -0.0588331 0.00240797 0.0101989 -0.00373986 -0.0420373 0.00110229 -0.0731612 0.00337976 -0.0737526 0.00343798 
1104 0.00531594 -0.000553115 0.000553111 0.000552044 -0.000947911 0.000947906 0.000521901 7.52263e-05 -7.52221e-05 0.00173133 -0.000155989 0.00015599 0.000956069 -0.00202076 0.00202076 0.00014908 0.0014606 -0.00146059 0.00122303 -0.000151757 0.000151757 0.00387381 -0.00068761 0.000687619 0.00409291 -0.000665034 0.000665036 -0.0676527 0.0027747 -0.0187502 -7.74748e-05 -0.0597168 0.00209633 0.00902425 -0.00310823 -0.042699 0.000950967 -0.0755533 0.0034461 -0.0762162 0.00344341 
1120 0.00553412 -0.000625873 0.00062585 0.000410678 -0.00210372 0.00210373 0.000402211 0.000964369 -0.000964358 0.00164294 0.000234764 -0.000234767 0.000701951 -0.000723214 0.000723205 8.75821e-05 -0.000687671 0.000687676 0.000900468 -0.000119934 0.000119928 0.00432248 -0.00076947 0.000769469 0.00463364 -0.000796212 0.000796207 -0.0699912 0.00292647 -0.018966 -0.000508804 -0.060756 0.00156217 0.0119819 -0.00445002 -0.0432304 0.000589028 -0.0784268 0.00374647 -0.0791705 0.00377408 
1136 0.0050071 -0.00145691 0.00145689 0.000305829 -0.00365444 0.00365444 0.000527861 -0.00125252 0.00125253 0.00152044 -0.00183639 0.0018364 0.000877572 -0.00115016 0.00115015 9.92401e-05 0.00248492 -0.00248492 0.000932934 -0.00167815 0.00167814 0.00372706 -0.0013121 0.00131209 0.00407417 -0.00134713 0.00134713 -0.0710296 0.00320591 -0.0177582 0.000644976 -0.0612625 0.0020232 0.0124468 -0.0029337 -0.0429017 0.00138347 -0.07992 0.00386173 -0.0806715 0.00387192 
1152 0.00493357 -0.00107229 0.00107227 0.000479957 -0.00158364 0.00158364 0.000192017 -0.000486649 0.000486659 0.00138871 -0.00104566 0.00104566 0.00039632 0.000163951 -0.000163962 0.000123618 -0.000544787 0.000544799 0.000795595 -0.000750855 0.00075086 0.00379017 -0.00125273 0.00125274 0.00413798 -0.00119747 0.00119747 -0.0709888 0.00338488 -0.0172914 0.000659063 -0.0600145 0.00223827 0.0140977 -0.00106384 -0.0419466 0.00147824 -0.0802637 0.00408501 -0.0809784 0.00407011 
1168 0.00518523 -0.000996422 0.00099641 0.000579065 0.00158855 -0.00158854 0.000472566 -0.000696307 0.000696313 0.00164724 7.00346e-05 -7.003e-05 0.000949474 -0.000874933 0.000874937 0.000160589 0.000573787 -0.000573776 0.00121222 -8.4945e-05 8.49513e-05 0.00359823 -0.00130268 0.00130267 0.00397301 -0.00127171 0.00127169 -0.0715005 0.00298263 -0.0162042 0.00016453 -0.0597664 0.00270769 0.0202034 -0.00238601 -0.0412272 0.00157746 -0.0810194 0.00345268 -0.0818952 0.00350615 
1184 0.00545913 -0.00118725 0.00118723 0.000637571 0.000541339 -0.000541329 0.000579138 -0.00145395 0.00145395 0.00189728 0.000127823 -0.000127824 0.000705613 6.49133e-05 -6.49217e-05 8.52559e-05 0.00232529 -0.00232528 0.00130197 -0.000450975 0.000450975 0.00375226 -0.00150256 0.00150257 0.00415716 -0.00144918 0.00144918 -0.0711726 0.00331277 -0.0141691 0.000781182 -0.0590558 0.00343802 0.0234585 -0.00300504 -0.0397327 0.00220921 -0.0809561 0.00367821 -0.0819719 0.00377285 
1200 0.0051555 -0.00107825 0.00107824 0.000565295 0.000807973 -0.000807963 0.000291499 -0.00107821 0.00107821 0.00180522 -0.00011607 0.000116068 0.000730276 -0.000847426 0.000847406 0.000127139 -0.00481186 0.00481187 0.000983929 -0.000541917 0.000541914 0.00368738 -0.00127313 0.00127313 0.00417155 -0.00123213 0.00123213 -0.0697608 0.00340183 -0.0122894 0.00117608 -0.0578328 0.00309376 0.0247432 0.000599151 -0.0383581 0.00238561 -0.0795024 0.00385656 -0.0805397 0.00382396 
1216 0.00530065 -0.00120714 0.00120715 0.00057242 8.61519e-05 -8.615e-05 0.000426174 -0.00144499 0.00144498 0.0013847 -0.000206368 0.000206368 0.000671297 -0.00117669 0.00117668 0.000103787 -0.00782187 0.00782188 0.0011024 -0.00120607 0.00120606 0.00377247 -0.00132766 0.00132766 0.00419826 -0.00114103 0.00114104 -0.067285 0.00308815 -0.011154 0.00208204 -0.0534881 0.00239444 0.0287093 0.00101306 -0.0350653 0.00222242 -0.0773504 0.00345676 -0.0783292 0.00343994 
1232 0.0052014 -0.00129287 0.00129287 0.000544874 -0.00166705 0.00166705 0.000322963 -0.00145979 0.00145979 0.00174379 -0.00157076 0.00157075 0.000647855 -0.00107958 0.00107958 -1.17694e-05 -0.0053416 0.00534161 0.000856067 -0.00154437 0.00154436 0.00378867 -0.00127661 0.00127661 0.00434533 -0.0011362 0.0011362 -0.0643134 0.00314218 -0.0111751 0.00176919 -0.0481765 0.00317848 0.0308631 -0.00116278 -0.0315121 0.00227986 -0.0745869 0.00339236 -0.0755688 0.00348674 
1248 0.00498879 -0.00102378 0.00102378 0.000461819 -0.00208258 0.00208259 0.000274013 0.000306682 -0.000306673 0.00162277 -0.00100283 0.00100283 0.000613415 -0.000394521 0.000394515 0.00017292 -0.00269618 0.00269618 0.000908757 -0.000498874 0.000498883 0.00354532 -0.00132269 0.00132269 0.00408 -0.00116629 0.00116629 -0.0614231 0.00253233 -0.00847199 -0.000251505 -0.0461948 0.00256318 0.0320784 -0.00301751 -0.0293538 0.00130629 -0.0714376 0.00290108 -0.0724269 0.00301826 
1264 0.00531382 -0.00110048 0.00110048 0.000506423 -0.00253289 0.00253289 0.000685819 -8.59854e-05 8.60054e-05 0.00162435 -0.00162799 0.00162797 0.000556673 -0.000179112 0.000179104 7.36244e-05 -0.00179422 0.00179423 0.00126587 -0.000945088 0.000945084 0.00350968 -0.00128397 0.00128397 0.00404793 -0.00116345 0.00116344 -0.0566448 0.00238189 -0.0038575 0.0039474 -0.0410574 0.00116267 0.0339534 0.000224369 -0.0244505 0.00181475 -0.0667782 0.00258784 -0.0677008 0.0026788 
1280 0.00548962 -0.00113301 0.001133 0.000603402 -0.00215268 0.00215268 0.000579129 4.35296e-05 -4.35167e-05 0.00157859 -0.00112568 0.00112567 0.000800739 -0.00064754 0.000647533 0.000160414 0.0008692 -0.000869188 0.00134294 -0.000451704 0.000451696 0.00349053 -0.00136445 0.00136445 0.00414666 -0.00136359 0.0013636 -0.0509874 0.0023826 -0.00396014 0.00373368 -0.0344769 0.00164401 0.038885 0.00206393 -0.0200018 0.00233017 -0.0607197 0.00241515 -0.0616583 0.00247374 
1296 0.005255 -0.000866149 0.000866138 0.000543479 0.000364431 -0.000364427 0.000445599 0.000742949 -0.000742948 0.00179267 -0.000802456 0.00080246 0.000675738 -0.000402746 0.000402736 0.000186464 0.00381576 -0.00381576 0.00117554 0.000941642 -0.000941631 0.00350442 -0.00156961 0.00156961 0.00407945 -0.00150636 0.00150635 -0.0452865 0.00163033 -0.0049345 0.00253969 -0.0280751 0.00050571 0.0382459 -0.00143043 -0.0162332 0.00108948 -0.0544395 0.00180759 -0.0552581 0.0018778 
1312 0.00610759 -0.000693494 0.000693481 0.00065045 0.00195521 -0.00195521 0.000851672 0.000270069 -0.000270072 0.00210092 -0.000603979 0.000603967 0.000710809 -0.000884844 0.000884826 0.000176442 0.00607276 -0.00607276 0.00167856 0.00108832 -0.00108831 0.00372003 -0.00113185 0.00113185 0.004429 -0.0012457 0.0012457 -0.0389793 0.00136782 0.000228491 0.0040764 -0.0217809 -0.000524182 0.0377725 -0.000412375 -0.0108311 0.000792266 -0.0479924 0.00156189 -0.0485831 0.00161737 
1328 0.00588759 -0.000316817 0.000316798 0.000490477 0.00232118 -0.00232118 0.000325548 0.00159137 -0.00159135 0.00189865 0.00045451 -0.000454505 0.0006041 -0.000450137 0.000450133 0.000166904 0.00357377 -0.00357376 0.000982926 0.00204239 -0.00204239 0.00424835 -0.00105541 0.00105539 0.00490467 -0.00110298 0.00110298 -0.0318337 0.00083372 0.00489158 0.003588 -0.0164532 1.28296e-05 0.0423911 -0.00136672 -0.0058118 0.000880629 -0.0402436 0.00083365 -0.0407498 0.000871731 
1344 0.00592283 -0.000687858 0.000687856 0.000488599 0.00119693 -0.00119691 0.000792046 -0.00108734 0.00108734 0.00202128 -0.000188378 0.00018838 0.000776558 -0.000597215 0.00059721 0.00014984 0.00266556 -0.00266556 0.00143048 -0.000264917 0.000264909 0.00359982 -0.00056273 0.000562739 0.00449233 -0.000760577 0.000760577 -0.0237834 0.00117107 0.00739148 0.00486155 -0.00929026 0.00070737 0.0446978 -0.00200565 -0.000427019 0.00174066 -0.0313149 0.001053 -0.0318057 0.00102491 
1360 0.00638395 -0.000762404 0.000762405 0.000594615 0.00078807 -0.000788059 0.000624666 -0.000334397 0.000334405 0.00194517 -0.000245274 0.000245272 0.000803029 -0.0011141 0.00111411 0.000163684 0.00672035 -0.00672035 0.00138296 0.000482428 -0.000482437 0.00412496 -0.00086107 0.000861073 0.00500098 -0.00117191 0.0011719 -0.0160943 0.00133388 0.00757435 0.00448683 -0.00178824 0.000472697 0.0446572 0.000713613 0.00436157 0.00164857 -0.0226858 0.0012749 -0.0230886 0.0012955 
1376 0.00617154 0.00013055 -0.000130565 0.000599937 0.003604 -0.003604 0.000832567 0.00171033 -0.00171032 0.00203831 -0.000926844 0.000926848 0.000686394 0.000447485 -0.0004475 0.000182233 0.00559567 -0.00559566 0.00161474 0.00267252 -0.00267251 0.00329156 0.000172248 -0.000172225 0.00455678 -0.0007211 0.000721104 -0.0084822 0.000461612 0.0112536 0.00412133 0.00380712 0.000303135 0.0412411 -0.00110747 0.00874938 0.00124053 -0.0144323 0.000312361 -0.0143386 0.000274163 
1392 0.00772953 0.000364313 -0.000364328 0.000849885 0.00418752 -0.0041875 0.00106056 0.00229334 -0.00229333 0.00209395 0.00121347 -0.00121347 0.00120841 0.000528176 -0.000528177 0.000221112 0.00378351 -0.0037835 0.00213157 0.00272444 -0.00272445 0.00503773 -2.75775e-05 2.75812e-05 0.00559796 -0.000456234 0.000456227 -0.00041335 0.000390625 0.01307 0.00475687 0.010763 0.000337685 0.0422968 -0.00114889 0.0136821 0.0015401 -0.00608119 0.000131488 -0.00520485 8.23496e-05 
1408 0.00731587 0.00174366 -0.00174368 0.00085125 0.00465101 -0.00465101 0.000953465 0.00484104 -0.00484104 0.00255739 0.00210171 -0.00210171 0.00115749 0.00231188 -0.00231187 0.000145654 0.00671268 -0.00671267 0.00195037 0.00488246 -0.00488245 0.00469638 0.00124326 -0.00124327 0.00536549 0.00065023 -0.000650234 0.00750456 0.00127924 0.0111189 0.00504192 0.0174348 2.40396e-05 0.0457867 -0.00423741 0.0175582 0.00131311 0.00298609 0.00129222 0.00408802 0.00134406 
1424 0.00876647 0.00157051 -0.00157053 0.000989148 0.00553841 -0.0055384 0.00144696 0.00513236 -0.00513235 0.00267842 0.00248355 -0.00248355 0.00127198 0.00299216 -0.00299217 0.000129596 0.00560887 -0.00560886 0.0025657 0.005261 -0.005261 0.00501336 0.00116017 -0.00116018 0.00620074 0.000289397 -0.000289417 0.0143962 0.00125973 0.0139437 0.00376001 0.0209774 0.000328412 0.0412637 -0.00464634 0.0201909 0.000905978 0.0116129 0.00126684 0.0124393 0.00144411 
1440 0.00858379 0.00221791 -0.00221791 0.000966238 0.00542858 -0.00542857 0.00153453 0.00642417 -0.00642417 0.00240889 0.00229787 -0.00229787 0.001783 0.00263346 -0.00263347 0.000270877 0.00356228 -0.00356227 0.00277163 0.00584382 -0.00584382 0.00484241 0.00137306 -0.00137305 0.00581215 0.000983501 -0.000983505 0.0204448 0.000898122 0.01418 0.00257211 0.0265056 -0.000255557 0.0367399 0.000564332 0.0233269 0.000559552 0.0187143 0.00091756 0.0194878 0.00106037 
1456 0.00879928 0.00325744 -0.00325744 0.00107348 0.0065098 -0.00650979 0.0015736 0.00673329 -0.00673328 0.00187256 0.0022013 -0.00220129 0.00169826 0.00363558 -0.00363558 0.000197903 0.00754466 -0.00754464 0.00284498 0.00699198 -0.00699197 0.00508284 0.00214206 -0.00214207 0.00595429 0.00197714 -0.00197714 0.0265721 0.00106751 0.0138303 0.00301407 0.0329661 0.000153197 0.0361241 -0.00243819 0.0271901 0.000825571 0.0254526 0.00111251 0.0264295 0.00120442 
1472 0.0106169 0.00348996 -0.00348997 0.00116667 0.00722224 -0.00722224 0.00178565 0.0062301 -0.0062301 0.00268293 0.00244488 -0.00244487 0.00177152 0.00368036 -0.00368037 0.000188664 0.00648556 -0.00648556 0.00314096 0.0066776 -0.00667761 0.00666047 0.00240443 -0.00240443 0.00747589 0.0024138 -0.0024138 0.0316063 0.00109953 0.0136726 0.00297153 0.0356403 0.00101852 0.0292314 -0.00709639 0.028285 0.00101348 0.0315899 0.00108969 0.0328422 0.00118838 
1488 0.0102032 0.00412271 -0.00412272 0.0011554 0.00503041 -0.00503041 0.00148058 0.0074404 -0.00744039 0.0027407 0.00400609 -0.00400609 0.00156432 0.00397736 -0.00397737 0.000158066 0.00402601 -0.004026 0.00279406 0.00684408 -0.00684408 0.0066403 0.00306232 -0.00306232 0.00740914 0.00314641 -0.00314641 0.0365902 0.0016742 0.0102967 0.00335323 0.0383471 0.00168454 0.023086 -0.00502506 0.0285686 0.00163872 0.0381032 0.00156076 0.0394215 0.00173407 
1504 0.0110744 0.00424544 -0.00424545 0.00103311 0.00681745 -0.00681745 0.00213783 0.00663077 -0.00663077 0.00270871 0.00359689 -0.00359689 0.00213841 0.00466061 -0.00466062 0.000208997 0.00652767 -0.00652766 0.00337994 0.00673035 -0.00673034 0.00701739 0.00333032 -0.00333033 0.0076944 0.00342138 -0.00342139 0.0413619 0.00213428 0.0100556 0.00442457 0.0420318 0.00224502 0.0207455 -0.0030418 0.0307603 0.00251703 0.0438454 0.00186869 0.0450731 0.0020512 
1520 0.0117121 0.00510974 -0.00510974 0.00140561 0.00815868 -0.00815867 0.00179645 0.0100211 -0.010021 0.00276454 0.00431806 -0.00431807 0.00226974 0.00750627 -0.00750628 0.000136574 0.0116576 -0.0116576 0.00333864 0.00993666 -0.00993666 0.00769279 0.00341731 -0.00341729 0.00837345 0.00347902 -0.00347902 0.0447592 0.00219955 0.00881297 0.00326753 0.0445893 0.00208012 0.0185466 -0.00422005 0.0318275 0.00201287 0.0481088 0.00214933 0.0492912 0.00231049 
1536 0.012193 0.00477747 -0.00477747 0.00135209 0.00808207 -0.00808207 0.00211836 0.00840886 -0.00840884 0.00284242 0.00407973 -0.00407973 0.00239697 0.00630374 -0.00630375 0.000269896 0.00466764 -0.00466763 0.00374035 0.00832324 -0.00832325 0.00779023 0.00346435 -0.00346435 0.00845269 0.00356257 -0.00356257 0.0477434 0.00250917 0.00690556 0.00277029 0.046459 0.00192803 0.0146142 -0.00448946 0.0320616 0.00183286 0.0520021 0.00266926 0.0532073 0.00279993 
1552 0.0115805 0.00523274 -0.00523272 0.00107629 0.00761271 -0.00761271 0.00211443 0.00738782 -0.00738782 0.00251331 0.00523056 -0.00523056 0.00216184 0.00597585 -0.00597586 8.26556e-05 0.00346663 -0.00346661 0.00327337 0.00755274 -0.00755274 0.00770124 0.00429671 -0.00429671 0.00830713 0.00447453 -0.00447454 0.0502285 0.00249648 0.0078775 0.00477667 0.0462245 0.00190577 0.00994963 -0.00532461 0.0318119 0.0023055 0.0553228 0.00243523 0.0566525 0.00259124 
1568 0.013048 0.00526192 -0.00526192 0.0012645 0.00707311 -0.00707311 0.00186447 0.00827719 -0.00827718 0.00340039 0.0037539 -0.0037539 0.00239231 0.00645593 -0.00645593 0.000134186 0.00689997 -0.00689996 0.00326315 0.00798118 -0.00798118 0.00910713 0.0041493 -0.0041493 0.00978487 0.00435627 -0.00435627 0.0516906 0.00251132 0.00588124 0.00525085 0.0463562 0.000709836 0.00801594 -0.00738604 0.0310694 0.00162213 0.0574675 0.0026378 0.0588919 0.00282243 
1584 0.0123546 0.00607594 -0.00607595 0.00111378 0.00681237 -0.00681237 0.00218518 0.00740144 -0.00740144 0.00269653 0.00738306 -0.00738306 0.00260616 0.00596551 -0.00596552 0.000244869 0.00198673 -0.00198673 0.00354384 0.00701207 -0.00701208 0.00814936 0.00545153 -0.00545153 0.00881078 0.00571052 -0.00571052 0.0527879 0.00295582 0.00231485 0.00495938 0.0472035 0.00184233 0.00333822 -0.00823273 0.0301519 0.00219077 0.0592338 0.00307683 0.0606754 0.00324698 
1600 0.0133576 0.00561613 -0.00561613 0.00100546 0.00539346 -0.00539345 0.00209878 0.00883308 -0.00883307 0.0032297 0.00576508 -0.00576507 0.00277476 0.00694614 -0.00694614 0.000146527 0.00508304 -0.00508303 0.00325077 0.0076516 -0.00765159 0.00955751 0.0046081 -0.00460812 0.0101068 0.0049135 -0.00491349 0.0524521 0.00278971 -0.00108193 0.00266303 0.0448517 0.0030584 -0.00317712 -0.00945738 0.0272539 0.00212622 0.0599146 0.00287152 0.0612457 0.00303636 
1616 0.0126632 0.00574884 -0.00574885 0.0012819 0.00513654 -0.00513654 0.00210346 0.00820511 -0.00820511 0.00295427 0.00639391 -0.00639391 0.0028076 0.00704221 -0.00704223 0.00015322 0.00227174 -0.00227173 0.00353859 0.00691643 -0.00691642 0.00856269 0.00522805 -0.00522804 0.00912462 0.00535416 -0.00535415 0.051098 0.00287959 -0.00299709 0.00316868 0.0416837 0.00323148 -0.00494575 -0.00659228 0.0245647 0.00256743 0.0591473 0.0029248 0.0603564 0.00302245 
1632 0.0131659 0.0052019 -0.00520191 0.00105676 0.00465798 -0.00465798 0.00221276 0.00735517 -0.00735516 0.00300709 0.00521927 -0.00521927 0.00280349 0.00682377 -0.00682377 0.000249857 0.00432596 -0.00432595 0.00351938 0.00657954 -0.00657953 0.00926927 0.00453302 -0.00453302 0.00964648 0.00466751 -0.0046675 0.0491818 0.00267625 -0.00587645 0.00377827 0.039184 0.00209435 -0.00716276 -0.00522098 0.0219128 0.00217892 0.0575327 0.00274972 0.0587059 0.00287674 
1648 0.0126585 0.00512089 -0.00512091 0.000861346 0.00452506 -0.00452506 0.00206769 0.00790544 -0.00790543 0.00292602 0.00490718 -0.00490717 0.00251752 0.0065991 -0.0065991 0.000301614 0.00625566 -0.00625565 0.00323064 0.00694712 -0.00694712 0.00903183 0.00433974 -0.00433975 0.00942788 0.00442472 -0.00442473 0.0472429 0.00212506 -0.00712054 0.00582012 0.036243 0.00101865 -0.0137888 -0.0105461 0.0191758 0.00165716 0.0558206 0.00222214 0.0570438 0.00230615 
1664 0.0126344 0.00494331 -0.00494331 0.00101675 0.00320147 -0.00320146 0.00227421 0.00609466 -0.00609464 0.00282454 0.00389353 -0.00389353 0.0023679 0.00609114 -0.00609115 0.000264241 0.00356654 -0.00356653 0.00355521 0.00515324 -0.00515323 0.0087139 0.00477933 -0.00477932 0.00907922 0.0048813 -0.0048813 0.0444497 0.00279646 -0.00918173 0.00510083 0.032355 0.0017484 -0.0194043 -0.00732699 0.0158124 0.0021268 0.0532854 0.00307568 0.0544556 0.00307794 
1680 0.0131959 0.00463642 -0.00463643 0.00107463 0.00320326 -0.00320324 0.00201462 0.0061735 -0.0061735 0.00301459 0.00419253 -0.00419253 0.00251742 0.00574136 -0.00574138 0.00021896 0.00618448 -0.00618447 0.00330821 0.00544856 -0.00544857 0.00952355 0.00431104 -0.00431105 0.00988771 0.00442258 -0.00442257 0.0406254 0.00266513 -0.0132454 0.00332378 0.028207 0.00200143 -0.020223 -0.00366684 0.0119432 0.00203655 0.0495192 0.002908 0.050643 0.00293158 
1696 0.0133426 0.00507184 -0.00507184 0.00088262 0.00314584 -0.00314584 0.00211136 0.00653772 -0.00653772 0.00339445 0.00419688 -0.00419688 0.00254685 0.00679262 -0.00679262 0.000355404 0.0062846 -0.00628459 0.00334939 0.00590244 -0.00590245 0.00963125 0.00476678 -0.00476678 0.00999327 0.00486839 -0.00486839 0.0369083 0.00199557 -0.0133954 0.00683877 0.0236038 4.15117e-05 -0.0226878 -0.00508777 0.00887071 0.00172576 0.0455295 0.00196489 0.0466874 0.00212499 
1712 0.0136625 0.0047619 -0.0047619 0.000972762 0.00286236 -0.00286234 0.00235957 0.00636233 -0.00636233 0.00322558 0.00479114 -0.00479114 0.00282539 0.00598845 -0.00598845 0.0002056 0.00600862 -0.00600861 0.00353793 0.00529573 -0.00529573 0.00972813 0.00458155 -0.00458156 0.0101246 0.00458771 -0.00458771 0.0333405 0.00155565 -0.0150185 0.00666037 0.019278 0.000336555 -0.0235018 -0.00483035 0.00558106 0.00187561 0.0419108 0.0013531 0.0430507 0.00148847 
1728 0.0127229 0.00526989 -0.0052699 0.00112769 0.00263537 -0.00263536 0.00186694 0.00648581 -0.0064858 0.00305739 0.00569663 -0.00569664 0.00243492 0.00642381 -0.0064238 0.00031802 0.00660713 -0.00660712 0.00331266 0.00555324 -0.00555324 0.00909994 0.00516717 -0.00516716 0.00941028 0.00521752 -0.00521751 0.0298975 0.00142218 -0.0168681 0.00549414 0.0165631 0.00115645 -0.0226216 -0.00449782 0.00333197 0.00210618 0.0381164 0.00119221 0.0391972 0.00123145 
1744 0.0138935 0.00406107 -0.00406108 0.00104259 0.00342468 -0.00342467 0.00188599 0.00491151 -0.00491151 0.00353064 0.00301407 -0.00301407 0.00285139 0.00542877 -0.00542877 0.000288911 0.0113778 -0.0113778 0.0032175 0.00510189 -0.00510189 0.010332 0.00365479 -0.00365479 0.010676 0.00371034 -0.00371034 0.0259201 0.00109985 -0.0166352 0.00722922 0.0129779 0.000179934 -0.0271188 -0.00299162 0.000980316 0.00216947 0.0335482 0.000776914 0.0346472 0.000784273 
1760 0.0128433 0.00468969 -0.00468969 0.000966151 0.00362529 -0.00362528 0.00207215 0.00407932 -0.00407932 0.00284835 0.00477845 -0.00477845 0.00262653 0.00554537 -0.00554538 0.000322262 0.00937549 -0.00937548 0.00336056 0.00466025 -0.00466025 0.00911932 0.00471532 -0.00471531 0.00948278 0.00473074 -0.00473075 0.022493 0.000810089 -0.0169026 0.00644112 0.00942516 0.000450606 -0.0271975 -0.00495601 -0.00138714 0.00181259 0.0298384 0.000540447 0.030881 0.000526598 
1776 0.0133991 0.00442954 -0.00442953 0.00116934 0.00475596 -0.00475594 0.00196727 0.00613932 -0.00613933 0.00347221 0.00312884 -0.00312884 0.00279011 0.00516271 -0.00516272 0.000381293 0.00790301 -0.00790299 0.0035179 0.00609709 -0.00609708 0.00963142 0.00382797 -0.00382796 0.00988122 0.0038828 -0.0038828 0.0197604 0.0010931 -0.0182992 0.0075438 0.00579044 0.00116245 -0.0199033 -0.00747155 -0.00357954 0.00231339 0.0270888 0.000783643 0.0279788 0.000763682 
1792 0.0142081 0.00435811 -0.00435814 0.00116258 0.00421447 -0.00421446 0.0025102 0.00450638 -0.00450637 0.00322934 0.00457248 -0.00457248 0.00302764 0.0054468 -0.0054468 0.000299716 0.0138071 -0.0138071 0.00397249 0.00539389 -0.0053939 0.0099149 0.00409231 -0.00409231 0.0102356 0.00405706 -0.00405706 0.0167751 0.000992249 -0.0180769 0.00731956 0.00326882 0.00060363 -0.0240716 -0.00572275 -0.00516996 0.0020703 0.0236394 0.000630622 0.0244916 0.000685578 
1808 0.0136099 0.004904 -0.00490401 0.00122988 0.00496526 -0.00496526 0.00193376 0.00664589 -0.00664588 0.00346478 0.00580451 -0.00580451 0.00261305 0.00597443 -0.00597443 0.000302206 0.0138389 -0.0138389 0.00346585 0.00671713 -0.00671713 0.00983854 0.00434121 -0.00434122 0.010144 0.00434458 -0.00434459 0.0133438 0.000974168 -0.0184215 0.00723042 0.000748513 6.00125e-05 -0.0272046 -0.00246905 -0.00714651 0.0021362 0.0195946 0.000526453 0.0205553 0.000622829 
1824 0.0142501 0.00456568 -0.0045657 0.00123106 0.00589896 -0.00589895 0.00229374 0.00524135 -0.00524134 0.00352375 0.00510332 -0.00510332 0.00301654 0.00459199 -0.00459199 0.000323316 0.0125979 -0.0125979 0.00384814 0.00623332 -0.00623332 0.0100885 0.00399892 -0.00399892 0.010402 0.00399831 -0.00399831 0.0106514 0.000726674 -0.0197699 0.00612625 -0.00266994 -0.000493542 -0.0200493 -0.00477782 -0.00930955 0.00121398 0.0167119 0.000581114 0.017667 0.000625364 
1840 0.0151014 0.00517748 -0.00517751 0.00127707 0.00664219 -0.00664218 0.00265916 0.00669011 -0.0066901 0.00373295 0.00522337 -0.00522337 0.00295197 0.00573248 -0.00573248 0.000273542 0.00940196 -0.00940196 0.00420977 0.00695873 -0.00695872 0.0106488 0.00459288 -0.00459287 0.0108916 0.00464181 -0.00464181 0.00864575 0.000354107 -0.0168076 0.0063088 -0.00433737 -0.000480779 -0.0129519 -0.00488903 -0.00882132 0.00116608 0.0139228 0.000122064 0.0148049 0.000149087 
1856 0.0146276 0.00555838 -0.00555839 0.00137088 0.00519354 -0.00519353 0.00224528 0.00717667 -0.00717667 0.00341932 0.00567361 -0.0056736 0.00320928 0.00474083 -0.00474083 0.000285673 0.00551611 -0.0055161 0.00390183 0.00672309 -0.00672308 0.0104685 0.00514348 -0.00514348 0.0107258 0.00514159 -0.0051416 0.00693223 0.000725001 -0.0133274 0.00765956 -0.00374155 0.000216722 -0.0136473 -0.00538553 -0.00753264 0.0020313 0.0112633 0.000369331 0.012047 0.000339126 
1872 0.0148333 0.00475892 -0.00475892 0.00100487 0.00314078 -0.00314077 0.00254165 0.00526589 -0.00526588 0.00361297 0.00405433 -0.00405432 0.00281174 0.00533774 -0.00533774 0.000346307 0.0103863 -0.0103863 0.00389282 0.0050322 -0.00503219 0.01077 0.0046494 -0.00464941 0.0109404 0.00466157 -0.00466158 0.00535392 0.000673075 -0.0128321 0.00596451 -0.00405687 2.87104e-05 -0.0125515 -0.00281482 -0.00762251 0.00161757 0.00921241 0.000408567 0.00995344 0.000395787 
1888 0.0147167 0.0048581 -0.0048581 0.00116443 0.00416342 -0.00416341 0.00234705 0.00560211 -0.00560211 0.00334782 0.00463492 -0.00463494 0.00300192 0.00498645 -0.00498647 0.000249675 0.00971351 -0.00971351 0.00376115 0.005608 -0.005608 0.0107734 0.00458709 -0.0045871 0.0109556 0.00458335 -0.00458336 0.00416435 0.000409615 -0.0117408 0.00587539 -0.00623437 -0.000742522 -0.0120486 -0.00288958 -0.00855953 0.0010816 0.00794406 0.000168063 0.00869043 0.000220473 
1904 0.0146507 0.00430747 -0.00430747 0.0013205 0.00444647 -0.00444646 0.00226804 0.00563654 -0.00563654 0.00330413 0.00296701 -0.00296702 0.00294184 0.00435153 -0.00435154 0.00034132 0.0071307 -0.0071307 0.00392987 0.00557983 -0.00557983 0.0105599 0.00389936 -0.00389938 0.0107209 0.00390501 -0.00390501 0.00367938 0.000639515 -0.00933851 0.00596895 -0.00606445 -0.000366723 -0.00619283 -0.0035621 -0.00728707 0.0013277 0.00685269 0.000496468 0.00760209 0.000470388 
1920 0.0148347 0.00435188 -0.00435189 0.00141036 0.00274432 -0.00274431 0.00250308 0.00637797 -0.00637797 0.00321621 0.00383242 -0.00383241 0.00293899 0.00471934 -0.00471935 0.000321677 0.00838408 -0.00838407 0.00423511 0.00557051 -0.0055705 0.0104008 0.004004 -0.00400401 0.0105996 0.0039399 -0.0039399 0.00300623 0.000707397 -0.00797937 0.00461757 -0.00571035 -0.0008903 -0.0073762 -0.00356895 -0.00693957 0.000582997 0.00577703 0.000889599 0.00655791 0.000842597 
1936 0.0145921 0.0044854 -0.0044854 0.00107491 0.00344099 -0.00344099 0.00266331 0.00644861 -0.00644861 0.00340048 0.0041182 -0.00411819 0.00315793 0.00525785 -0.00525785 0.00021 0.00696618 -0.00696617 0.00394822 0.00579454 -0.00579455 0.0104018 0.0040966 -0.0040966 0.0106438 0.00402769 -0.00402769 0.00215863 0.00059973 -0.00714348 0.00646698 -0.00557947 -0.00151082 -0.00420886 -0.00360927 -0.0063717 0.000641221 0.0044714 0.000699584 0.00520537 0.000659598 
1952 0.0143485 0.00422575 -0.00422575 0.00116355 0.00337776 -0.00337774 0.00251923 0.00506032 -0.00506032 0.00336851 0.00416569 -0.00416569 0.00275286 0.00573982 -0.00573983 0.00029677 0.00571732 -0.0057173 0.00397956 0.00478838 -0.00478837 0.0101565 0.00412184 -0.00412184 0.0103689 0.00412176 -0.00412176 0.00164988 0.000586176 -0.0028509 0.00618783 -0.0047256 -0.000320852 0.0012425 -0.00292888 -0.00398855 0.00128149 0.00304746 0.000485789 0.00368167 0.000421011 
1968 0.0151449 0.00444163 -0.00444164 0.00153056 0.00417596 -0.00417595 0.00225768 0.00496273 -0.00496274 0.003468 0.00487696 -0.00487696 0.00328947 0.00388621 -0.00388622 0.000322736 0.00255082 -0.00255081 0.00411097 0.00458542 -0.00458543 0.0107938 0.00435989 -0.0043599 0.011034 0.00439704 -0.00439704 0.00207028 0.00040106 -0.00277108 0.00552895 -0.00503052 0.000674914 0.000485633 -0.00305709 -0.00432762 0.00172636 0.00375352 -1.33925e-05 0.00434947 -4.805e-06 
1984 0.0152044 0.0043021 -0.00430211 0.00129017 0.00544563 -0.00544563 0.00254636 0.00316087 -0.00316086 0.00342559 0.0046635 -0.00466351 0.00326489 0.00451177 -0.00451178 0.000272005 0.0104643 -0.0104643 0.00410854 0.00444983 -0.00444982 0.0108182 0.00423609 -0.0042361 0.0110958 0.00423951 -0.0042395 0.00282198 0.000518927 -0.00279489 0.005904 -0.00514929 0.000285006 0.00332785 -0.00172763 -0.00434474 0.00186622 0.00477534 0.000115446 0.00540331 9.42542e-05 
2000 0.0147563 0.00454083 -0.00454083 0.00126303 0.00482222 -0.00482221 0.00235853 0.0058797 -0.00587969 0.00351758 0.00509348 -0.00509347 0.00305383 0.00581991 -0.0058199 0.000331 0.00393139 -0.00393138 0.00395257 0.0056762 -0.00567619 0.0106053 0.00416599 -0.00416599 0.0108037 0.00415828 -0.00415829 0.00243511 0.000620813 0.000383123 0.0061839 -0.00464652 -0.00044046 0.00701713 -0.00232923 -0.00276356 0.00143915 0.00366549 0.000457985 0.00434293 0.000404321 
2016 0.0147543 0.00457716 -0.00457717 0.00107754 0.00181227 -0.00181226 0.00249595 0.00693053 -0.00693052 0.00347538 0.00579155 -0.00579155 0.00327417 0.00414706 -0.00414707 0.00035341 0.00199895 -0.00199893 0.0039269 0.00524613 -0.00524612 0.0105883 0.00434317 -0.00434316 0.0108273 0.00431414 -0.00431414 0.00275867 0.000461585 0.000208563 0.00741799 -0.00323437 0.000492027 0.0108396 -0.00432328 -0.00176858 0.00223162 0.00385845 -2.60763e-05 0.00440101 -8.95942e-05 
2032 0.0152839 0.00382097 -0.00382096 0.0012236 0.000413517 -0.000413513 0.00264886 0.00558486 -0.00558486 0.00362619 0.00465939 -0.00465939 0.00310708 0.00378228 -0.00378228 0.000287748 0.00868818 -0.00868818 0.00416021 0.00454583 -0.00454582 0.0108709 0.00354882 -0.00354882 0.0111237 0.00355867 -0.00355866 0.00360053 0.000454173 0.00137222 0.00628295 -0.0016027 0.00162966 0.012162 -0.00273751 -0.000294094 0.00258067 0.00441348 -0.000107538 0.00500994 -0.000188384 
2048 0.0153544 0.00388376 -0.00388378 0.00126513 0.00219321 -0.00219321 0.00237804 0.00531452 -0.00531451 0.00358513 0.00444162 -0.00444162 0.00302419 0.003921 -0.00392102 0.000355628 0.009273 -0.00927299 0.0039988 0.00467352 -0.00467352 0.0111081 0.00352841 -0.00352841 0.0113556 0.00358099 -0.003581 0.00368562 0.00067837 0.00167281 0.00610866 -0.00368772 0.000729256 0.0142814 -0.00341831 -0.0012773 0.00189288 0.00485132 0.000453542 0.00548695 0.000349014 
2064 0.0148906 0.0039604 -0.00396041 0.00116845 0.00313988 -0.00313987 0.00214129 0.00570539 -0.00570539 0.0036412 0.00487697 -0.00487698 0.00263787 0.00438213 -0.00438214 0.000389989 0.00718707 -0.00718706 0.00369975 0.00511893 -0.00511893 0.0108993 0.00366937 -0.00366938 0.0111908 0.00355761 -0.00355764 0.00417154 0.000456276 0.00295547 0.00493649 -0.00347133 0.000369643 0.0169209 -0.00628425 -0.00059325 0.00118953 0.00534957 0.000338715 0.00592818 0.000275786 
2080 0.0146691 0.00397992 -0.00397992 0.00123672 0.00316907 -0.00316906 0.00254199 0.00374778 -0.00374778 0.00348319 0.0048143 -0.00481429 0.00314457 0.00337388 -0.00337389 0.000351444 0.00723775 -0.00723773 0.00413015 0.00370356 -0.00370356 0.0103582 0.00409753 -0.00409752 0.010539 0.0040708 -0.00407079 0.00411793 0.000575741 0.0046895 0.00632507 -0.00171403 0.00131772 0.0169508 -0.0071539 0.000965358 0.00210828 0.0047236 0.000175579 0.00529802 0.000103239 
2096 0.0151977 0.00293129 -0.00293131 0.00122232 0.00340902 -0.00340902 0.00232276 0.0049547 -0.0049547 0.00378796 0.00287328 -0.00287328 0.00276701 0.00414251 -0.00414251 0.000309467 0.00611145 -0.00611143 0.00385454 0.00444629 -0.0044463 0.0111002 0.002451 -0.002451 0.0113431 0.00237292 -0.00237293 0.0040832 0.000146808 0.00472074 0.00501744 -0.002082 9.42463e-05 0.0175689 -0.00256176 0.000829608 0.0012796 0.00472937 -0.000103786 0.00530862 -0.000178102 
2112 0.014467 0.00321447 -0.00321448 0.00112375 0.00351619 -0.00351617 0.00247255 0.00478368 -0.00478367 0.00343035 0.00367137 -0.00367137 0.00286321 0.00323706 -0.00323707 0.000308051 0.00801383 -0.00801381 0.00390436 0.00445068 -0.00445067 0.0103798 0.00289031 -0.00289032 0.0105627 0.00276979 -0.0027698 0.00465721 0.000228271 0.00397805 0.0044485 -0.00267746 -0.000234388 0.0160367 -0.00324432 0.000192326 0.000790841 0.00568739 0.000154725 0.00629562 9.73279e-05 
2128 0.0151505 0.00311905 -0.00311907 0.00119454 0.00301352 -0.00301351 0.00245664 0.00359187 -0.00359186 0.0036063 0.00323764 -0.00323763 0.0031463 0.00355687 -0.00355687 0.000317511 0.0067982 -0.00679819 0.0039687 0.00361309 -0.00361308 0.0110031 0.00304386 -0.00304387 0.0111818 0.00293716 -0.00293716 0.00472334 0.000421004 0.00628839 0.00518231 -0.00129013 -7.6453e-05 0.014873 -0.00286642 0.00161715 0.00107734 0.00518695 0.000299973 0.00588456 0.000251317 
2144 0.0149222 0.0030055 -0.00300552 0.00122454 -0.000187456 0.000187465 0.00209516 0.0042149 -0.00421489 0.00348896 0.00408438 -0.00408437 0.00311735 0.00329978 -0.00329979 0.000344372 0.00269335 -0.00269334 0.00366407 0.00285929 -0.00285929 0.0111041 0.00312642 -0.00312642 0.0112581 0.0030711 -0.00307111 0.00490413 0.000175415 0.00578643 0.00398264 -1.06751e-05 -0.000657052 0.0201258 -0.00504086 0.00257062 0.00030477 0.00515431 0.000137025 0.00579532 0.000177154 
2160 0.0151079 0.00288562 -0.00288562 0.00102064 0.00282225 -0.00282224 0.00238148 0.00259182 -0.00259182 0.00348076 0.00308016 -0.00308016 0.00321454 0.00327136 -0.00327137 0.000365616 0.00550979 -0.00550978 0.00376773 0.00297468 -0.00297468 0.0110961 0.00300944 -0.00300945 0.0113401 0.00288846 -0.00288847 0.00502396 -2.50433e-05 0.00472008 0.00495702 -0.000429631 -0.000240147 0.0169881 -0.00363241 0.00187731 0.000884836 0.00561659 -0.00035633 0.0061914 -0.000288258 
2176 0.0144595 0.00347648 -0.00347648 0.00122802 0.00266786 -0.00266786 0.00195509 0.00441131 -0.00441131 0.00308057 0.0033036 -0.0033036 0.00312041 0.00443325 -0.00443326 0.000354402 0.00899545 -0.00899544 0.00353752 0.00440948 -0.00440947 0.0107273 0.00328687 -0.00328688 0.010922 0.00316191 -0.00316192 0.00522492 0.000143874 0.00493355 0.00554586 0.000228341 0.000122552 0.0162584 -0.00504366 0.00233367 0.00117878 0.00572153 -0.000136814 0.00631607 -0.000171874 
2192 0.0156115 0.00292959 -0.00292961 0.00133998 0.00330806 -0.00330805 0.0023512 0.00275289 -0.00275288 0.00373191 0.0030432 -0.0030432 0.00314695 0.00328206 -0.00328206 0.000373311 0.00643277 -0.00643276 0.00406449 0.00288199 -0.00288199 0.0113328 0.00302184 -0.00302186 0.011547 0.00297148 -0.00297149 0.00544186 0.000214792 0.0037248 0.00484429 0.00108369 -0.000165009 0.0192983 -0.00674011 0.00277797 0.000827561 0.0059403 4.78854e-05 0.00647439 4.68e-05 
2208 0.0146277 0.00295117 -0.00295117 0.00121324 0.00356796 -0.00356795 0.00183459 0.0034598 -0.00345979 0.00350068 0.00365959 -0.00365958 0.00283838 0.00281982 -0.00281982 0.000330994 0.00558982 -0.00558981 0.00337883 0.00335706 -0.00335706 0.0110217 0.00289098 -0.00289098 0.0112489 0.00280969 -0.00280969 0.005629 -0.000133997 0.00478162 0.00563305 0.000634645 -9.83112e-05 0.0155169 -0.00844872 0.00247405 0.000910265 0.00622545 -0.000466118 0.00681069 -0.000454679 
2224 0.0153251 0.00314346 -0.00314347 0.00126743 0.00260608 -0.00260608 0.00201426 0.00376205 -0.00376204 0.00375637 0.0030173 -0.0030173 0.00306073 0.00332081 -0.00332081 0.000264713 0.0033419 -0.0033419 0.00354641 0.00331063 -0.00331062 0.0116203 0.00324827 -0.00324827 0.0117787 0.00310814 -0.00310815 0.00557829 -8.36417e-06 0.00365505 0.00511097 0.000786444 -0.000347482 0.0150367 -0.00781069 0.00209127 0.00066726 0.00617957 -0.000243569 0.00684956 -0.000214585 
2240 0.0145549 0.00326346 -0.00326345 0.00130232 0.00293233 -0.00293233 0.00213737 0.00237463 -0.00237463 0.00349616 0.00411325 -0.00411325 0.00306954 0.00301584 -0.00301585 0.000330381 0.00653969 -0.00653968 0.00377007 0.00259511 -0.0025951 0.0106716 0.00367463 -0.00367464 0.0107849 0.00354129 -0.00354131 0.00575972 0.000401144 0.00263224 0.00715014 0.00130763 -0.000712758 0.0136185 -0.00547055 0.00229386 0.00110792 0.0065347 0.000194196 0.00704338 0.000217963 
2256 0.015786 0.00273543 -0.00273544 0.00121061 0.00317667 -0.00317666 0.00188696 0.00254396 -0.00254396 0.00414599 0.00312891 -0.00312891 0.00295264 0.00301507 -0.00301509 0.000362922 0.00281514 -0.00281513 0.0034605 0.00264596 -0.00264595 0.0121531 0.00281564 -0.00281564 0.0123255 0.00272033 -0.00272033 0.00575484 9.13583e-06 0.00210536 0.00657541 0.00206109 -0.00112343 0.0117589 -0.00636709 0.0023781 0.000571975 0.00659126 -0.000145098 0.00702163 -0.000132294 
2272 0.0150643 0.0029842 -0.00298422 0.00136346 0.00189079 -0.00189077 0.00219636 0.00165057 -0.00165057 0.00350289 0.00364975 -0.00364975 0.00329646 0.00240373 -0.00240374 0.00027208 -0.000237559 0.000237559 0.00383191 0.00163591 -0.00163591 0.0111133 0.00350992 -0.00350994 0.0112323 0.00342385 -0.00342386 0.00547367 -0.000229844 0.00255202 0.00697504 0.00069782 -0.00162297 0.0138666 -0.00813507 0.00163966 0.000356036 0.00638285 -0.00036045 0.00689298 -0.000389255 
2288 0.0152727 0.00286248 -0.00286249 0.00126707 0.00396246 -0.00396245 0.00210716 0.00320703 -0.00320702 0.00368347 0.00344533 -0.00344533 0.00314596 0.00282674 -0.00282674 0.000379823 0.00219838 -0.00219837 0.00375406 0.0034807 -0.0034807 0.0113409 0.00268517 -0.00268516 0.0115187 0.00260048 -0.00260048 0.00513053 0.000435726 0.00120849 0.00713013 -0.000551995 -0.000937695 0.0115244 -0.00466178 0.000435805 0.00102026 0.00621345 0.000226101 0.00681849 0.000272433 
2304 0.0149284 0.00259497 -0.00259498 0.00125816 0.000833924 -0.000833918 0.00238061 0.00269194 -0.00269193 0.00353366 0.00339257 -0.00339257 0.00311667 0.00196537 -0.00196538 0.000336045 0.00573213 -0.00573212 0.00397482 0.0022203 -0.00222031 0.0107348 0.00273561 -0.00273559 0.0109535 0.00273048 -0.00273049 0.00541497 0.000844877 9.24512e-05 0.0065926 0.000111433 -0.000380058 0.0111391 -0.0052628 0.000554828 0.000964457 0.00660135 0.000741981 0.00714302 0.000853751 
2320 0.0150643 0.0026005 -0.00260051 0.00130143 -0.0010422 0.0010422 0.00214473 0.00289816 -0.00289816 0.00365081 0.00302089 -0.00302089 0.00312835 0.00234028 -0.00234028 0.000323727 0.00289916 -0.00289915 0.00376988 0.00162132 -0.00162132 0.0110848 0.00297919 -0.00297919 0.0112944 0.00294956 -0.00294958 0.00513408 -0.000136892 0.00138176 0.00715207 0.000745552 -0.00100153 0.0114138 -0.00807279 0.00133488 0.000624057 0.00599996 -0.000321438 0.00653309 -0.000284637 
2336 0.0152088 0.00255455 -0.00255456 0.00113974 0.00225951 -0.00225951 0.00233568 0.0024345 -0.00243448 0.00347878 0.00233006 -0.00233007 0.00331662 0.00250205 -0.00250206 0.000277249 0.00378013 -0.00378013 0.00375267 0.00242385 -0.00242385 0.0112689 0.00268674 -0.00268674 0.0114561 0.00264487 -0.00264489 0.00477567 -0.000208779 0.00118368 0.00763684 0.000355473 -0.000784545 0.010377 -0.007257 0.000863402 0.00103262 0.0056994 -0.000564032 0.00621038 -0.000537082 
2352 0.0148561 0.00233223 -0.00233224 0.0012031 0.000455065 -0.000455057 0.00215394 0.00259664 -0.00259663 0.00291733 0.00185677 -0.00185678 0.00297181 0.00275209 -0.00275211 0.000379908 0.00385744 -0.00385743 0.00373696 0.00231691 -0.00231692 0.0109814 0.00226511 -0.00226511 0.0111191 0.00233875 -0.00233875 0.00501062 0.000422336 -0.000299464 0.00726322 0.000737965 6.45575e-05 0.0128649 -0.00845142 0.000902045 0.00142524 0.00599579 0.000115755 0.00648627 0.000134222 
2368 0.0145873 0.00216558 -0.00216559 0.000995552 -0.00194105 0.00194106 0.00228015 0.00111958 -0.00111958 0.00351675 0.00151586 -0.00151586 0.0030899 0.000841068 -0.000841075 0.000275512 0.00477905 -0.00477904 0.00355122 0.00065441 -0.00065441 0.0108582 0.00266685 -0.00266685 0.0110361 0.00265289 -0.0026529 0.00540275 0.000504734 -0.0001982 0.00607101 0.000824195 0.000378996 0.0131976 -0.00857977 0.00122148 0.00114 0.00633806 0.000295359 0.00692229 0.000358108 
2384 0.0156599 0.00230264 -0.00230265 0.00110152 0.000243055 -0.000243053 0.00213436 0.00304637 -0.00304635 0.00361283 0.00288412 -0.00288412 0.00280151 0.00257257 -0.00257257 0.000273282 0.00424953 -0.00424952 0.00350917 0.00242654 -0.00242653 0.0119966 0.00223954 -0.00223954 0.0121507 0.00227673 -0.00227673 0.00532803 0.000559482 -0.000957076 0.00559011 0.0010947 -0.000325452 0.0090019 -0.00543565 0.000848082 0.000762182 0.00636927 0.000457493 0.00694884 0.000567699 
2400 0.0148929 0.00263763 -0.00263764 0.00108723 -7.56571e-05 7.56687e-05 0.00222873 0.00327483 -0.00327483 0.00333021 0.00351664 -0.00351665 0.00324329 0.00239423 -0.00239423 0.000236347 0.00456897 -0.00456896 0.00355232 0.00226751 -0.00226751 0.0111021 0.00275147 -0.00275147 0.0113406 0.00275205 -0.00275205 0.00521364 0.000384876 -0.00204015 0.00700133 0.00137487 -0.000752525 0.0101391 -0.00695171 0.000708628 0.000894633 0.00633604 0.000183229 0.00684164 0.00028818 
2416 0.015432 0.00239042 -0.00239042 0.00120288 0.00126331 -0.0012633 0.00242 0.00174429 -0.00174428 0.00356146 0.002419 -0.002419 0.00335474 0.00239053 -0.00239054 0.000350947 0.00248517 -0.00248516 0.00397382 0.00203 -0.00203001 0.0112989 0.0025753 -0.0025753 0.0114581 0.00253814 -0.00253816 0.00545165 0.000338432 -0.000918718 0.00853807 0.00128128 -0.00039427 0.00943643 -0.00840085 0.000890255 0.0015454 0.00654849 -0.000125725 0.00711259 -1.44783e-05 
2432 0.0154038 0.00231153 -0.00231153 0.0012216 0.001021 -0.00102099 0.00208337 0.00250804 -0.00250805 0.00369205 0.00303872 -0.00303872 0.00309689 0.00229581 -0.00229582 0.000310908 0.00813157 -0.00813155 0.00361589 0.00281795 -0.00281794 0.0116495 0.0021776 -0.0021776 0.011788 0.00213311 -0.0021331 0.0050921 0.000899019 -0.002401 0.00820204 0.000334717 0.0006029 0.0066878 -0.00889205 -0.000287973 0.00211038 0.00644149 0.000442555 0.00707239 0.000547332 
2448 0.0148442 0.00243991 -0.00243991 0.00117705 -0.000438427 0.00043843 0.00241058 0.0015748 -0.00157479 0.0034234 0.00442358 -0.00442357 0.00276031 0.0026134 -0.00261341 0.000319492 0.0088355 -0.00883549 0.00390711 0.00146201 -0.00146203 0.0107234 0.00276538 -0.00276536 0.010937 0.00276886 -0.00276886 0.00519175 0.0010554 -0.00140778 0.0069079 0.000278267 0.000605272 0.00437511 -0.00643401 -0.000234958 0.00171073 0.00651369 0.000854012 0.00717383 0.000915429 
2464 0.0152901 0.00205223 -0.00205225 0.00116296 0.000224472 -0.000224467 0.0020852 0.00303761 -0.00303761 0.00368844 0.00331858 -0.00331858 0.00331628 0.0017112 -0.00171122 0.00034778 0.00618953 -0.00618952 0.00359595 0.00239915 -0.00239914 0.0114959 0.00189271 -0.0018927 0.0116941 0.00192899 -0.00192899 0.00530651 0.000428454 0.000378884 0.00783242 0.00163901 -0.000203555 0.00452337 -0.00675009 0.0010895 0.00147504 0.00621832 1.66996e-05 0.00684273 0.000138738 
2480 0.0151073 0.00225804 -0.00225804 0.00117737 0.00394787 -0.00394786 0.00238157 0.00233061 -0.00233061 0.00352317 0.00376215 -0.00376215 0.00307703 0.00272319 -0.0027232 0.00024786 0.00385115 -0.00385114 0.0038068 0.00294105 -0.00294104 0.0111235 0.00200102 -0.00200103 0.0113005 0.00201987 -0.00201988 0.00481873 0.000452007 -0.00195694 0.00796062 0.00133717 -0.000342043 0.00382987 -0.00778795 0.000167223 0.00155665 0.00597094 4.15871e-05 0.00652342 0.000145563 
2496 0.0153125 0.0022147 -0.00221472 0.00120739 0.00339939 -0.00339938 0.0023147 0.00306021 -0.0030602 0.0035985 0.00375633 -0.00375633 0.00314703 0.00142754 -0.00142755 0.000357195 0.00479663 -0.00479661 0.00387928 0.00314046 -0.00314045 0.0112279 0.00196078 -0.00196078 0.0114332 0.00191244 -0.00191244 0.00439231 0.000395417 -0.00257822 0.00611565 0.000151978 0.000618805 -0.000624643 -0.00523286 -0.00105579 0.00175072 0.00578777 -7.39467e-05 0.00637961 2.24792e-06 
2512 0.0153258 0.00200895 -0.00200896 0.00129913 0.00145124 -0.00145123 0.0023731 0.00160329 -0.00160329 0.00362922 0.00394576 -0.00394577 0.00298574 0.00137169 -0.00137169 0.000275035 0.00766107 -0.00766107 0.00394727 0.0019538 -0.00195381 0.0113018 0.00210288 -0.00210287 0.0113785 0.00205158 -0.00205159 0.00454656 0.000532689 -0.000975185 0.00671911 0.000332837 0.000906916 0.00445379 -0.00798102 -0.000164368 0.00189361 0.00572606 6.26167e-06 0.00629743 0.00014625 
2528 0.0160032 0.00205249 -0.00205249 0.00137032 0.0044697 -0.0044697 0.00231632 0.00104442 -0.00104442 0.00391533 0.00210669 -0.00210669 0.00346724 0.00100279 -0.00100281 0.000373145 0.00698187 -0.00698187 0.00405979 0.00265419 -0.0026542 0.0118316 0.00193201 -0.001932 0.0119434 0.0018379 -0.0018379 0.00459169 0.000361102 -0.000373397 0.00721945 -0.000209438 0.000113466 0.00584455 -0.00875381 -0.000321752 0.00147823 0.00586965 -9.74454e-05 0.00640539 5.70004e-05 
2544 0.0149413 0.00222536 -0.00222537 0.00126145 0.0033645 -0.0033645 0.00200168 0.00248736 -0.00248735 0.00325274 0.00212256 -0.00212258 0.00323917 0.00229172 -0.00229172 0.000326378 0.00880842 -0.00880841 0.00358951 0.00319181 -0.00319181 0.011101 0.00198456 -0.00198456 0.0113518 0.00187668 -0.00187668 0.00444506 0.000248844 -0.000580161 0.00601964 -0.000739066 0.00044478 0.000423382 -0.00721989 -0.00104009 0.00146687 0.00592437 -0.000241039 0.0064245 -0.000114693 
2560 0.0158388 0.00140645 -0.00140645 0.00126443 0.00134727 -0.00134727 0.00252955 0.00269081 -0.0026908 0.00350951 0.000657661 -0.00065766 0.00344574 0.00253776 -0.00253776 0.000329501 0.00388549 -0.00388548 0.00412348 0.00222435 -0.00222435 0.0115487 0.00105706 -0.00105707 0.0117153 0.0011461 -0.00114611 0.00457815 0.000153406 -0.00144626 0.00639299 -0.00134984 0.000125922 0.00704169 -0.00785634 -0.000999958 0.00138013 0.00608248 -0.000301686 0.00660618 -0.000205649 
2576 0.0149394 0.00209475 -0.00209476 0.001237 0.000407712 -0.000407702 0.00215508 0.00376041 -0.0037604 0.00319907 0.00260485 -0.00260486 0.00335905 0.00241296 -0.00241297 0.000269075 0.0042989 -0.00429889 0.00366117 0.00281756 -0.00281756 0.0109852 0.00192897 -0.00192898 0.0112783 0.00183181 -0.0018318 0.00452211 0.000496855 -0.00119153 0.00558594 -0.000366611 0.00100996 0.00808776 -0.00842732 -0.000303628 0.00162661 0.00573256 -2.01375e-06 0.00629539 0.000167692 
2592 0.0155934 0.00185982 -0.00185982 0.00105078 0.00219196 -0.00219196 0.00236462 0.00246507 -0.00246506 0.0033486 0.00228457 -0.00228456 0.00335401 0.00143899 -0.00143898 0.000367773 0.00460806 -0.00460805 0.00378316 0.00233858 -0.00233857 0.0116471 0.00169252 -0.00169253 0.0118102 0.00162931 -0.00162932 0.00454451 0.000402655 -6.52806e-05 0.00528822 0.00128579 0.00103648 0.00485248 -0.00482383 0.000721135 0.0019229 0.0054682 -0.000259063 0.00597098 -5.85279e-05 
2608 0.0154639 0.00155772 -0.00155774 0.00109963 -0.00131238 0.00131238 0.00224914 0.00246495 -0.00246493 0.00355604 0.00221178 -0.00221179 0.00327121 0.00029486 -0.000294867 0.000320311 0.00188161 -0.00188161 0.00366909 0.00119163 -0.00119163 0.0115997 0.00187284 -0.00187283 0.0117948 0.00171354 -0.00171355 0.00435564 3.83904e-05 -5.9233e-05 0.0060891 0.00105878 6.6275e-06 0.00349982 -0.00496757 0.000626578 0.00141764 0.0052692 -0.000537839 0.0057451 -0.000376766 
2624 0.0156197 0.00171127 -0.00171127 0.0011902 -0.00111047 0.00111048 0.00230353 0.00202334 -0.00202334 0.00354737 0.00236888 -0.00236888 0.00314203 0.000885954 -0.000885962 0.000308604 0.00477318 -0.00477317 0.00380234 0.00148598 -0.00148599 0.01157 0.00203711 -0.0020371 0.0118174 0.00181825 -0.00181825 0.00425744 0.000611292 -0.000908903 0.00771377 0.000530932 0.000321623 0.00129116 -0.00914838 -0.000270461 0.00175261 0.00545426 0.000178941 0.00593415 0.000290145 
2640 0.0153821 0.001998 -0.00199802 0.00127377 -0.000312702 0.00031271 0.00232772 0.00204854 -0.00204854 0.00333455 0.00227514 -0.00227515 0.00304111 0.00107761 -0.00107762 0.00027822 0.00715799 -0.00715799 0.00387972 0.00172212 -0.00172213 0.0113406 0.00220503 -0.00220504 0.0115023 0.00213124 -0.00213124 0.00411319 5.52804e-05 -0.000804858 0.00692339 0.000999215 3.56958e-05 0.00488554 -0.00690041 0.000204409 0.00128916 0.0050616 -0.000414569 0.00558282 -0.000290147 
2656 0.0151942 0.00205825 -0.00205825 0.0012171 0.00079184 -0.000791839 0.00219813 0.0035416 -0.0035416 0.00360383 0.00194925 -0.00194925 0.00302485 0.00165703 -0.00165704 0.000403057 0.00292311 -0.0029231 0.00381829 0.00258807 -0.00258807 0.0111565 0.00187406 -0.00187407 0.0113759 0.00185076 -0.00185076 0.00366866 -0.000340331 -0.00146135 0.00739073 0.00140732 -0.000840883 0.00699431 -0.00616968 0.000444635 0.00107355 0.00437347 -0.000935969 0.00488693 -0.000765727 
2672 0.0152695 0.00196687 -0.00196688 0.00114496 0.00096154 -0.000961537 0.00229133 0.00264409 -0.00264409 0.00350545 0.00263038 -0.00263038 0.00307199 0.00134368 -0.00134368 0.000274481 0.0075309 -0.00753088 0.00371076 0.00238401 -0.002384 0.0113484 0.00179724 -0.00179724 0.0115587 0.00180726 -0.00180727 0.00384802 0.000297156 -0.00129961 0.00774985 0.000342756 -0.00083897 0.00495014 -0.00899395 -0.000268954 0.00112708 0.00494458 -5.97771e-05 0.00540576 6.68888e-05 
2688 0.0156012 0.00154751 -0.00154752 0.00131654 -0.000468878 0.000468882 0.00228271 0.00244418 -0.00244418 0.00351302 0.00235948 -0.00235948 0.00302248 0.000552162 -0.000552176 0.000308245 0.00533044 -0.00533043 0.00390749 0.00191801 -0.00191802 0.0115218 0.00142812 -0.00142812 0.0116937 0.0014021 -0.0014021 0.00390045 0.000400762 4.60608e-05 0.00723822 0.000486672 -0.00089336 0.00536742 -0.0101465 0.000236231 0.000740876 0.00488244 0.000223412 0.00527419 0.000357857 
2704 0.0149647 0.00120559 -0.00120559 0.0012042 -0.00170679 0.0017068 0.00244326 0.00270401 -0.00270401 0.00335223 0.00193052 -0.00193051 0.00309922 3.93617e-05 -3.937e-05 0.000291654 0.00274267 -0.00274265 0.00393912 0.00168899 -0.00168899 0.0108175 0.0010131 -0.0010131 0.0110256 0.00101496 -0.00101498 0.00372552 0.000485451 -0.00104835 0.00620737 0.000415564 -0.000972164 0.00688985 -0.00795275 -7.23873e-05 0.000672353 0.0047189 0.000293643 0.00511141 0.00050643 
2720 0.0141291 0.00158289 -0.00158287 0.000952414 -0.000388453 0.000388452 0.00235247 0.00259112 -0.00259111 0.00312681 0.00252975 -0.00252975 0.00276133 0.00127129 -0.00127129 0.000316579 0.00158458 -0.00158456 0.00362147 0.00189029 -0.00189029 0.0102928 0.00138032 -0.0013803 0.0105077 0.00148679 -0.00148679 0.00384249 0.000469118 -0.00112949 0.00638101 -0.000262287 -0.00158856 0.00587487 -0.00674342 -0.000562542 0.000211945 0.00510419 0.000432821 0.00545607 0.000640608 
2736 0.0152364 0.000659008 -0.00065903 0.00136645 -0.000530664 0.000530666 0.00218878 0.00208653 -0.00208653 0.00366361 0.000681717 -0.000681718 0.00295322 0.000402891 -0.000402895 0.000307978 0.00360765 -0.00360765 0.00386321 0.00159847 -0.00159848 0.0111024 0.000293899 -0.000293903 0.0113732 0.000340297 -0.000340296 0.00379128 0.000396013 -0.00204527 0.00718931 -0.000461595 -0.00175514 0.0091478 -0.00829671 -0.000609372 0.000249832 0.00496991 0.000304196 0.00539103 0.000520458 
2752 0.0143668 0.00112324 -0.00112325 0.00114102 0.000844831 -0.000844828 0.00240471 0.0010156 -0.00101558 0.00317138 0.00146074 -0.00146073 0.00293372 0.000736297 -0.000736306 0.000324679 0.00499561 -0.0049956 0.00387041 0.00146728 -0.00146729 0.0103046 0.00104933 -0.00104932 0.0104964 0.00106083 -0.00106082 0.00358443 0.000421023 0.00034132 0.00716188 -0.000386819 -0.000588108 0.0150297 -0.00899134 0.000561615 0.00116596 0.0042589 0.000133689 0.00470824 0.000234518 
2768 0.0147614 0.00117939 -0.0011794 0.00125077 -0.000143705 0.000143713 0.00192531 0.00355909 -0.0035591 0.00365023 0.000619128 -0.000619126 0.00279457 0.00185893 -0.00185893 0.000245876 0.00390535 -0.00390534 0.00342195 0.00256344 -0.00256343 0.0111865 0.000716816 -0.000716824 0.0113394 0.00070929 -0.000709293 0.00344511 0.000651083 -0.000902969 0.00796875 -0.000858779 -0.000140625 0.00611102 -0.0110231 -0.000759995 0.00136073 0.00457467 0.000401513 0.00499898 0.00047185 
2784 0.0151884 0.00100373 -0.00100373 0.00133244 0.000285169 -0.000285158 0.00239952 0.000900968 -0.000900954 0.00348647 0.00161003 -0.00161003 0.00327689 0.00079107 -0.000791071 0.000247218 -2.67213e-05 2.67347e-05 0.00397919 0.00086629 -0.000866289 0.0111322 0.00107102 -0.00107102 0.0112093 0.00105675 -0.00105675 0.00315283 0.000936252 -0.000633215 0.0083473 -0.00179406 -0.00129134 0.00260329 -0.00907865 -0.00159201 0.000881099 0.00444512 0.00092941 0.00489044 0.0010313 
2800 0.0146323 0.00152286 -0.00152287 0.0010783 0.000842231 -0.000842219 0.00214956 0.00173084 -0.00173083 0.00337983 0.00217991 -0.00217991 0.00280141 0.00126506 -0.00126507 0.000245795 0.000521925 -0.000521913 0.00347364 0.00129018 -0.00129016 0.010977 0.0016975 -0.0016975 0.0111587 0.00159442 -0.00159442 0.0034677 0.000783063 0.00147367 0.00781877 -0.00178093 -0.00178821 0.00811903 -0.00819356 -0.00053358 0.000416633 0.0045354 0.00089606 0.00495764 0.00097603 
2816 0.014537 0.00109188 -0.00109189 0.00118989 -0.000562671 0.000562683 0.00199264 0.00239185 -0.00239184 0.00364604 0.000751902 -0.000751903 0.00285991 0.0015026 -0.0015026 0.000223758 0.00231051 -0.0023105 0.00340631 0.00138749 -0.0013875 0.0110033 0.000933548 -0.00093356 0.0111307 0.000955261 -0.000955279 0.00334768 0.00049483 -0.000597768 0.0087255 -0.0013513 -0.00123277 0.00611701 -0.00887053 -0.00102142 0.00100408 0.00458228 0.000271553 0.00498918 0.000383049 
2832 0.0152754 0.00124132 -0.00124134 0.00140927 0.000494126 -0.000494123 0.00223547 0.00260839 -0.0026084 0.00370442 0.00208104 -0.00208104 0.00290016 0.00133959 -0.00133959 0.000108616 0.000333247 -0.000333238 0.00375336 0.00194257 -0.00194256 0.0113868 0.00100606 -0.00100605 0.011522 0.000976984 -0.000976975 0.00311148 0.000561268 -0.00190053 0.00812827 -0.00108083 -0.00135298 0.00256122 -0.00666224 -0.00131268 0.000865807 0.00432076 0.000356431 0.00480742 0.000518869 
2848 0.0148094 0.00131063 -0.00131065 0.00138873 -0.000803569 0.000803581 0.00222795 0.00383563 -0.00383563 0.00360903 0.00202015 -0.00202015 0.00270982 0.00107609 -0.0010761 0.000217051 0.000412403 -0.000412395 0.00383372 0.00220475 -0.00220475 0.010809 0.00105849 -0.00105848 0.0109757 0.000996627 -0.00099664 0.00340399 0.000176561 -0.000751855 0.00720103 -0.00133757 -0.00306949 0.0091702 -0.00707342 -0.00082649 -0.000557455 0.00452321 0.000375606 0.00504129 0.000515857 
2864 0.0150363 0.00124764 -0.00124765 0.0011225 -0.000472135 0.000472136 0.00210413 0.0041609 -0.00416089 0.00363168 0.00118347 -0.00118348 0.00278558 0.000707252 -0.00070726 0.000317934 0.000326645 -0.000326635 0.00354457 0.00264218 -0.00264218 0.0112926 0.000835223 -0.000835223 0.0114917 0.00077793 -0.000777934 0.00314515 0.000196879 0.000269003 0.00897125 -0.000973243 -0.00196779 0.00807931 -0.00860333 -0.000559767 0.000679992 0.00413257 -1.81246e-05 0.00457431 0.0001245 
2880 0.0149322 0.0013706 -0.00137061 0.0011804 -0.000344476 0.000344477 0.00222408 0.00301763 -0.00301762 0.00360423 0.00112854 -0.00112854 0.00260861 0.00186006 -0.00186008 0.000225598 0.00603189 -0.00603188 0.00363007 0.00232207 -0.00232206 0.0111672 0.00101126 -0.00101125 0.0113021 0.00102043 -0.00102043 0.00214128 0.00031388 -0.0013208 0.00767774 -0.000963026 -0.000843924 0.00423862 -0.00767857 -0.00128374 0.000875208 0.003122 0.00011019 0.0034657 0.00021001 
2896 0.0152599 0.00156514 -0.00156515 0.00139571 -0.000636568 0.000636572 0.00205247 0.00273406 -0.00273406 0.00377075 0.00122446 -0.00122445 0.00265801 0.00184706 -0.00184706 0.000219206 0.00922433 -0.00922432 0.00366738 0.00225512 -0.00225513 0.0114546 0.00130715 -0.00130715 0.0115925 0.00127197 -0.00127199 0.0024301 6.14458e-06 -0.00214435 0.00515103 -0.00114791 -0.00123301 0.00678577 -0.00808128 -0.00135629 -0.000152652 0.00349178 4.5345e-05 0.0038739 0.000145417 
2912 0.0154754 0.00138076 -0.00138076 0.00127963 -0.000600935 0.00060094 0.00202736 0.0031425 -0.0031425 0.00384938 0.00125282 -0.00125283 0.00286592 0.0020326 -0.00203261 0.000313719 0.00436449 -0.00436448 0.00362071 0.00224809 -0.00224809 0.0117202 0.00115738 -0.00115737 0.0118547 0.00104756 -0.00104757 0.00331138 -0.0001583 -0.000832234 0.00669519 -0.00151237 -0.00141678 0.00768105 -0.00850879 -0.000991775 0.000364482 0.00451952 -0.000365111 0.00491316 -0.000255273 
2928 0.0151958 0.00115371 -0.00115372 0.00129269 0.000989412 -0.000989407 0.00211511 0.00281275 -0.00281274 0.0037658 0.00172984 -0.00172985 0.00306016 0.0017702 -0.0017702 0.000367264 0.0045302 -0.00453019 0.00377508 0.00247105 -0.00247105 0.0113784 0.000791975 -0.000791977 0.0114207 0.000698064 -0.000698062 0.00349044 5.51092e-05 -0.00026785 0.00691912 -0.000237328 -0.00218846 0.00737788 -0.00815953 -0.000238867 -9.53438e-05 0.00450658 6.87925e-05 0.00492496 0.000188004 
2944 0.0152084 0.00146862 -0.00146861 0.00127002 0.000103169 -0.000103169 0.00203499 0.00321287 -0.00321286 0.0042444 0.00139425 -0.00139425 0.00291155 0.0030234 -0.00302342 0.000224497 0.00589867 -0.00589866 0.00352952 0.00273575 -0.00273574 0.0115798 0.00113177 -0.00113177 0.0116789 0.00104219 -0.00104218 0.00297044 -1.31925e-05 -0.000841192 0.00726123 2.31584e-05 -0.00208576 0.00400817 -0.0114506 -0.000686797 -0.00016151 0.00398193 -7.795e-06 0.00440514 0.000138008 
2960 0.0151904 0.00127134 -0.00127136 0.00140748 -0.00295749 0.0029575 0.00187245 0.00271879 -0.00271879 0.00370891 0.00319855 -0.00319854 0.00298098 0.00198116 -0.00198116 0.00027969 0.00251984 -0.00251983 0.00355963 0.00101131 -0.0010113 0.0114528 0.00140819 -0.00140821 0.0116307 0.00134695 -0.00134699 0.00281119 -3.33454e-05 -0.00176458 0.00713305 -0.000246549 -0.000897588 0.00323648 -0.0105822 -0.000840713 0.000594175 0.00381465 -0.000293255 0.00422292 -0.000158298 
2976 0.0147829 0.00131393 -0.00131393 0.00119575 -0.00170426 0.00170427 0.00205666 0.00225755 -0.00225755 0.00370225 0.0028053 -0.0028053 0.00292771 0.00128076 -0.00128075 0.000224102 0.00710688 -0.00710687 0.00347652 0.0015721 -0.0015721 0.0111734 0.00115783 -0.00115782 0.0113064 0.00121683 -0.00121682 0.00271904 -0.000280602 -0.00215247 0.00595893 0.000687137 -0.00134835 0.00670521 -0.00795764 -0.000122974 0.000114052 0.00339494 -0.000460171 0.00382483 -0.000332133 
2992 0.0156927 0.000791546 -0.000791555 0.00129933 -0.00134471 0.00134472 0.00216811 0.00175021 -0.00175021 0.00391612 0.00069135 -0.00069135 0.00292092 0.00142639 -0.0014264 0.000388412 0.00224905 -0.00224904 0.00385586 0.00113476 -0.00113475 0.0116236 0.000666324 -0.00066632 0.0118368 0.000669592 -0.000669596 0.00270555 -0.00044998 -9.7578e-05 0.00658925 0.000384251 -0.00286082 0.00504311 -0.0098064 -1.15237e-05 -0.000753678 0.00332645 -0.000318475 0.00377988 -0.00026053 
3008 0.0143955 0.00128514 -0.00128513 0.00128474 0.000668565 -0.00066856 0.00207324 0.00165608 -0.00165608 0.00341924 0.00130992 -0.00130993 0.00291038 0.00148352 -0.00148352 0.000212463 0.00707717 -0.00707715 0.00357044 0.00201951 -0.00201951 0.0106881 0.000948527 -0.00094853 0.0108251 0.000980375 -0.000980385 0.00270282 0.000105785 0.000160039 0.00731462 -0.000980925 -0.00287706 0.00429989 -0.0118185 -0.000777684 -0.000589628 0.00358904 0.000390703 0.00403665 0.000421821 
3024 0.0150299 0.000929908 -0.000929925 0.00125696 0.000150636 -0.000150631 0.00210744 0.0015816 -0.00158159 0.0035141 0.00173023 -0.00173021 0.00280179 0.00120109 -0.0012011 0.000262606 0.00352456 -0.00352455 0.00362701 0.00145752 -0.00145751 0.0111331 0.000784062 -0.000784042 0.0114029 0.000740525 -0.000740519 0.00234719 0.000584005 -0.00167475 0.00823667 -0.00167501 -0.00142326 0.00746111 -0.00838868 -0.00153593 0.000861418 0.00338454 0.000545912 0.00380207 0.000568959 
3040 0.0156981 0.000996116 -0.000996114 0.00112296 -0.000818654 0.000818653 0.00213226 0.00231584 -0.00231584 0.0043253 -0.000184461 0.000184465 0.00291398 0.00171469 -0.0017147 0.000327095 0.005356 -0.00535599 0.00358231 0.0014973 -0.0014973 0.0119753 0.000805643 -0.000805638 0.0121158 0.000841352 -0.000841354 0.00232282 0.000216941 -0.00185592 0.00743133 -0.000906863 2.44875e-05 0.00771476 -0.00838597 -0.00108291 0.00137207 0.00323416 -0.000230475 0.0036081 -0.000114762 
3056 0.0150604 0.000799718 -0.000799732 0.0012104 -0.00263264 0.00263265 0.00217915 0.00164847 -0.00164846 0.00364595 0.00126983 -0.00126982 0.00289834 0.00098432 -0.000984323 0.000257143 0.00590203 -0.00590201 0.00364668 0.00058341 -0.000583411 0.0112324 0.000815378 -0.000815378 0.0114137 0.000825384 -0.000825393 0.00227897 0.000363211 -0.00132837 0.00639454 -0.000747227 -0.000512118 0.00446194 -0.00952584 -0.000873094 0.000680812 0.00306002 0.000178497 0.00348454 0.000327092 
3072 0.0148887 0.00110123 -0.00110124 0.00101954 0.000163882 -0.00016387 0.00184031 0.00212087 -0.00212087 0.00409664 0.00106465 -0.00106466 0.0029115 0.00128147 -0.00128149 0.000392091 0.00424777 -0.00424776 0.00325193 0.00182837 -0.00182837 0.0114551 0.000825589 -0.000825588 0.0116367 0.000870946 -0.000870945 0.00131451 0.000399821 -0.00226054 0.00697134 -0.00157703 -8.90104e-05 0.00465057 -0.00739599 -0.00178297 0.00140469 0.002071 1.80129e-05 0.00252001 0.00014042 
3088 0.0156649 0.000773416 -0.000773412 0.00139943 -0.00209296 0.00209297 0.00215836 0.000598897 -0.00059889 0.0040249 0.000953115 -0.000953114 0.00281186 0.000675775 -0.000675786 0.00025789 0.00428852 -0.00428852 0.00381568 0.000229574 -0.000229577 0.0116877 0.000944785 -0.000944778 0.0118492 0.000952572 -0.000952575 0.00142993 -0.000131367 -0.00237836 0.00755626 -0.00109677 -0.000191857 0.00401999 -0.00826811 -0.00170485 0.00145664 0.00224327 -0.000645866 0.00265397 -0.000605552 
3104 0.0151048 0.000970396 -0.00097039 0.00122985 0.000902397 -0.000902385 0.00194359 0.00168485 -0.00168485 0.00385744 0.000561732 -0.000561725 0.00287471 0.000565862 -0.000565871 0.000278265 0.00238131 -0.0023813 0.00345171 0.00154913 -0.00154912 0.0114455 0.000855624 -0.000855611 0.011653 0.000803718 -0.00080371 0.00211143 -0.000468463 -0.00131046 0.00918507 -0.000118404 -0.000933552 0.0048454 -0.00977508 -0.000606836 0.00117387 0.00269011 -0.00102914 0.00318207 -0.000963339 
3120 0.0151101 0.000925349 -0.000925359 0.00121085 0.00125311 -0.00125311 0.00215713 0.000964089 -0.000964087 0.00380473 -9.7325e-06 9.73333e-06 0.00292442 -0.000279842 0.000279843 0.000322724 0.00377804 -0.00377804 0.00369071 0.00161319 -0.0016132 0.0112859 0.000724611 -0.000724619 0.0114194 0.000685514 -0.000685528 0.00199273 -0.000468178 -0.00122263 0.00622768 -0.000757122 -0.00142909 0.00846901 -0.00646917 -0.000650895 0.000236282 0.00253613 -0.000748825 0.00303635 -0.000616359 
3136 0.015398 0.000260156 -0.00026015 0.00133172 -0.000329025 0.000329035 0.0021071 -1.2975e-06 1.30708e-06 0.00373306 3.66758e-05 -3.66812e-05 0.00287277 -0.000655277 0.000655276 0.000332021 0.0036366 -0.00363659 0.00377084 0.000156853 -0.000156845 0.011447 0.0004526 -0.000452594 0.0116271 0.000373304 -0.000373313 0.00206603 -9.9985e-05 -0.000492486 0.00659107 -0.00128902 -0.00115527 0.00495919 -0.00680456 -0.00101466 0.000510274 0.00283192 -0.000258156 0.00325698 -0.000226609 
3152 0.0149393 0.000810841 -0.000810858 0.00116177 0.00323748 -0.00323747 0.00182526 0.00177544 -0.00177543 0.00349028 -4.90304e-05 4.90275e-05 0.00282929 0.000813472 -0.000813481 0.000328655 0.00482945 -0.00482944 0.00331569 0.00227301 -0.002273 0.0115231 0.000367829 -0.000367836 0.0116236 0.000328983 -0.000328988 0.00227268 -0.000273338 -0.000308602 0.00729829 -0.00191954 -0.00159136 0.00327785 -0.00976141 -0.0015849 0.000302307 0.00330881 -0.00044931 0.00372815 -0.000383082 
3168 0.0153636 0.00100346 -0.00100347 0.0015194 -0.000514722 0.000514723 0.00233136 0.00140959 -0.00140959 0.00370727 -0.00070161 0.000701608 0.00322437 0.00122214 -0.00122216 0.000356747 0.00544146 -0.00544145 0.00420751 0.00143928 -0.00143928 0.0109868 0.000892578 -0.000892585 0.0111561 0.000857894 -0.0008579 0.00206068 -0.000329148 1.3547e-05 0.00661775 -0.00267832 -0.00145353 0.00651404 -0.00755129 -0.00171803 0.000430209 0.00316826 -0.000614731 0.00351891 -0.000527832 
