0 0 0 0 0 0 0 0 0 0 0 
32 6.60578e-05 9.18752e-05 0.00012707 -2.50519e-05 8.35527e-05 5.13835e-05 7.41108e-05 1.37132e-05 -1.65525e-05 4.39795e-05 
64 7.55884e-05 0.000231047 0.00020659 1.77414e-06 0.000165519 -6.09024e-05 8.15802e-05 3.66408e-05 -2.87967e-05 0.000102078 
96 0.000117842 9.33873e-05 0.0002292 4.14369e-05 0.000141746 0.000113853 0.000130582 3.50283e-05 -3.41158e-05 0.000104173 
128 6.1589e-05 0.000183815 0.000111098 -1.68896e-07 0.0001067 1.39088e-05 6.92614e-05 1.17194e-05 -1.78288e-05 4.1268e-05 
160 6.34303e-05 0.000311646 0.000193138 -3.62477e-05 0.000160942 -0.000110537 6.37466e-05 6.13744e-05 -7.36488e-06 0.000130114 
192 8.11123e-05 0.00025983 0.00013939 2.63252e-05 0.000152582 -3.24181e-05 8.43511e-05 6.00601e-05 -1.33197e-05 0.00013344 
224 6.5653e-05 0.000238798 0.000173022 -6.94487e-05 0.000141257 -6.93187e-05 6.31152e-05 8.2148e-05 -1.65984e-05 0.000180894 
256 9.94957e-05 0.000305011 1.72295e-05 3.04916e-05 0.000131304 5.86651e-05 0.000103234 7.51961e-05 -3.26439e-06 0.000153657 
288 4.4517e-06 9.86739e-05 -0.000111266 -9.55192e-05 -2.55333e-05 7.53038e-05 2.90201e-06 1.45249e-05 1.31475e-06 2.77341e-05 
320 5.89337e-05 0.000171422 8.21291e-05 -5.30781e-05 8.496e-05 3.84961e-05 6.53178e-05 1.74366e-05 -9.23449e-06 4.41081e-05 
352 5.19399e-05 0.000320016 5.28205e-05 -0.000110582 8.73729e-05 1.42064e-05 5.66052e-05 2.16153e-05 -2.49332e-05 6.8164e-05 
384 9.88973e-05 0.000336834 3.21233e-06 -8.19603e-05 9.47891e-05 0.000151084 0.000110882 2.09944e-05 -3.0601e-05 7.25894e-05 
416 5.4851e-05 0.000220402 3.15454e-05 5.51757e-05 9.53597e-05 3.10456e-05 6.46371e-05 -8.75847e-06 -2.49058e-05 7.3893e-06 
448 2.42722e-05 0.000317688 -5.02079e-05 -6.90411e-05 5.86218e-05 -2.19866e-05 2.68763e-05 7.34531e-06 -1.12978e-05 2.59886e-05 
480 5.78712e-06 0.00027217 -4.01492e-05 -0.000219165 1.29932e-05 1.32936e-05 5.74303e-06 6.0731e-06 -1.01251e-05 2.22716e-05 
512 9.68137e-06 0.000274481 -1.7264e-05 -0.000167234 4.03326e-05 -5.09755e-05 2.17554e-06 5.84692e-05 -1.74527e-05 0.000134391 
544 6.31452e-05 0.000302227 4.21099e-05 -0.000300878 4.22841e-05 0.000105411 6.38878e-05 5.83175e-05 -2.68758e-06 0.000119323 
576 4.09476e-05 0.000413897 -2.59869e-06 -0.000189208 7.85494e-05 -4.26289e-05 3.10898e-05 0.000105024 4.13704e-06 0.00020591 
608 2.98106e-05 0.000267086 -5.84655e-05 -0.000150128 1.7541e-05 3.6761e-05 2.3398e-05 7.14928e-05 -8.63185e-07 0.000143849 
640 -2.23935e-05 0.000250607 -0.00017119 -0.000269113 -6.4229e-05 3.78318e-06 -4.22478e-05 0.00010666 -1.98463e-05 0.000233166 
672 5.1306e-05 0.000396531 -0.000130463 -0.000111245 3.74249e-05 8.3364e-05 5.37191e-05 3.5622e-05 -3.21794e-05 0.000103424 
704 1.88028e-05 0.000287527 1.40741e-07 -0.000276179 2.0712e-05 2.26295e-05 2.35722e-05 -1.21988e-05 -3.0992e-05 6.59533e-06 
736 1.65138e-06 0.00035975 -0.0001339 -0.000261224 -1.03797e-05 2.23386e-05 -5.58741e-07 1.60167e-05 -1.85075e-05 5.05413e-05 
768 -1.0816e-05 0.000440032 -0.000162415 -0.000279207 6.95011e-06 -6.73933e-05 -1.51725e-05 1.75019e-05 -1.70311e-05 5.20355e-05 
800 -1.57595e-05 0.000348585 -0.000139786 -0.000299325 -2.32513e-05 8.39516e-06 -1.39303e-05 -2.765e-05 -3.12739e-05 -2.40251e-05 
832 -0.000106755 0.000292193 -0.000306688 -0.000346264 -0.00012151 -9.57845e-05 -0.000109498 -8.89242e-05 -4.10525e-05 -0.000136796 
864 -6.49469e-05 0.000404089 -0.000113106 -0.000325396 -1.33715e-05 -0.000111917 -4.97043e-05 -0.000164023 -4.84791e-05 -0.000279567 
896 -0.000155046 0.000201678 -0.000288792 -0.000493527 -0.000187476 -4.65258e-05 -0.000131087 -0.000310777 -5.93843e-05 -0.000562169 
928 -0.000223938 0.000222541 -0.000251979 -0.000623926 -0.000194948 -0.000190505 -0.000195637 -0.000407897 -8.05293e-05 -0.000735265 
960 -0.000254778 0.00013211 -0.000220009 -0.000845974 -0.000275042 -5.86295e-05 -0.000200644 -0.000606646 -8.90012e-05 -0.00112429 
992 -0.000402232 -0.000174186 -0.000321037 -0.00112951 -0.000493657 -6.71203e-05 -0.0003386 -0.000815843 -0.000120686 -0.001511 
1024 -0.000459878 -0.000169223 -0.000294443 -0.00128581 -0.000520749 -6.42615e-05 -0.000355363 -0.00113923 -0.000154346 -0.00212412 
1056 -0.000584184 -0.000403942 -0.000410525 -0.00150976 -0.000711894 -3.52449e-06 -0.00045435 -0.0014281 -0.000194898 -0.00266131 
1088 -0.00068813 -0.000450979 -0.000387496 -0.00187678 -0.000810914 -2.30758e-05 -0.000528137 -0.00172809 -0.000229909 -0.00322626 
1120 -0.000789362 -0.000678299 -0.000331175 -0.00206853 -0.000910482 -8.57837e-05 -0.000612018 -0.0019421 -0.00025796 -0.00362623 
1152 -0.000813269 -0.000801425 -0.000359216 -0.00216865 -0.000978555 1.71905e-05 -0.000621277 -0.00206122 -0.000281366 -0.00384107 
1184 -0.000818939 -0.000946281 -0.000217682 -0.00207748 -0.000952971 -1.86442e-05 -0.000620726 -0.00210733 -0.000269489 -0.00394517 
1216 -0.000786989 -0.000962647 -0.000198082 -0.00191746 -0.000894717 -7.35388e-05 -0.00060002 -0.00200229 -0.000258446 -0.00374613 
1248 -0.000644812 -0.000693355 -3.55987e-05 -0.00166502 -0.000683104 -5.73539e-05 -0.00046106 -0.00183921 -0.000226071 -0.00345234 
1280 -0.000647377 -0.000589806 -0.000134848 -0.00145926 -0.000624103 -0.000256081 -0.000500682 -0.0016009 -0.000187736 -0.00301405 
1312 -0.000660299 -0.000664945 -0.000197785 -0.00125389 -0.000625938 -0.000425962 -0.000561257 -0.00130407 -0.000161548 -0.0024466 
1344 -0.000747883 -0.000656959 -0.000424225 -0.00112884 -0.000687924 -0.000646898 -0.000679975 -0.00118928 -0.00016711 -0.00221145 
1376 -0.000996685 -0.000987659 -0.000589317 -0.00150016 -0.000958875 -0.000907463 -0.00094985 -0.00130111 -0.00019908 -0.00240315 
1408 -0.00132025 -0.00135112 -0.000902313 -0.00186148 -0.00129522 -0.00119769 -0.00126922 -0.00165195 -0.000262575 -0.00304132 
1440 -0.00168207 -0.00214278 -0.00111307 -0.00241928 -0.00178075 -0.00129735 -0.00161281 -0.00213233 -0.000348176 -0.00391648 
1472 -0.00197209 -0.00259042 -0.00121629 -0.00311742 -0.00214209 -0.00129743 -0.00184164 -0.00282002 -0.000436859 -0.00520318 
1504 -0.00219595 -0.00291388 -0.00138626 -0.00359607 -0.0024217 -0.00127033 -0.00200305 -0.00344984 -0.000511309 -0.00638837 
1536 -0.00231878 -0.00306481 -0.00145873 -0.00415853 -0.00265632 -0.00102216 -0.00206669 -0.0039574 -0.000563944 -0.00735086 
1568 -0.00231487 -0.00282978 -0.00144423 -0.00439074 -0.00263201 -0.000921258 -0.00201056 -0.0042929 -0.000579661 -0.00800613 
1600 -0.00216794 -0.00257347 -0.00136308 -0.00437135 -0.002515 -0.000615438 -0.00182389 -0.00440424 -0.00056415 -0.00824433 
1632 -0.00202615 -0.00223185 -0.00134205 -0.0041075 -0.00231789 -0.000513651 -0.00166493 -0.0043741 -0.000519576 -0.00822862 
1664 -0.00177526 -0.00179138 -0.0010705 -0.00366341 -0.0019483 -0.000441106 -0.00140261 -0.00419748 -0.000472796 -0.00792216 
1696 -0.00162258 -0.00153508 -0.00113721 -0.0031489 -0.00176943 -0.000406321 -0.00127793 -0.00386282 -0.000412789 -0.00731286 
1728 -0.00139058 -0.0012597 -0.000981591 -0.00268905 -0.0014816 -0.000326269 -0.00105983 -0.0035404 -0.000356977 -0.00672382 
1760 -0.00130523 -0.00119708 -0.00100492 -0.00247452 -0.00141493 -0.000305418 -0.0010145 -0.00319497 -0.000304872 -0.00608506 
1792 -0.00117612 -0.00101213 -0.000911313 -0.00218398 -0.00125522 -0.000273756 -0.000905323 -0.00293631 -0.000266215 -0.00560641 
1824 -0.0011348 -0.000994386 -0.000893761 -0.00211143 -0.00122149 -0.000309145 -0.000894982 -0.00269361 -0.000243675 -0.00514354 
1856 -0.00107045 -0.00089943 -0.000823977 -0.00198422 -0.00113296 -0.000339314 -0.000853984 -0.00247745 -0.000226735 -0.00472817 
1888 -0.00100433 -0.00104737 -0.000855677 -0.00163954 -0.00109505 -0.000265001 -0.000802598 -0.00231559 -0.000215502 -0.00441567 
1920 -0.00096528 -0.000844562 -0.000751901 -0.00180092 -0.00104043 -0.000265609 -0.000767758 -0.00224917 -0.000195983 -0.00430235 
1952 -0.000885133 -0.000843313 -0.000705475 -0.00159704 -0.00095804 -0.00017948 -0.000689749 -0.00215512 -0.000186569 -0.00412368 
1984 -0.000850406 -0.000633935 -0.000653872 -0.00159253 -0.000871238 -0.000281585 -0.000666714 -0.0020444 -0.000176704 -0.0039121 
2016 -0.000768113 -0.000468831 -0.00063536 -0.00139893 -0.000769611 -0.00022842 -0.000589065 -0.00193193 -0.000174743 -0.00368911 
2048 -0.000746196 -0.000381041 -0.000572192 -0.0014618 -0.000713104 -0.000310393 -0.000579465 -0.00182995 -0.000168876 -0.00349103 
2080 -0.000709211 -0.000253693 -0.000565365 -0.00137854 -0.000657485 -0.000322811 -0.000545096 -0.00177596 -0.000150261 -0.00340167 
2112 -0.000638113 -0.000178323 -0.000616831 -0.00121594 -0.000613525 -0.000220818 -0.000477983 -0.00167896 -0.000139664 -0.00321826 
2144 -0.000639166 -0.000251499 -0.000612714 -0.00124988 -0.000640765 -0.00021729 -0.000496506 -0.00156645 -0.0001258 -0.0030071 
2176 -0.00053973 -6.97896e-05 -0.000645126 -0.000982092 -0.000526946 -0.000124508 -0.000386946 -0.00153283 -0.000121213 -0.00294444 
2208 -0.000576874 -0.000192096 -0.000561031 -0.00114232 -0.00057416 -0.000194051 -0.000440871 -0.00146089 -0.000122493 -0.00279929 
2240 -0.000566344 -0.000299231 -0.000559451 -0.000897155 -0.000555406 -0.000207395 -0.000434358 -0.00142425 -0.00013061 -0.0027179 
2272 -0.000526291 -0.000321013 -0.000374797 -0.000956705 -0.000497337 -0.000177162 -0.000393024 -0.00139253 -0.00013385 -0.0026512 
2304 -0.000510878 -0.000280547 -0.000445851 -0.000915661 -0.000500291 -0.000163687 -0.00038744 -0.00131322 -0.000137053 -0.00248939 
2336 -0.000444427 -0.000242749 -0.000377814 -0.000781713 -0.000417529 -0.000102254 -0.000309829 -0.00131931 -0.000144135 -0.00249448 
2368 -0.000489761 -0.000207 -0.000350004 -0.00107257 -0.000461369 -0.000195128 -0.000372774 -0.00125018 -0.000137954 -0.0023624 
2400 -0.000441336 -0.000176307 -0.000200483 -0.000942183 -0.000357067 -0.000253747 -0.000325469 -0.00119447 -0.000122939 -0.00226599 
2432 -0.000421601 -0.000167441 -0.000342697 -0.000875808 -0.000388362 -0.000148091 -0.000307467 -0.00116347 -0.000126339 -0.0022006 
2464 -0.000412253 -0.000112828 -0.000183368 -0.000840342 -0.000310573 -0.000284461 -0.000306408 -0.00110024 -0.000128215 -0.00207227 
2496 -0.0004342 -0.000112644 -0.000312113 -0.000861764 -0.000371281 -0.000273379 -0.000337614 -0.00106201 -0.000110588 -0.00201343 
2528 -0.000414203 -0.000201217 -0.000259576 -0.000811768 -0.000370969 -0.000203866 -0.000313962 -0.00106577 -0.000104096 -0.00202743 
2560 -0.000429984 -0.000158646 -0.000406124 -0.000686709 -0.000381915 -0.000220977 -0.000332933 -0.00106081 -9.90443e-05 -0.00202258 
2592 -0.000428629 -0.000139376 -0.000367284 -0.000768175 -0.000382559 -0.000230106 -0.000336572 -0.001027 -0.00010099 -0.00195301 
2624 -0.000397776 -4.58513e-05 -0.000301122 -0.000785681 -0.000328712 -0.000214304 -0.0003001 -0.00103267 -0.000101992 -0.00196335 
2656 -0.000387382 -9.57419e-05 -0.000385274 -0.000643963 -0.000340316 -0.000172167 -0.000290246 -0.00101877 -9.20879e-05 -0.00194546 
2688 -0.000363621 -0.000110847 -0.000369135 -0.000588518 -0.000326881 -0.000162532 -0.000277304 -0.000924683 -9.25186e-05 -0.00175685 
2720 -0.000322109 -5.24873e-05 -0.000232408 -0.000640921 -0.000254312 -0.000176111 -0.000239455 -0.000859361 -8.44006e-05 -0.00163432 
2752 -0.000355902 -0.000123285 -0.000257965 -0.000659403 -0.00029391 -0.000215703 -0.000279123 -0.00085496 -7.87127e-05 -0.00163121 
2784 -0.000311804 -8.89651e-05 -0.000158884 -0.000549898 -0.000228587 -0.000203708 -0.00023045 -0.000840603 -7.46403e-05 -0.00160657 
2816 -0.000346162 2.72622e-05 -0.000149405 -0.000747506 -0.000237472 -0.000299972 -0.000274613 -0.000811231 -8.07922e-05 -0.00154167 
2848 -0.000256366 1.11432e-05 -5.79212e-05 -0.000626832 -0.000162117 -0.000173703 -0.000178381 -0.000763269 -7.00347e-05 -0.0014565 
2880 -0.00029296 -6.75368e-05 -8.69833e-05 -0.000572137 -0.000195461 -0.000248087 -0.000220907 -0.000761302 -6.87838e-05 -0.00145382 
2912 -0.000288826 -9.58922e-05 -0.000147822 -0.000662761 -0.000262257 -9.21089e-05 -0.000215119 -0.000767921 -6.19696e-05 -0.00147387 
2944 -0.000282811 -0.000147011 -6.86674e-05 -0.00062463 -0.000222421 -0.000168738 -0.000215885 -0.000717835 -5.08832e-05 -0.00138479 
2976 -0.00030105 -0.000110341 -0.000112446 -0.000608864 -0.000232893 -0.000244369 -0.000244519 -0.000668497 -5.47828e-05 -0.00128221 
3008 -0.000312262 -0.000103368 -0.000154917 -0.000558195 -0.000232584 -0.000270599 -0.000256722 -0.000673272 -5.9119e-05 -0.00128742 
3040 -0.000265436 -8.5518e-05 -0.000188592 -0.000580895 -0.000253363 -9.43947e-05 -0.000198681 -0.000699342 -7.18943e-05 -0.00132679 
3072 -0.000257551 2.82875e-05 -0.000142964 -0.000444442 -0.000157772 -0.000213039 -0.000190086 -0.000696077 -8.51575e-05 -0.001307 
3104 -0.000304315 4.24274e-05 -0.000231616 -0.000556385 -0.000218076 -0.000268172 -0.000243915 -0.000696915 -7.87937e-05 -0.00131504 
3136 -0.000281627 -5.30811e-05 -0.000175116 -0.000449175 -0.000208983 -0.000214805 -0.000220176 -0.000681061 -7.64602e-05 -0.00128566 
3168 -0.000328572 2.07634e-05 -0.000205017 -0.000542007 -0.00022192 -0.000340864 -0.000278725 -0.000652575 -7.06441e-05 -0.0012345 
