0.01  0
0.02  0
0.03  0
0.04  0
0.05  0
0.06  0
0.07  0
0.08  0
0.09  0
0.1  0
0.11  0
0.12  0
0.13  0
0.14  0
0.15  0
0.16  0
0.17  0
0.18  0
0.19  0
0.2  0
0.21  0
0.22  0
0.23  0
0.24  0
0.25  0
0.26  0
0.27  0
0.28  0
0.29  0
0.3  0
0.31  0
0.32  0
0.33  0
0.34  0
0.35  0
0.36  0
0.37  0
0.38  0
0.39  0
0.4  0
0.41  0
0.42  0
0.43  0
0.44  0
0.45  0
0.46  0
0.47  0
0.48  0
0.49  0
0.5  0
0.51  0
0.52  0
0.53  0
0.54  0
0.55  0
0.56  0
0.57  0
0.58  0
0.59  0
0.6  0
0.61  0
0.62  0
0.63  0
0.64  0
0.65  0
0.66  0
0.67  0
0.68  0
0.69  0
0.7  0
0.71  0
0.72  0
0.73  0
0.74  0
0.75  0
0.76  0
0.77  0
0.78  0
0.79  0
0.8  0
0.81  0
0.82  0
0.83  0
0.84  0
0.85  0
0.86  0
0.87  0
0.88  0
0.89  0
0.9  0
0.91  0
0.92  0
0.93  0
0.94  0
0.95  0
0.96  0
0.97  0
0.98  0
0.99  0
1  0
1.01  0
1.02  0
1.03  0
1.04  0
1.05  0
1.06  0
1.07  0
1.08  0
1.09  0
1.1  0
1.11  0
1.12  0
1.13  0
1.14  0
1.15  0
1.16  0
1.17  0
1.18  0
1.19  0
1.2  0
1.21  0
1.22  0
1.23  0
1.24  0
1.25  0
1.26  0
1.27  0
1.28  0
1.29  0
1.3  0
1.31  0
1.32  0
1.33  0
1.34  0
1.35  0
1.36  0
1.37  0
1.38  0
1.39  0
1.4  0
1.41  0
1.42  0
1.43  0
1.44  0
1.45  0
1.46  0
1.47  0
1.48  0
1.49  0
1.5  0
1.51  0
1.52  0
1.53  0
1.54  0
1.55  0
1.56  0
1.57  0
1.58  0
1.59  0
1.6  0
1.61  0
1.62  0
1.63  0
1.64  0
1.65  0
1.66  0
1.67  0
1.68  0
1.69  0
1.7  0
1.71  0
1.72  0
1.73  0
1.74  0
1.75  0
1.76  0
1.77  0
1.78  0
1.79  0
1.8  0
1.81  0
1.82  0
1.83  0
1.84  0
1.85  0
1.86  0
1.87  0
1.88  0
1.89  0
1.9  0
1.91  0
1.92  0
1.93  0
1.94  0
1.95  0
1.96  0
1.97  0
1.98  0
1.99  0
2  0
2.01  0
2.02  0
2.03  0
2.04  0
2.05  0
2.06  0
2.07  0
2.08  0
2.09  0
2.1  0
2.11  0
2.12  0
2.13  0
2.14  0
2.15  0
2.16  0
2.17  0
2.18  0
2.19  0
2.2  0
2.21  0
2.22  0
2.23  0
2.24  0
2.25  0
2.26  0
2.27  0
2.28  0
2.29  0
2.3  0
2.31  0.000701856
2.32  0.000695819
2.33  0.000689859
2.34  0.000683975
2.35  0.000678167
2.36  0.000672432
2.37  0.00133354
2.38  0.00132236
2.39  0.00196697
2.4  0.00195061
2.41  0.00257928
2.42  0.00447651
2.43  0.00761098
2.44  0.0144684
2.45  0.0218378
2.46  0.0297059
2.47  0.0368323
2.48  0.0548039
2.49  0.0700699
2.5  0.0910826
2.51  0.120676
2.52  0.150387
2.53  0.191328
2.54  0.24207
2.55  0.320233
2.56  0.402885
2.57  0.495017
2.58  0.610467
2.59  0.745897
2.6  0.889756
2.61  1.05778
2.62  1.23522
2.63  1.4029
2.64  1.58467
2.65  1.73059
2.66  1.89545
2.67  2.07619
2.68  2.2573
2.69  2.43723
2.7  2.58309
2.71  2.72113
2.72  2.86669
2.73  3.02362
2.74  3.13977
2.75  3.28684
2.76  3.36533
2.77  3.44211
2.78  3.46682
2.79  3.49301
2.8  3.52591
2.81  3.53548
2.82  3.52976
2.83  3.48101
2.84  3.46118
2.85  3.37608
2.86  3.33099
2.87  3.24325
2.88  3.19232
2.89  3.10794
2.9  3.04201
2.91  2.9486
2.92  2.85553
2.93  2.76758
2.94  2.64479
2.95  2.56794
2.96  2.48008
2.97  2.40397
2.98  2.29424
2.99  2.20728
3  2.10437
3.01  2.02882
3.02  1.94108
3.03  1.84589
3.04  1.77054
3.05  1.6881
3.06  1.62189
3.07  1.55729
3.08  1.50022
3.09  1.44228
3.1  1.38622
3.11  1.30491
3.12  1.23962
3.13  1.20266
3.14  1.15513
3.15  1.11195
3.16  1.06141
3.17  1.02156
3.18  0.983662
3.19  0.934812
3.2  0.88509
3.21  0.861411
3.22  0.83259
3.23  0.804827
3.24  0.785239
3.25  0.751694
3.26  0.734051
3.27  0.705401
3.28  0.688226
3.29  0.681973
3.3  0.657899
3.31  0.650853
3.32  0.638444
3.33  0.623807
3.34  0.615378
3.35  0.619051
3.36  0.604756
3.37  0.600183
3.38  0.594342
3.39  0.580412
3.4  0.59223
3.41  0.576523
3.42  0.566432
3.43  0.557404
3.44  0.556067
3.45  0.549701
3.46  0.54778
3.47  0.548671
3.48  0.539955
3.49  0.537173
3.5  0.531356
3.51  0.5487
3.52  0.560398
3.53  0.569851
3.54  0.560061
3.55  0.55483
3.56  0.555559
3.57  0.553332
3.58  0.55872
3.59  0.559389
3.6  0.563221
3.61  0.550047
3.62  0.547584
3.63  0.545139
3.64  0.550345
3.65  0.555205
3.66  0.550777
3.67  0.543887
3.68  0.542871
3.69  0.541583
3.7  0.535924
3.71  0.542834
3.72  0.5318
3.73  0.546181
3.74  0.539515
3.75  0.536642
3.76  0.543858
3.77  0.544402
3.78  0.545981
3.79  0.550926
3.8  0.55218
3.81  0.551349
3.82  0.556679
3.83  0.550202
3.84  0.563849
3.85  0.573557
3.86  0.573857
3.87  0.584148
3.88  0.586365
3.89  0.601174
3.9  0.622718
3.91  0.634236
3.92  0.65367
3.93  0.668049
3.94  0.678897
3.95  0.690346
3.96  0.715523
3.97  0.748279
3.98  0.773841
3.99  0.783847
4  0.792104
4.01  0.818902
4.02  0.834764
4.03  0.851611
4.04  0.862086
4.05  0.878155
4.06  0.889285
4.07  0.876781
4.08  0.874288
4.09  0.880541
4.1  0.878256
4.11  0.86135
4.12  0.850775
4.13  0.832827
4.14  0.82422
4.15  0.805683
4.16  0.783635
4.17  0.788712
4.18  0.765223
4.19  0.751975
4.2  0.742453
4.21  0.726886
4.22  0.722394
4.23  0.714168
4.24  0.703304
4.25  0.692533
4.26  0.683714
4.27  0.661001
4.28  0.660574
4.29  0.649969
4.3  0.65019
4.31  0.64516
4.32  0.634551
4.33  0.625031
4.34  0.619371
4.35  0.610391
4.36  0.609761
4.37  0.60364
4.38  0.604205
4.39  0.600095
4.4  0.593308
4.41  0.591584
4.42  0.588335
4.43  0.588926
4.44  0.585326
4.45  0.594613
4.46  0.596845
4.47  0.599051
4.48  0.604963
4.49  0.610446
4.5  0.61051
4.51  0.616275
4.52  0.615384
4.53  0.618876
4.54  0.621967
4.55  0.624482
4.56  0.622287
4.57  0.622794
4.58  0.620256
4.59  0.619689
4.6  0.614697
4.61  0.619787
4.62  0.631671
4.63  0.631216
4.64  0.637892
4.65  0.638962
4.66  0.63536
4.67  0.641915
4.68  0.644818
4.69  0.648541
4.7  0.657822
4.71  0.658745
4.72  0.658647
4.73  0.656869
4.74  0.659601
4.75  0.655167
4.76  0.66002
4.77  0.663017
4.78  0.665819
4.79  0.669571
4.8  0.672961
4.81  0.672432
4.82  0.667549
4.83  0.678112
4.84  0.680109
4.85  0.693707
4.86  0.702747
4.87  0.703181
4.88  0.705334
4.89  0.702922
4.9  0.701304
4.91  0.705441
4.92  0.70861
4.93  0.706355
4.94  0.708409
4.95  0.70448
4.96  0.700424
4.97  0.708676
4.98  0.711874
4.99  0.717446
5  0.723718
5.01  0.724711
5.02  0.725096
5.03  0.730209
5.04  0.732327
5.05  0.743528
5.06  0.749076
5.07  0.745687
5.08  0.751461
5.09  0.755017
5.1  0.757818
5.11  0.766186
5.12  0.781912
5.13  0.784701
5.14  0.782926
5.15  0.782007
5.16  0.790091
5.17  0.793062
5.18  0.79447
5.19  0.794748
5.2  0.799728
5.21  0.797764
5.22  0.796223
5.23  0.807421
5.24  0.819618
5.25  0.821662
5.26  0.823414
5.27  0.831215
5.28  0.84231
5.29  0.851307
5.3  0.856497
5.31  0.85779
5.32  0.861714
5.33  0.85822
5.34  0.860525
5.35  0.865424
5.36  0.86663
5.37  0.867301
5.38  0.864986
5.39  0.866807
5.4  0.877213
5.41  0.881523
5.42  0.887707
5.43  0.897143
5.44  0.90549
5.45  0.918815
5.46  0.927638
5.47  0.931384
5.48  0.931604
5.49  0.937533
5.5  0.929794
5.51  0.939374
5.52  0.937695
5.53  0.935041
5.54  0.931425
5.55  0.923208
5.56  0.917346
5.57  0.919004
5.58  0.925336
5.59  0.925384
5.6  0.929845
5.61  0.920583
5.62  0.92146
5.63  0.922679
5.64  0.916584
5.65  0.914047
5.66  0.914678
5.67  0.913667
5.68  0.905694
5.69  0.901241
5.7  0.898081
5.71  0.902175
5.72  0.904861
5.73  0.900223
5.74  0.906751
5.75  0.909716
5.76  0.90498
5.77  0.904321
5.78  0.910611
5.79  0.908027
5.8  0.907125
5.81  0.900455
5.82  0.893935
5.83  0.887896
5.84  0.885627
5.85  0.878443
5.86  0.886572
5.87  0.878445
5.88  0.875785
5.89  0.871626
5.9  0.866307
5.91  0.87217
5.92  0.871043
5.93  0.877693
5.94  0.875165
5.95  0.878361
5.96  0.868563
5.97  0.874377
5.98  0.871665
5.99  0.873454
6  0.872001
6.01  0.871176
6.02  0.872418
6.03  0.871174
6.04  0.864596
6.05  0.859592
6.06  0.860633
6.07  0.859121
6.08  0.854068
6.09  0.851972
6.1  0.851295
6.11  0.855533
6.12  0.84764
6.13  0.84677
6.14  0.847094
6.15  0.849589
6.16  0.854137
6.17  0.852649
6.18  0.856462
6.19  0.859562
6.2  0.862053
6.21  0.851801
6.22  0.856711
6.23  0.852612
6.24  0.858154
6.25  0.853013
6.26  0.850959
6.27  0.853772
6.28  0.847731
6.29  0.850434
6.3  0.855662
6.31  0.85869
6.32  0.858694
6.33  0.858881
6.34  0.85608
6.35  0.861467
6.36  0.855519
6.37  0.853297
6.38  0.857433
6.39  0.849431
6.4  0.840104
6.41  0.834659
6.42  0.833242
6.43  0.837265
6.44  0.834848
6.45  0.82974
6.46  0.831302
6.47  0.825961
6.48  0.824216
6.49  0.824168
6.5  0.823584
6.51  0.826623
6.52  0.824794
6.53  0.818669
6.54  0.819407
6.55  0.819787
6.56  0.818857
6.57  0.818014
6.58  0.815703
6.59  0.817024
6.6  0.818247
6.61  0.82023
6.62  0.821685
6.63  0.818697
6.64  0.816912
6.65  0.818777
6.66  0.816489
6.67  0.813116
6.68  0.817482
6.69  0.816546
6.7  0.820618
6.71  0.81834
6.72  0.817897
6.73  0.822662
6.74  0.823273
6.75  0.821493
6.76  0.822179
6.77  0.828005
6.78  0.823853
6.79  0.824759
6.8  0.822011
6.81  0.821456
6.82  0.81615
6.83  0.820024
6.84  0.82099
6.85  0.820031
6.86  0.81613
6.87  0.817327
6.88  0.819146
6.89  0.81677
6.9  0.813539
6.91  0.812755
6.92  0.814631
6.93  0.810332
6.94  0.812897
6.95  0.814979
6.96  0.818128
6.97  0.822335
6.98  0.824593
6.99  0.824995
7  0.824703
7.01  0.828372
7.02  0.834754
7.03  0.833972
7.04  0.826919
7.05  0.82465
7.06  0.831934
7.07  0.825836
7.08  0.822234
7.09  0.820513
7.1  0.818277
7.11  0.815236
7.12  0.809771
7.13  0.813763
7.14  0.813322
7.15  0.820133
7.16  0.814921
7.17  0.817458
7.18  0.821866
7.19  0.826898
7.2  0.830383
7.21  0.833916
7.22  0.83908
7.23  0.834324
7.24  0.840024
7.25  0.835499
7.26  0.839594
7.27  0.837286
7.28  0.831595
7.29  0.826074
7.3  0.824163
7.31  0.819877
7.32  0.819316
7.33  0.821822
7.34  0.812911
7.35  0.809799
7.36  0.811472
7.37  0.81396
7.38  0.818288
7.39  0.82355
7.4  0.825635
7.41  0.828114
7.42  0.824931
7.43  0.828343
7.44  0.834913
7.45  0.834698
7.46  0.831317
7.47  0.828154
7.48  0.826476
