0 0 0 0 0 0 0 0 0 0 0 0 0 0 0 0 0 0 0 0 0 0 0 0 0 0 0 0 0 0 0 0 0 0 0 0 0 0 0 0 0 0 
16 0.00467253 -0.00454475 0.00454473 0.000793759 -0.00644927 0.00644929 0.00150929 -0.00405839 0.00405838 0.000163474 -0.00553655 0.00553655 0.000533002 -0.00544407 0.00544406 0.00137112 -0.00442612 0.00442612 0.00367415 -0.00462134 0.00462134 0.000971699 -0.00442012 0.00442012 0.000998363 -0.00441647 0.00441647 -0.000290984 0.000471488 0.00122962 5.53946e-05 -0.000599429 0.000164847 0.000664066 0.00148139 0.00021153 0.000585865 -0.00194259 -1.18317e-05 -0.00189458 0.000121196 
32 -0.000155755 -0.000425404 0.000425415 6.9561e-05 -0.00281109 0.0028111 -0.00016048 -6.23554e-05 6.23533e-05 -6.86975e-05 -0.00174294 0.00174294 3.61109e-05 -0.00257783 0.00257782 0.000134258 -0.000302925 0.000302912 4.33204e-05 -0.000697987 0.000697987 -0.000199938 0.000617707 -0.000617709 -0.000199088 0.000581852 -0.000581846 7.2547e-05 0.000642415 0.000327525 0.000417348 -0.000528555 0.0008836 0.00112073 0.00129709 0.000235808 0.000914606 -0.000545303 -0.000730555 -0.000409437 -0.000469921 
48 0.00302459 -0.00210061 0.00210061 0.00070744 -0.00333981 0.00333982 0.00105621 -0.0025168 0.0025168 8.38131e-05 -0.00223314 0.00223313 0.000345665 -0.00365374 0.00365374 0.000681143 -0.0007028 0.000702795 0.00244479 -0.00185257 0.00185258 0.000600629 -0.00278254 0.00278254 0.000579796 -0.00280607 0.00280607 -0.000141031 -0.000273418 -0.00140854 -0.000803725 -0.000274664 -2.19192e-05 0.000602603 0.000133429 -0.000132732 -8.08446e-05 -9.78388e-05 -0.00168435 -5.93339e-05 -0.00134774 
64 0.00169607 -0.000880984 0.000880985 0.000160645 -0.000320823 0.000320836 0.000378009 -0.000290226 0.000290227 0.000142745 -0.00109811 0.00109812 0.000237806 -0.00210847 0.00210846 0.000815404 -0.00130721 0.0013072 0.00135408 -0.000585553 0.00058555 0.000340996 -0.00186051 0.0018605 0.000342 -0.00191408 0.00191407 5.10236e-06 0.00050823 0.00124332 0.000436961 -0.000848438 0.000134246 0.000469883 0.0019067 6.57868e-05 0.000836127 -0.000123918 -0.00100809 -2.91711e-05 -0.000654536 
80 0.00215489 -0.00163543 0.00163544 0.000687207 -0.00348427 0.00348428 0.000810386 -0.00138753 0.00138752 7.49389e-06 -0.00273185 0.00273186 0.000283502 -0.00227704 0.00227704 0.000435398 -0.00149782 0.00149781 0.00193299 -0.00165475 0.00165475 0.00025399 -0.00196101 0.00196101 0.000221924 -0.00171422 0.00171422 -0.000190737 0.000425796 0.00158546 8.74279e-05 -0.00180976 0.000782016 0.000427994 0.0010161 -0.000339909 0.000722512 0.000360187 -0.000990401 0.000495327 -0.00065611 
96 0.00190033 -0.00113883 0.00113883 0.000419731 -0.00318277 0.00318277 0.000446586 0.000194477 -0.000194481 4.5298e-05 -0.00181138 0.00181139 0.000308013 -0.00150138 0.00150137 0.000601344 -0.000922282 0.000922279 0.00146764 -0.000741015 0.000741009 0.00046176 -0.00282364 0.00282363 0.000432695 -0.0024963 0.0024963 -0.000282592 0.000240802 8.55714e-05 0.000233563 -0.00117111 0.000294761 -8.23029e-05 0.000715943 -0.000578142 0.000475279 0.00070994 -0.00104267 0.000735688 -0.000660748 
112 0.00205882 -0.00152506 0.00152507 0.00038987 -0.0038195 0.0038195 0.000946614 -0.000834768 0.000834776 1.21619e-05 -0.00421333 0.00421333 0.000428881 -0.00222299 0.00222298 0.000283673 -0.000960858 0.000960851 0.00162014 -0.00125225 0.00125224 0.00043056 -0.00257979 0.00257978 0.000438665 -0.0024851 0.00248508 -0.000364859 0.000259418 -0.000549601 0.000736182 -0.000373401 -0.000269385 -0.000511274 0.000772149 -0.000465537 0.000270109 -2.2227e-05 -0.000268076 -7.7168e-07 -4.95754e-05 
128 0.00183644 -0.00163641 0.0016364 0.000443174 -0.00286654 0.00286655 0.000431102 -0.00120158 0.00120157 -0.000106309 -0.00265059 0.00265059 0.000413751 -0.00175031 0.00175029 0.000721356 -0.00177351 0.00177351 0.0015956 -0.00155909 0.00155909 0.00025994 -0.00172889 0.00172888 0.000240835 -0.00158406 0.00158405 0.0001917 0.000534015 0.000992491 0.00125586 -0.000239378 5.62158e-05 0.000559394 0.000612049 0.000310648 0.000473877 -0.000112589 0.000415319 5.11348e-05 0.00057505 
144 0.00259261 -0.00159679 0.0015968 0.000693071 -0.0030568 0.00305681 0.00102811 -0.00277529 0.00277529 7.93037e-06 -0.000603553 0.000603565 0.000280452 0.000137462 -0.000137466 0.000514449 -0.000635547 0.000635543 0.0022356 -0.00183535 0.00183536 0.000390047 -0.000467563 0.000467561 0.000357011 -0.000546809 0.000546802 -0.000534151 0.000629462 -0.000297799 -0.000448673 -0.000896935 0.000728352 2.49877e-05 0.00106942 -0.000417133 0.000665425 -0.000774081 0.000321965 -0.000625537 0.000486902 
160 0.00167512 -0.000880519 0.000880522 0.000668803 -0.00122016 0.00122016 0.000262505 -0.00112901 0.00112902 0.000130759 0.000332049 -0.000332049 0.000183943 -0.000300833 0.000300828 0.000417119 -0.00107237 0.00107237 0.00134841 -0.0009591 0.000959105 0.00036346 -0.000505534 0.000505528 0.000326712 -0.000513638 0.000513629 -0.000644325 0.000169153 -0.000625258 -4.03954e-05 -0.00151216 0.00048835 3.04559e-05 0.000735068 -0.00074398 0.000456079 -0.000266084 -0.000971358 -2.20097e-05 -0.000945533 
176 0.00225353 -0.0019274 0.0019274 0.000371056 -0.00235117 0.00235118 0.000962847 -0.00233732 0.00233733 -7.4943e-06 -0.00232012 0.00232013 0.000262337 -0.00308729 0.00308728 0.000566823 -0.000887517 0.000887517 0.0019007 -0.00171125 0.00171125 0.000349382 -0.00265576 0.00265576 0.000352825 -0.0025964 0.00259641 0.000134382 0.00060702 0.00225381 0.000753415 -0.00081256 0.000704572 -0.000427662 0.000794499 -6.9381e-05 0.000701909 0.000838131 9.75233e-05 0.00124365 0.000196217 
192 0.00218565 -0.00153997 0.00153997 0.000546993 -0.00194587 0.00194588 0.000550245 -0.00152328 0.00152328 -5.6773e-05 -0.00443022 0.00443022 0.000313587 -0.000695885 0.000695879 0.000811617 -0.00153905 0.00153904 0.00190885 -0.00155234 0.00155234 0.000324809 -0.00157492 0.00157492 0.0002768 -0.00159067 0.00159067 7.38413e-05 0.000342865 0.000896176 -0.000128395 -0.000577158 0.000680542 -0.000633029 0.000192498 -0.000287324 0.000330891 0.00155774 0.000311192 0.00185191 0.000316237 
208 0.00209278 -0.00164141 0.00164142 0.000468013 -0.00385113 0.00385115 0.000606072 -0.00143977 0.00143976 9.40065e-05 -0.00697399 0.00697399 0.000308427 0.00113739 -0.00113741 0.000351719 -0.000480323 0.00048031 0.00142579 -0.0015106 0.0015106 0.000695634 -0.00229468 0.00229468 0.00066698 -0.0026149 0.0026149 -0.000793894 0.000133446 0.000166593 0.000125712 -0.00164239 0.00020325 -0.00058592 0.000351048 -0.000938688 0.000250593 -0.000191339 -0.00036009 0.00014009 -0.000539627 
224 0.00189723 -0.00185105 0.00185104 0.000285212 -0.00281443 0.00281443 0.000691298 -0.00105261 0.00105261 -4.01908e-05 -0.00401334 0.00401335 0.000332462 -0.0019646 0.00196458 0.000648195 -0.00139652 0.00139651 0.00162469 -0.00141121 0.00141122 0.000324434 -0.00342981 0.0034298 0.00027252 -0.00371002 0.00371001 -0.000509115 0.000645279 0.00158446 0.000554729 -0.00117061 0.000381868 0.00024384 0.00166604 -0.000149954 0.000855767 -0.00179169 -0.000399762 -0.00135928 -0.000375375 
240 0.00193582 -0.00140086 0.00140085 0.000330812 -0.000738206 0.000738209 0.000686039 -0.00113882 0.00113883 -4.77722e-05 -0.00170711 0.00170711 0.000363098 -0.00171018 0.00171017 0.000653144 -0.00115813 0.00115812 0.00167 -0.000950843 0.000950841 0.000303658 -0.00302503 0.00302503 0.000265842 -0.00321394 0.00321394 -0.000349319 0.000566594 0.000753728 -0.000661022 -0.00106914 0.00108002 0.000613708 0.00168935 -8.10255e-05 0.00095309 -0.00110696 -0.000968906 -0.00102982 -0.000938472 
256 0.00201247 -0.00140432 0.00140433 0.000430553 -0.00274445 0.00274446 0.000609731 -0.000572504 0.000572502 4.39073e-05 -0.00402605 0.00402606 0.000303916 -0.00211006 0.00211005 0.000744862 -0.0015334 0.00153339 0.00178513 -0.00118105 0.00118105 0.00022164 -0.00226726 0.00226726 0.000227337 -0.00239159 0.0023916 -0.000966385 5.64625e-05 0.00146289 -0.000596039 -0.00226337 0.000643316 0.000338307 0.00105055 -0.000643553 0.000592551 -0.00176341 -0.0018448 -0.00177858 -0.00198977 
272 0.00217026 -0.00159745 0.00159745 0.000351575 -0.00513398 0.00513398 0.000821459 -0.000172178 0.000172185 8.94112e-05 -0.00324359 0.00324359 0.000334627 -0.00389359 0.00389359 0.000633306 -0.000927648 0.000927645 0.00180632 -0.00120601 0.00120602 0.000407602 -0.00322261 0.00322261 0.000363929 -0.00294379 0.00294379 -0.0012573 0.000495453 0.00170827 -2.9441e-05 -0.00254893 0.000859678 -0.000105553 0.000917417 -0.000911096 0.000725328 -0.00221439 -0.0005826 -0.00211128 -0.000652611 
288 0.00198467 -0.000979787 0.000979783 0.000603885 -0.00385484 0.00385485 0.000613621 5.52017e-05 -5.51888e-05 -6.75308e-05 -0.00109524 0.00109525 0.000414487 -0.00222967 0.00222967 0.00071689 -0.000882315 0.000882311 0.00193439 -0.000868348 0.000868345 -1.85499e-05 -0.00121693 0.00121693 5.02918e-05 -0.00137531 0.00137531 -0.000609524 0.000402659 0.000588523 -0.000818174 -0.00118675 0.00130375 -0.000644604 0.000392228 -0.000647829 0.000571646 -0.000524325 -0.00050781 -0.000384531 -0.000406562 
304 0.00236423 -0.00189145 0.00189145 0.000367265 -0.00330866 0.00330866 0.000799635 -0.00056416 0.000564171 1.33384e-05 -0.00168881 0.00168881 0.000320269 -0.00233797 0.00233796 0.000680961 -0.00167263 0.00167264 0.00184786 -0.00147211 0.00147211 0.000586966 -0.00360721 0.00360721 0.00051637 -0.0032036 0.0032036 -0.000826237 0.000105646 -0.000608776 -0.000503217 -0.00156955 0.000159974 -0.000206351 0.000438191 -0.000852691 0.00014082 -0.000802597 -0.00012832 -0.000562603 -4.54567e-05 
320 0.00137904 -0.00194466 0.00194465 0.000279972 -0.00505894 0.00505895 0.000380653 -0.000459425 0.000459436 -6.32958e-05 -0.00154067 0.00154068 0.000264152 -0.00243264 0.00243262 0.00055847 -0.00191827 0.00191827 0.00121909 -0.00160111 0.00160111 0.00013297 -0.0032566 0.00325659 0.000159946 -0.00321687 0.00321686 -0.000725396 0.000613858 0.00129473 0.000242676 -0.00156092 -4.2015e-05 0.000484342 0.00147174 -0.000302678 0.000529106 -0.00205147 0.000519175 -0.00187877 0.000616287 
336 0.00197281 -0.00166692 0.00166693 0.000422657 -0.00460285 0.00460285 0.00055086 -0.000688913 0.000688919 3.76059e-05 -0.00297158 0.0029716 0.000410668 -0.0028219 0.00282189 0.000736479 -0.00139536 0.00139534 0.00170999 -0.00149247 0.00149248 0.000272914 -0.00267077 0.00267075 0.000262831 -0.00239027 0.00239026 -0.000688573 0.00043703 0.000592403 -5.85683e-05 -0.00114901 0.000674558 0.000163681 0.000959577 -0.000358624 0.000582059 -0.00167843 -0.000377915 -0.00152866 -0.000361343 
352 0.00226107 -0.00126337 0.00126339 0.000652815 -0.00271565 0.00271565 0.000592691 -0.00114776 0.00114776 -6.32429e-05 -0.00327908 0.00327908 0.000443903 -0.000609749 0.000609727 0.000807729 -0.000561258 0.000561244 0.00205323 -0.00110981 0.00110983 0.000227193 -0.00244214 0.00244213 0.000207848 -0.00200678 0.00200678 -0.00113925 4.51971e-05 -0.000597467 -0.000929379 -0.00148356 0.000528104 -0.000528694 0.000828174 -0.00092663 0.000343213 -0.00179224 -0.00126226 -0.00157037 -0.0012275 
368 0.00194435 -0.00106046 0.00106045 0.000315704 -0.000871772 0.000871782 0.000503007 -0.000413862 0.000413864 8.82462e-05 -0.00274817 0.00274817 0.000284575 -0.00173365 0.00173364 0.000578991 -0.000992962 0.000992957 0.0013977 -0.000575213 0.000575214 0.000478398 -0.00333182 0.00333181 0.000546668 -0.00303604 0.00303603 -0.00114451 0.000590018 0.00103968 -0.000506801 -0.00250496 0.00067707 -0.000289671 0.00204347 -0.00100208 0.000905461 -0.00154617 -0.000719572 -0.00148001 -0.000700459 
384 0.00191612 -0.00133833 0.00133832 0.00062817 -0.00245994 0.00245995 0.000477384 -0.000306612 0.00030662 0.00011023 -0.00162006 0.00162007 0.000461787 -0.00268106 0.00268105 0.000745101 -0.00218236 0.00218234 0.00185065 -0.0012323 0.00123231 1.24487e-05 -0.00235778 0.00235779 6.54828e-05 -0.002049 0.00204901 -0.00138125 0.000454878 0.000634519 -0.000782952 -0.00287166 0.000799681 -0.000475459 0.00106981 -0.00136493 0.00061089 -0.0011535 -0.000435773 -0.00107575 -0.000416596 
400 0.00228354 -0.0013583 0.00135831 0.000490871 -0.00130663 0.00130663 0.000609415 -0.000260538 0.000260534 -4.90171e-05 0.000430712 -0.000430709 0.000311806 -0.000182123 0.000182113 0.00074745 -0.00232089 0.00232089 0.00184772 -0.00104882 0.00104884 0.000424047 -0.00297843 0.00297842 0.000435827 -0.00279943 0.00279943 -0.00148297 0.000648828 -1.31114e-05 0.00107245 -0.00183157 0.000119114 -0.00187527 0.00129346 -0.00153734 0.000712241 -0.0010112 -5.3959e-05 -0.000760184 3.61663e-05 
416 0.00161621 -0.00140524 0.00140525 0.00038205 -0.00358681 0.0035868 0.000766572 -0.00104599 0.00104599 1.42743e-05 -0.00388733 0.00388734 0.000340173 -0.00307883 0.00307882 0.000106631 -0.000878812 0.000878805 0.00125524 -0.001174 0.00117402 0.000359593 -0.00250812 0.00250811 0.000360946 -0.00253189 0.00253188 -0.00128924 0.000413026 0.000241186 0.000181965 -0.00150067 -0.000308608 -0.00131759 0.0015288 -0.00110136 0.000416645 -0.00181538 -0.000154705 -0.00165409 8.80062e-05 
432 0.00211978 -0.00214478 0.00214478 0.00058871 -0.0036803 0.00368031 0.000408147 -0.00178717 0.00178718 -1.62568e-05 -0.00398502 0.00398502 0.00062803 -0.00245412 0.00245411 0.000591552 -0.0021037 0.00210369 0.00158839 -0.001962 0.001962 0.000541827 -0.002855 0.00285499 0.000531385 -0.00306147 0.00306147 -0.00113837 0.000518565 0.00094156 -0.000630217 -0.00220867 0.000704961 -5.9403e-05 0.0013266 -0.000870703 0.00067696 -0.0019114 -0.000282071 -0.00171451 -0.000164454 
448 0.00219273 -0.00140175 0.00140175 0.000671382 -0.00264543 0.00264543 0.000451339 -0.0016893 0.00168929 1.92407e-05 -0.00255965 0.00255966 0.000390813 -0.00128204 0.00128203 0.000731442 -0.00127405 0.00127405 0.00185417 -0.00152083 0.00152083 0.000358868 -0.000857526 0.000857515 0.000338587 -0.000940531 0.000940523 -0.00216698 0.000668542 -0.000948375 -0.000667698 -0.00277501 0.00118165 -0.00140446 0.00144823 -0.00198637 0.000925136 -0.00243138 -0.000154212 -0.00221654 -0.000211772 
464 0.00184698 -0.00119801 0.00119802 0.000396243 -0.00132082 0.00132083 0.000400577 -0.00134851 0.00134853 -5.22094e-05 -0.00273782 0.00273783 0.000348375 -0.00180251 0.0018025 0.000490064 -0.000171614 0.000171602 0.00128688 -0.000881435 0.000881433 0.000538155 -0.00244713 0.00244714 0.000560095 -0.00236454 0.00236455 -0.00205761 0.000202525 0.000101485 0.000255233 -0.00248185 4.20667e-06 -0.00186388 0.00114567 -0.00178163 0.000407179 -0.00259561 -0.000683775 -0.00245791 -0.000635883 
480 0.00201529 -0.00124088 0.00124086 0.000541903 -0.00213905 0.00213904 0.00039866 -0.00160541 0.0016054 4.97452e-06 -0.00318484 0.00318485 0.000388437 -0.00162064 0.00162064 0.000792055 -0.000530438 0.000530426 0.00173262 -0.00121611 0.00121611 0.0002211 -0.0011585 0.00115849 0.00028267 -0.00114106 0.00114105 -0.00153354 0.00033955 0.00168816 0.000461256 -0.00192068 -0.000278224 -0.00183925 0.00114949 -0.00120419 0.000343067 -0.00227571 0.000121924 -0.0022498 0.000238564 
496 0.00292952 -0.00166546 0.00166546 0.000582721 -0.00270206 0.00270207 0.000776833 -0.00238055 0.00238055 7.67107e-05 -0.0017584 0.0017584 0.000496668 -0.00153734 0.00153733 0.000890599 -0.000526212 0.000526199 0.00225014 -0.00160719 0.0016072 0.00067214 -0.00284825 0.00284825 0.000679398 -0.00238912 0.00238911 -0.001823 0.000239846 -0.000292115 -0.000536702 -0.00244682 0.000400677 -0.00185595 0.00090201 -0.00184473 0.00035004 -0.00131866 -0.000509473 -0.00122456 -0.00023412 
512 0.0015985 -0.00142263 0.00142264 0.00028833 -0.00288893 0.00288894 0.000308389 -0.00116545 0.00116546 8.60044e-05 -0.00275948 0.00275949 0.000310608 -0.000543112 0.000543103 0.000641443 -0.00099307 0.000993065 0.00123814 -0.00134436 0.00134436 0.000299035 -0.00223078 0.00223077 0.000360351 -0.00196219 0.00196219 -0.00232219 0.000267593 0.000651113 -0.000343449 -0.00333904 0.000319233 -0.00189299 0.00124536 -0.0020855 0.000487017 -0.00304641 -0.00105158 -0.00274593 -0.000763023 
528 0.0021754 -0.00137113 0.00137114 0.000388046 -0.00145009 0.00145009 0.0006944 -0.00178553 0.00178553 -2.71309e-05 -0.00409437 0.00409437 0.000359908 -0.00130763 0.00130763 0.000630663 -0.000328021 0.000328015 0.00171311 -0.000928407 0.0009284 0.000430239 -0.00384166 0.00384166 0.00046229 -0.00341628 0.00341627 -0.00235265 0.00086804 0.000756374 0.00121474 -0.00309245 0.000310467 -0.000785001 0.00164373 -0.00151533 0.00091455 -0.00532158 0.000421011 -0.0049672 0.000594542 
544 0.00169284 -0.00126898 0.00126899 0.000486097 -0.000706781 0.000706791 0.000119713 -0.0011582 0.00115821 9.4886e-05 -0.00362316 0.00362317 0.000313981 -0.00253164 0.00253163 0.000696377 -0.000878005 0.000878002 0.00130217 -0.000928172 0.00092816 0.000364929 -0.00279402 0.00279402 0.000390671 -0.00254555 0.00254555 -0.00268542 0.000739295 -0.000130055 0.000141038 -0.00351128 0.00062465 -0.00066869 0.00195162 -0.00179696 0.000979893 -0.00571888 -4.27162e-05 -0.0055809 8.20383e-05 
560 0.00230173 -0.00172439 0.00172438 0.00051567 -0.00304002 0.00304003 0.0004876 -0.00200591 0.00200591 3.71145e-05 -0.000292171 0.00029218 0.000282034 -0.00385455 0.00385454 0.000691412 -0.00108852 0.00108852 0.00169468 -0.00179369 0.0017937 0.000587316 -0.00166138 0.00166138 0.000607054 -0.0013859 0.0013859 -0.00349447 -0.000374627 0.000860332 -0.00190024 -0.00548088 -0.000823 -0.00160107 0.00147163 -0.0028709 -0.000204148 -0.00547606 -0.00106565 -0.00541894 -0.000768024 
576 0.00235562 -0.00113878 0.00113879 0.000357483 -0.00189735 0.00189736 0.000441583 -0.00150034 0.00150035 0.000157907 -0.00164882 0.00164883 0.000186078 -0.00247307 0.00247306 0.000922937 -0.000240482 0.000240472 0.00172199 -0.00100405 0.00100404 0.000629535 -0.00209301 0.00209301 0.000633621 -0.00176414 0.00176414 -0.00338734 0.000344814 0.000316732 0.00022479 -0.00511506 -0.00042106 -0.00174742 0.00123789 -0.00290272 0.00025804 -0.00479863 9.98688e-05 -0.0047598 0.000567843 
592 0.00183795 -0.00139192 0.00139191 0.000508401 -0.00252678 0.00252678 0.000454286 -0.00180142 0.00180141 3.40265e-05 -0.000294927 0.000294936 0.000301913 -0.00113302 0.00113302 0.000583375 -0.000334105 0.000334092 0.00154608 -0.00127661 0.00127662 0.000245998 -0.00228615 0.00228615 0.000291878 -0.00205583 0.00205583 -0.00309052 0.00107369 -3.8484e-05 0.00107201 -0.00346332 0.000829287 -0.002536 0.00141982 -0.00253192 0.00108256 -0.00480942 0.000599705 -0.00481731 0.000960002 
608 0.00206602 -0.00207393 0.00207394 0.000541705 -0.00228128 0.00228128 0.000180451 -0.00136265 0.00136264 6.61999e-05 -0.00108984 0.00108984 0.000402274 -0.00395981 0.0039598 0.000797314 -0.00253334 0.00253333 0.00151944 -0.00194988 0.00194989 0.000488452 -0.00303663 0.00303662 0.000546572 -0.0026714 0.0026714 -0.00409997 0.000608486 -4.14168e-06 0.000294457 -0.00543299 1.57554e-05 -0.00248105 0.00186853 -0.00338229 0.000769555 -0.00620667 -0.00015857 -0.00602095 -1.67967e-05 
624 0.00184452 -0.00204648 0.00204648 0.000445818 -0.00164646 0.00164647 0.000603439 -0.00272417 0.00272418 4.48746e-06 -0.00255628 0.0025563 0.000228335 -0.00355661 0.00355659 0.000341774 -0.00191044 0.00191044 0.00139099 -0.00215848 0.00215848 0.000416552 -0.00227606 0.00227605 0.000453498 -0.00174395 0.00174394 -0.00456745 0.000800861 0.00147569 0.00123819 -0.00672806 3.68479e-05 -0.00261068 0.00185129 -0.0037933 0.000912923 -0.00687005 -0.000119382 -0.00664605 0.000203231 
640 0.00156418 -0.00109444 0.00109444 0.000592187 -0.00333598 0.00333599 5.61007e-05 -0.000832787 0.000832788 -7.32394e-05 -0.00416523 0.00416523 0.000283233 -0.00284226 0.00284226 0.000581556 -0.000576441 0.000576438 0.00122982 -0.00106759 0.00106759 0.000291534 -0.00138255 0.00138254 0.000334358 -0.00113522 0.00113521 -0.00456154 0.00052087 0.000183581 0.00113524 -0.00580358 -0.000292933 -0.00323649 0.000756998 -0.00385312 0.000318027 -0.00695651 0.000612745 -0.00667505 0.000986745 
656 0.00261532 -0.00137881 0.00137882 0.000613806 -0.00033728 0.000337289 0.000733044 -0.00136736 0.00136736 0.000127103 -0.0033994 0.0033994 0.000425656 -0.00150212 0.00150211 0.000850015 -0.000427863 0.00042785 0.00219685 -0.000768421 0.00076842 0.000422939 -0.00362858 0.00362858 0.000418472 -0.00331537 0.00331536 -0.00487368 0.000416633 -0.000350706 -2.52592e-05 -0.00636788 -0.000440508 -0.00245146 0.00190812 -0.00383107 0.00046444 -0.00854753 -7.63683e-05 -0.00804268 0.000141175 
672 0.00237511 -0.00137627 0.00137627 0.000841953 -0.00137709 0.00137709 0.000577184 -0.000754103 0.0007541 1.84994e-06 -0.00397978 0.00397979 0.000348837 -0.00257274 0.00257273 0.00057594 -0.000455088 0.000455076 0.00199508 -0.000597738 0.000597755 0.000350901 -0.00391097 0.00391097 0.000380033 -0.00386819 0.00386818 -0.00533019 0.000564723 0.000795919 0.000264833 -0.0075043 0.000311774 -0.0026212 0.00135611 -0.00417646 0.000644117 -0.00887143 -0.000464688 -0.00861327 -3.55971e-05 
688 0.00206773 -0.00111412 0.00111413 0.000424445 -0.000449768 0.000449773 0.000746283 -0.000598394 0.00059839 0.000251262 -0.0058605 0.00586051 0.000352612 -0.00164907 0.00164906 0.000788138 -0.000664359 0.000664347 0.00195884 -0.00047871 0.000478715 0.000118738 -0.0031709 0.0031709 0.000108896 -0.00323608 0.00323607 -0.00622652 0.000683853 -0.000305645 0.00087968 -0.00790799 0.000498724 -0.00430565 0.0014003 -0.0052415 0.000860031 -0.00939214 -0.000785898 -0.00927531 -0.000317875 
704 0.00231061 -0.00123342 0.0012334 0.000752866 -0.00198922 0.00198922 0.000442032 0.000585032 -0.000585036 4.61468e-05 -0.0029964 0.0029964 0.000351218 -0.000607442 0.000607423 0.000823955 -0.00122733 0.00122732 0.00201885 -0.000533652 0.00053367 0.000300545 -0.00354284 0.00354283 0.000291782 -0.00351636 0.00351636 -0.00722926 0.000604736 -0.000781027 0.000336655 -0.0089946 0.00042506 -0.00516448 0.00166803 -0.0061338 0.000786096 -0.0112252 -0.000513137 -0.0110622 -0.000312969 
720 0.0020892 -0.000984672 0.000984672 0.000570699 -0.00170238 0.00170239 0.000564387 6.19708e-06 -6.1975e-06 0.000130403 -0.00455775 0.00455776 0.000435021 -0.00156405 0.00156404 0.000618096 -0.000626227 0.000626228 0.00175317 -0.000490091 0.000490104 0.000292726 -0.00287329 0.00287328 0.000336021 -0.00295479 0.00295478 -0.00752214 5.58933e-05 -0.00101418 -0.00019231 -0.0100871 0.000245681 -0.00403944 0.000723416 -0.00622651 0.000256419 -0.0119585 -0.000924546 -0.011959 -0.00102823 
736 0.00203497 -0.000862803 0.000862791 0.000506208 -0.0019981 0.00199811 0.00037314 0.000214346 -0.000214336 7.32253e-05 -0.0062772 0.00627719 0.00053215 -0.000627135 0.000627128 0.000626741 -4.07954e-05 4.07887e-05 0.00150609 -0.000161465 0.000161469 0.000509122 -0.00362652 0.0036265 0.000528897 -0.00332568 0.00332567 -0.00843483 0.00103848 -0.00214838 0.000825395 -0.0105722 0.000882521 -0.00497262 0.00149913 -0.00695756 0.00110118 -0.0131207 0.000291443 -0.0133461 0.000382012 
752 0.00264274 -0.00104407 0.00104408 0.000680928 -0.00148119 0.0014812 0.000705844 0.000120941 -0.000120931 -8.69396e-05 -0.00284129 0.0028413 0.000535017 4.52663e-05 -4.527e-05 0.000939631 -0.00153937 0.00153936 0.00232639 -0.00073441 0.000734415 0.000327998 -0.00196803 0.00196803 0.00031636 -0.00168094 0.00168094 -0.00942092 0.00118964 -0.00205503 0.000231588 -0.0116742 0.00102439 -0.00621035 0.00203001 -0.00789713 0.00122606 -0.0141386 0.000407393 -0.0143343 0.000878073 
768 0.00224882 -0.000678087 0.000678095 0.000499185 -0.00116773 0.00116773 0.000776171 0.000376997 -0.000376993 0.000107911 -0.00405893 0.00405893 0.000505677 -0.00041266 0.000412647 0.000365482 -0.00143393 0.00143392 0.00164082 -0.00042528 0.000425286 0.000588061 -0.00177718 0.00177718 0.000607995 -0.00150384 0.00150383 -0.00980794 0.00101973 -0.00281283 0.000543747 -0.0125408 0.000771894 -0.00557082 0.00174129 -0.00820401 0.00102776 -0.0151377 0.000514355 -0.0152313 0.00104137 
784 0.00236898 -0.000716222 0.000716215 0.000555064 7.59917e-06 -7.59333e-06 0.000759989 0.000152697 -0.000152703 0.000115499 -0.00482732 0.00482733 0.000434908 -0.00103777 0.00103776 0.000570251 -0.00109904 0.00109903 0.00188529 -0.000397 0.000396995 0.000494798 -0.00222081 0.00222079 0.000483688 -0.00179647 0.00179646 -0.0108126 0.00100304 -0.00435098 0.000465309 -0.0128696 0.00113255 -0.00615171 0.00169156 -0.00882353 0.0011868 -0.0175074 9.72442e-05 -0.0176879 0.000331146 
800 0.00303741 -0.000463074 0.000463091 0.000657467 -0.000254459 0.000254461 0.000818345 -0.000100675 0.000100675 0.00011957 -0.00550992 0.00550993 0.000529571 -0.00040383 0.000403827 0.00100614 0.00030218 -0.000302179 0.00248193 4.18667e-06 -4.18333e-06 0.00054166 -0.00235425 0.00235424 0.000555493 -0.00202565 0.00202565 -0.0125993 0.0012338 -0.00537857 -5.806e-05 -0.0146222 0.00164186 -0.00759199 0.00173395 -0.0103482 0.00135855 -0.0198566 0.000664663 -0.0199792 0.000751705 
816 0.00264379 -0.00068502 0.000685022 0.000560326 -0.00129007 0.00129006 0.000809309 -0.00068965 0.000689663 0.000173162 -0.00508267 0.00508268 0.000510803 -0.00170483 0.0017048 0.000989891 0.000141 -0.000141003 0.0023595 -0.000405777 0.000405777 0.000304402 -0.00179786 0.00179787 0.000284288 -0.00143686 0.00143686 -0.013891 0.0011837 -0.00579173 2.63679e-05 -0.0169983 0.00181105 -0.00766131 0.00204251 -0.0115312 0.0015294 -0.0216351 -0.000205511 -0.0217536 5.56792e-06 
832 0.00229736 -0.00117734 0.00117732 0.000320779 -0.000242724 0.000242726 0.000388451 -0.00161583 0.00161583 0.000234253 -0.0036883 0.0036883 0.00035225 -0.000922315 0.000922298 0.000900767 -3.30058e-05 3.29996e-05 0.00161001 -0.000801594 0.000801593 0.000631354 -0.00324221 0.0032422 0.000687349 -0.00309138 0.00309137 -0.0150759 0.00139412 -0.00658125 0.00102015 -0.0187747 0.00228107 -0.00757421 0.00180053 -0.0124662 0.00183381 -0.0235026 -0.000636749 -0.023848 -0.000208543 
848 0.00244873 -0.000465966 0.000465969 0.000476861 -0.000922327 0.000922334 0.000524495 -0.00053477 0.000534777 0.000190512 -0.000434702 0.000434712 0.000512916 -0.00130318 0.00130317 0.000825684 0.000189549 -0.000189548 0.00182702 -0.000269129 0.000269121 0.000621189 -0.00171648 0.00171647 0.00062171 -0.00125489 0.00125489 -0.0165954 0.00116597 -0.00695426 -0.000141002 -0.0208396 0.00200792 -0.00845257 0.000985495 -0.0138202 0.00119672 -0.0252659 0.000259478 -0.0257558 0.000857097 
864 0.00249876 -0.00051882 0.000518835 0.000422325 -0.00144806 0.00144808 0.000526316 0.000377005 -0.000377007 0.000223303 -0.00169873 0.00169873 0.000423299 -0.00112257 0.00112255 0.000917701 -0.000407174 0.000407159 0.00186633 -0.000243863 0.000243865 0.000589795 -0.00154992 0.00154992 0.000632434 -0.00134047 0.00134047 -0.0182136 0.00116358 -0.0076454 -0.00022937 -0.0228729 0.00132144 -0.00959519 0.00221761 -0.0152689 0.0013137 -0.0273459 -0.000179402 -0.0278366 0.000341655 
880 0.00240152 -0.00111603 0.00111604 0.000457208 -0.00107452 0.00107452 0.000577683 -0.00113863 0.00113863 7.89221e-05 -0.00208324 0.00208324 0.00046933 -0.000367299 0.000367296 0.000732181 -0.000506282 0.000506272 0.00176708 -0.000818934 0.00081894 0.000571923 -0.00236485 0.00236485 0.000634445 -0.00213136 0.00213136 -0.0198632 0.00109299 -0.00742059 -0.000937589 -0.0252606 0.00193435 -0.0105615 0.00252862 -0.0165879 0.00159498 -0.030242 -0.000882328 -0.0308723 -0.000765008 
896 0.00238286 -0.000873315 0.000873318 0.000555044 -0.00100515 0.00100517 0.000550386 -0.00129978 0.00129978 0.000152863 -0.00525839 0.0052584 0.000624197 -0.00020502 0.000205006 0.000882286 0.000369151 -0.000369156 0.0019877 -0.000529918 0.000529928 0.000354476 -0.0017597 0.0017597 0.000395154 -0.00160785 0.00160785 -0.021927 0.00143988 -0.00890727 -0.000278328 -0.0275822 0.00211123 -0.0116324 0.00224107 -0.0183321 0.00171163 -0.0335246 8.27367e-05 -0.034191 0.000285435 
912 0.00236344 -0.001123 0.001123 0.000410772 -0.00214014 0.00214014 0.00061796 -0.00143131 0.00143131 0.000123136 -0.00379358 0.00379358 0.000605238 -0.000436246 0.000436232 0.000967579 0.00026037 -0.00026037 0.0019963 -0.000849367 0.000849369 0.000308014 -0.00175851 0.00175849 0.000367121 -0.00140407 0.00140406 -0.0236743 0.00164741 -0.0118171 9.94146e-05 -0.0295814 0.00255337 -0.0121316 0.00186923 -0.0200109 0.00184224 -0.0351843 0.000426727 -0.0358022 0.000701265 
928 0.00225799 -0.00120919 0.0012092 0.000575132 -0.00320806 0.00320808 0.000548528 -0.000758459 0.000758459 0.000250222 -0.00676755 0.00676756 0.000498531 -0.00168696 0.00168695 0.000726428 -0.000103951 0.000103937 0.00185007 -0.000879174 0.000879174 0.000294552 -0.00234182 0.00234182 0.000407927 -0.00201215 0.00201215 -0.0254092 0.00156109 -0.0114619 -0.000685847 -0.0317466 0.00269068 -0.0124498 0.00237592 -0.0210281 0.00195404 -0.0391252 -9.46087e-05 -0.0398574 2.40854e-05 
944 0.00272385 -0.000751403 0.000751404 0.000627623 -0.000485559 0.000485561 0.000967207 -0.000940864 0.000940869 0.000207481 -0.00242328 0.00242329 0.000613435 0.00133712 -0.00133713 0.000754833 -0.000191461 0.000191455 0.00234965 -0.000497737 0.000497739 0.000305792 -0.00207257 0.00207256 0.000374202 -0.00160703 0.00160702 -0.0279415 0.00119935 -0.0124189 -8.46817e-05 -0.0349734 0.00163645 -0.0137552 0.00273373 -0.0231143 0.00164717 -0.0433753 -0.000922292 -0.0442476 -0.000601139 
960 0.0025668 -0.000658842 0.000658842 0.000442412 0.000239953 -0.000239948 0.000604253 -0.00074212 0.000742122 0.000290364 -0.00518012 0.00518012 0.000757312 0.00111159 -0.0011116 0.000581554 7.4875e-06 -7.48042e-06 0.00162821 -0.000192393 0.000192395 0.000823427 -0.00268421 0.00268419 0.00093858 -0.00232303 0.00232302 -0.0309225 0.00172831 -0.0139057 0.00119442 -0.0389004 0.00184448 -0.0157422 0.00287242 -0.0259502 0.0020637 -0.0467343 -0.000257524 -0.0478138 0.000181129 
976 0.00265678 -0.000969581 0.000969576 0.000832332 -0.00178081 0.00178081 0.000639972 -0.000442575 0.000442568 0.000159241 -0.00126887 0.00126887 0.000639578 -0.000320711 0.000320707 0.000651759 -0.00152343 0.00152343 0.00212405 -0.00100919 0.00100919 0.000445516 -0.00132689 0.00132689 0.000532727 -0.00102973 0.00102973 -0.0328596 0.00190907 -0.0144931 -0.00036605 -0.0414028 0.00255193 -0.0163844 0.00335668 -0.0274309 0.00229011 -0.0499118 0.00029656 -0.051097 0.000436252 
992 0.00263587 -0.000538176 0.000538157 0.000718853 0.000128445 -0.000128435 0.000770964 -0.00101717 0.00101717 0.000370977 -0.00460809 0.0046081 0.000530622 -0.000311927 0.000311917 0.000382729 0.000550622 -0.000550627 0.00187253 -0.000232104 0.000232098 0.000705148 -0.00179157 0.00179157 0.000763335 -0.00156345 0.00156343 -0.0343238 0.00162282 -0.0166114 -0.000573781 -0.042666 0.00292929 -0.017224 0.00230234 -0.0286252 0.00199663 -0.0523339 0.000394205 -0.053309 0.000168848 
1008 0.00307313 -0.000171099 0.000171118 0.000382134 0.00196394 -0.00196393 0.00104793 -0.000663831 0.000663821 0.000253253 -0.00278704 0.00278704 0.000462289 0.00138075 -0.00138075 0.000833999 0.000633416 -0.000633429 0.00226404 0.000397282 -0.000397278 0.000733564 -0.00199406 0.00199406 0.00080911 -0.00174701 0.00174702 -0.0369777 0.00179699 -0.0182451 0.00102408 -0.0456692 0.0027729 -0.0184699 0.00276025 -0.0307587 0.00238308 -0.0568887 -0.000367802 -0.0577591 -0.000470039 
1024 0.00306667 -0.000243357 0.00024335 0.000850023 -0.00118257 0.00118257 0.000762443 0.00101991 -0.0010199 0.000299631 -0.00410491 0.00410491 0.000443323 -0.00218211 0.00218209 0.000639317 -0.000549325 0.000549319 0.00225176 0.000138759 -0.000138745 0.000751976 -0.00181095 0.00181095 0.000814902 -0.00150188 0.00150188 -0.0385708 0.00199233 -0.0184323 0.000337593 -0.0474439 0.00279967 -0.0187868 0.003181 -0.0317003 0.00248169 -0.0607607 -3.30125e-05 -0.0617465 9.21633e-05 
1040 0.00289382 -9.30429e-05 9.30437e-05 0.000505437 -0.000182731 0.000182739 0.00134286 0.0011422 -0.0011422 0.000174831 -0.00466188 0.00466188 0.000420176 -0.00184477 0.00184477 0.000531853 -0.000561294 0.0005613 0.00238013 0.000365154 -0.000365163 0.000431248 -0.00124223 0.00124222 0.000513692 -0.0011721 0.0011721 -0.0400474 0.001977 -0.0188713 9.01283e-05 -0.0491124 0.00209532 -0.0189888 0.00363276 -0.0325872 0.00224717 -0.0643511 0.000716002 -0.0653492 0.000836405 
1056 0.00319192 0.000333496 -0.000333502 0.00041957 -0.00114168 0.00114168 0.00104863 0.00181735 -0.00181735 0.000420667 -0.00678758 0.00678758 0.000418267 0.000243163 -0.000243169 0.00106076 0.00137345 -0.00137346 0.00252896 0.00121482 -0.00121483 0.000602531 -0.00251898 0.00251897 0.000662974 -0.00239144 0.00239145 -0.0426117 0.00146608 -0.0199005 0.000901277 -0.0530573 0.00185103 -0.0200874 0.00238759 -0.0350566 0.00181985 -0.0668576 -2.31492e-05 -0.0681786 0.000116805 
1072 0.00319541 0.000454868 -0.00045486 0.00053394 0.000155952 -0.000155947 0.00127134 0.00105924 -0.00105924 0.000200249 -0.00282486 0.00282486 0.000483665 0.00179382 -0.00179382 0.000804855 0.00154498 -0.00154499 0.00261013 0.00123503 -0.00123504 0.000512201 -0.00192595 0.00192594 0.000585274 -0.00175177 0.00175176 -0.0443196 0.00182835 -0.0208905 0.00104355 -0.0554361 0.00238295 -0.0206109 0.00223971 -0.0365143 0.00208983 -0.0692349 0.000911916 -0.070848 0.000906905 
1088 0.00332561 0.00043964 -0.000439631 0.000612572 0.000984662 -0.000984657 0.00113466 0.00185026 -0.00185025 0.000317743 -0.00538106 0.00538107 0.000683265 0.00151809 -0.00151809 0.000904601 0.000403657 -0.000403667 0.0026518 0.00112989 -0.00112988 0.000584345 -0.00166266 0.00166266 0.000673801 -0.00138967 0.00138966 -0.0451134 0.00211036 -0.02159 0.0018722 -0.0561395 0.00264913 -0.0198646 0.00282264 -0.0366456 0.00255947 -0.0725064 0.000208943 -0.073953 0.000314332 
1104 0.00340092 0.000125006 -0.000124994 0.000688036 -1.42779e-05 1.42804e-05 0.00126496 0.000566925 -0.000566914 0.000146836 -0.00245636 0.00245637 0.000830737 0.000723293 -0.000723297 0.00094054 0.000269457 -0.000269485 0.00289352 0.000349628 -0.00034962 0.000384136 -0.000682138 0.000682128 0.000507398 -0.000592918 0.000592919 -0.0457041 0.00190757 -0.0214326 0.000374405 -0.0569201 0.00321028 -0.0198035 0.00243882 -0.0369876 0.00239044 -0.073931 -0.00025133 -0.0752781 -5.32903e-05 
1120 0.00294629 0.00023314 -0.000233134 0.000283918 0.000511332 -0.000511329 0.00124606 0.00157695 -0.00157696 0.000234055 -0.00348868 0.00348868 0.000698768 0.00150213 -0.00150214 0.000731523 -0.000204595 0.000204597 0.0022615 0.000762119 -0.000762112 0.00059499 -0.00170734 0.00170734 0.000684797 -0.00145003 0.00145003 -0.0466663 0.0021332 -0.0208441 0.000474501 -0.0577675 0.00273982 -0.0205847 0.0029889 -0.0375814 0.00243633 -0.0757866 0.000384641 -0.0773752 0.0006901 
1136 0.0031382 0.000358157 -0.000358153 0.000314077 1.81079e-05 -1.81042e-05 0.00102852 0.00191531 -0.00191531 0.000279074 -0.00301268 0.00301269 0.000699765 -0.000273801 0.00027379 0.000988328 -0.000129234 0.000129221 0.00233091 0.000840925 -0.00084092 0.000688977 -0.000956792 0.000956802 0.000807294 -0.000845687 0.000845696 -0.0473047 0.00214411 -0.0216831 0.00201956 -0.0584394 0.00254911 -0.0201281 0.00220645 -0.0379008 0.00229765 -0.0775576 0.00110444 -0.0793158 0.00134109 
1152 0.00329053 2.96183e-05 -2.96329e-05 0.000706232 -0.000499229 0.000499235 0.00114373 0.000265204 -0.00026521 0.000196042 0.000840249 -0.000840236 0.000689591 -0.000160514 0.000160497 0.000812197 -0.000160071 0.000160061 0.00266215 1.80217e-05 -1.80217e-05 0.000515215 0.000315222 -0.000315223 0.000628376 0.000432645 -0.000432646 -0.0466677 0.00235284 -0.0205649 0.00049412 -0.0580425 0.00281892 -0.0188038 0.00235902 -0.037002 0.00226697 -0.0780108 0.0021491 -0.0799325 0.00242428 
1168 0.00338976 0.000250511 -0.000250501 0.000425488 0.000417626 -0.000417618 0.00106828 0.00038432 -0.000384308 0.000407261 -0.00172847 0.00172847 0.000662821 -0.00141107 0.00141106 0.000884045 0.000195527 -0.000195544 0.0023778 0.000388832 -0.000388821 0.000874617 -5.33338e-05 5.33254e-05 0.00101196 5.12496e-05 -5.12488e-05 -0.0456295 0.00178799 -0.0201867 -0.00043322 -0.0562294 0.0028505 -0.0180207 0.00211353 -0.0357536 0.00198629 -0.0776821 0.000665489 -0.0795836 0.000810873 
1184 0.00350867 0.000603335 -0.000603341 0.000478888 0.00168188 -0.00168186 0.000937586 0.000836706 -0.000836704 0.000213239 -0.000778157 0.000778152 0.00042302 -0.00235935 0.00235935 0.00104291 -0.000822969 0.000822965 0.00245936 0.000455941 -0.000455938 0.00093338 0.00126483 -0.00126483 0.0010493 0.00147181 -0.0014718 -0.0449507 0.00189849 -0.0186989 0.00098432 -0.0555591 0.00261293 -0.016857 0.00216593 -0.0348333 0.00217327 -0.0778444 0.000750608 -0.0797277 0.00083726 
1200 0.00355287 0.000389303 -0.000389296 0.000702656 0.000589295 -0.000589309 0.00122176 0.000440425 -0.000440424 0.000151039 -0.00292879 0.00292879 0.000820027 -0.00269135 0.00269134 0.000637974 -0.000808489 0.000808487 0.00256238 3.86154e-05 -3.86167e-05 0.000859747 0.00144134 -0.00144134 0.000990488 0.00188637 -0.00188637 -0.0433436 0.00206337 -0.017683 0.000227126 -0.0546182 0.00264689 -0.0143916 0.00252007 -0.0333218 0.00222673 -0.07581 0.00105504 -0.0780052 0.00124502 
1216 0.0034917 0.00051019 -0.000510194 0.000541311 0.00146689 -0.00146688 0.000916146 0.000581217 -0.000581217 0.000108044 -0.00512762 0.00512762 0.000686026 -0.00224606 0.00224605 0.00104517 -0.000232111 0.000232113 0.00250261 0.000467467 -0.000467468 0.000797888 0.000336505 -0.000336507 0.000989088 0.000850023 -0.000850019 -0.0406473 0.00168096 -0.0162836 -0.000525177 -0.0515655 0.00168707 -0.0126028 0.00272194 -0.0310035 0.00169101 -0.0718181 0.00101844 -0.0740002 0.0012477 
1232 0.00318352 0.000177028 -0.000177028 0.000492103 0.000499077 -0.000499066 0.000760578 0.000306934 -0.000306929 0.000197783 -0.00342546 0.00342548 0.000500741 -0.00183932 0.00183931 0.00104966 0.000260562 -0.000260567 0.00230233 0.000313231 -0.000313222 0.000692925 -0.00073604 0.000736036 0.000881196 -0.000290247 0.00029024 -0.0371152 0.00197586 -0.0138304 0.000399158 -0.0464262 0.00202027 -0.00944982 0.00357591 -0.0271803 0.00232459 -0.0691066 0.000154846 -0.0711039 0.000392265 
1248 0.00345465 0.000622671 -0.000622664 0.000515672 0.00197229 -0.00197228 0.000721249 0.000736377 -0.000736383 0.000214976 -0.00186108 0.00186109 0.000830872 -0.00035636 0.000356356 0.00129823 0.000191462 -0.000191475 0.00253514 0.000908683 -0.000908678 0.000723787 -0.000510999 0.000510989 0.000919505 -0.000245871 0.000245862 -0.034312 0.00129586 -0.0126159 -0.00140553 -0.0418213 0.00220867 -0.00843385 0.00248783 -0.0244627 0.00168645 -0.0658665 -0.000351455 -0.067833 -0.000169478 
1264 0.00349438 0.000315628 -0.000315633 0.000657776 0.000840785 -0.000840772 0.000838645 4.1625e-07 -4.1e-07 0.000261289 -0.00182672 0.00182672 0.000617408 -0.000557754 0.000557741 0.00109822 0.00106786 -0.00106786 0.00259463 0.000584618 -0.000584624 0.000689385 -0.000456706 0.0004567 0.000899757 -0.0001208 0.000120801 -0.0304847 0.000712563 -0.0106148 -0.00126414 -0.0375027 0.00104697 -0.00670868 0.00235875 -0.0214414 0.00113372 -0.0593572 -0.000923438 -0.061088 -0.00095065 
1280 0.00385624 0.00047489 -0.000474886 0.000875494 -0.00112779 0.00112779 0.000968747 0.000662616 -0.00066261 0.000377063 -0.00265917 0.00265918 0.000722369 -0.00131476 0.00131475 0.00101338 0.00120184 -0.00120184 0.00285762 0.000605538 -0.00060553 0.000805178 -0.000297845 0.000297849 0.000998635 0.000124332 -0.00012433 -0.0260429 0.00154404 -0.00794969 -0.000860612 -0.0324038 0.00161271 -0.00325859 0.0032092 -0.0174364 0.00179728 -0.0537426 0.000230835 -0.055211 0.000250165 
1296 0.00418453 0.00103033 -0.00103033 0.00073842 0.00117513 -0.00117512 0.000952827 0.0016861 -0.0016861 0.000231962 0.00141122 -0.00141122 0.000766893 0.000511814 -0.00051183 0.00155959 9.39083e-06 -9.38708e-06 0.00325081 0.00104082 -0.00104082 0.000726359 0.000663351 -0.000663358 0.000933722 0.00114197 -0.00114198 -0.02048 0.00172793 -0.00439703 -0.00109989 -0.0248559 0.00213891 -0.000535651 0.00380856 -0.0123356 0.00215029 -0.0465139 -0.000217375 -0.0481199 -0.000224592 
1312 0.00429953 0.00148642 -0.00148642 0.000766931 0.000782535 -0.000782525 0.00120075 0.00170504 -0.00170503 0.000366669 -0.0016482 0.00164821 0.000789285 0.00185136 -0.00185137 0.00148534 0.00248441 -0.00248442 0.003453 0.00184081 -0.00184079 0.000598945 -0.000363448 0.000363437 0.000846521 0.000221978 -0.000221985 -0.0149221 0.000881423 -0.00171342 -0.00165249 -0.0174391 0.00190729 0.00172618 0.00228476 -0.00758432 0.00143212 -0.0382862 -0.00137743 -0.0397569 -0.00131286 
1328 0.00485331 0.00184814 -0.00184814 0.00087401 0.0014513 -0.00145129 0.00167597 0.00220321 -0.0022032 0.000200387 0.000951087 -0.000951082 0.00102143 0.00178408 -0.0017841 0.00166819 0.0026637 -0.0026637 0.00421816 0.00223038 -0.00223036 0.000422912 -4.96771e-05 4.96775e-05 0.000635153 0.000491973 -0.000491973 -0.00974037 0.000560841 0.000952544 -0.00145935 -0.0106971 0.00154161 0.00474179 0.00201392 -0.00297785 0.00114756 -0.0314107 -0.00190788 -0.0325108 -0.00171882 
1344 0.00495815 0.00151916 -0.00151917 0.000697739 0.000390285 -0.000390281 0.00188076 0.00296108 -0.00296109 0.000325746 -0.00141461 0.00141461 0.000859371 0.00348802 -0.00348802 0.00172029 0.00199454 -0.00199454 0.00429878 0.00223091 -0.0022309 0.00041657 -0.000822328 0.000822322 0.000659389 -0.00072894 0.000728935 -0.00355818 0.00113167 0.00541726 -0.00164271 -0.00335485 0.00187804 0.00818454 0.00296608 0.00240709 0.00158328 -0.022337 -0.000864785 -0.0234266 -0.000762861 
1360 0.0048904 0.00273001 -0.00272999 0.000939259 0.00295337 -0.00295336 0.00184404 0.00472646 -0.00472646 0.000384218 -0.000621347 0.000621353 0.000870704 0.00287428 -0.0028743 0.00133134 0.00239199 -0.002392 0.00411464 0.0035395 -0.0035395 0.000519487 0.000257856 -0.000257853 0.000775772 -5.20742e-05 5.20813e-05 0.00274295 0.000704136 0.00843457 -0.000880859 0.00465931 0.00122123 0.0107953 0.0021196 0.00752391 0.00116867 -0.012129 -0.00108451 -0.0130599 -0.0011389 
1376 0.00599889 0.00306513 -0.00306512 0.000897876 0.00414178 -0.00414178 0.00232395 0.00463415 -0.00463415 0.000204494 0.000364019 -0.000364016 0.000918156 0.0020725 -0.0020725 0.00177269 0.00314569 -0.00314569 0.0049945 0.0040929 -0.00409289 0.000692877 0.000571899 -0.0005719 0.00100439 -0.000561298 0.000561299 0.00862087 0.000209082 0.0117524 -0.00163655 0.0114691 0.00110251 0.0129062 0.00151373 0.0120229 0.000730083 -0.00225001 -0.0017977 -0.00223022 -0.001866 
1392 0.00666944 0.00405228 -0.00405227 0.00120365 0.00391636 -0.00391636 0.00215759 0.00535053 -0.00535054 0.000344853 -0.00355641 0.00355641 0.00111475 0.00255203 -0.00255204 0.00228285 0.00543673 -0.00543674 0.00564408 0.00520008 -0.00520006 0.000874229 0.000846903 -0.000846907 0.00102536 2.93388e-05 -2.93346e-05 0.0142864 0.000538662 0.0150292 -0.00310436 0.0174995 0.00229567 0.0154148 0.00149141 0.0163072 0.000975176 0.00749928 -0.00137683 0.0084403 -0.00133104 
1408 0.00722038 0.00493807 -0.00493807 0.0011847 0.00585442 -0.0058544 0.00252459 0.00655042 -0.00655041 0.000331079 0.0018198 -0.0018198 0.00113727 0.003567 -0.00356701 0.00228786 0.00464719 -0.0046472 0.00599713 0.00594452 -0.0059445 0.00107328 0.00189706 -0.00189707 0.00122325 0.00134394 -0.00134395 0.0196008 0.000549351 0.0180332 -0.00170689 0.0237895 0.00219967 0.0173405 0.00105 0.0204113 0.00106507 0.0167094 -0.00159915 0.0180591 -0.00154769 
1424 0.00829479 0.00563081 -0.00563081 0.00135369 0.00527757 -0.00527756 0.00286788 0.00719134 -0.00719133 0.000417057 0.00351673 -0.00351673 0.00118478 0.00354261 -0.00354262 0.0025133 0.00578382 -0.00578382 0.00673484 0.00651487 -0.00651487 0.00115669 0.003413 -0.003413 0.00155996 0.00241432 -0.00241432 0.023992 -0.000245542 0.0203228 -0.00245788 0.0303708 0.00107987 0.017567 1.84117e-05 0.023839 5.07712e-05 0.0243549 -0.00161053 0.0257477 -0.00156799 
1440 0.0083278 0.00672527 -0.00672527 0.00138556 0.00702728 -0.00702728 0.00312451 0.00808604 -0.00808605 0.000451851 0.0032008 -0.00320079 0.00104971 0.00460613 -0.00460614 0.00229528 0.00663369 -0.0066337 0.00680533 0.00746337 -0.00746337 0.00120829 0.00404114 -0.00404115 0.00152247 0.00396796 -0.00396797 0.02788 -0.00032058 0.0226514 -0.00373211 0.0353793 0.00132045 0.0179325 -0.00080202 0.0266723 -0.000383788 0.0316788 -0.000547095 0.0330085 -0.00038102 
1456 0.0095898 0.00672864 -0.00672862 0.00158478 0.00509954 -0.00509953 0.00334304 0.00877596 -0.00877596 0.000587992 0.00199739 -0.00199738 0.00137997 0.00385959 -0.0038596 0.00275219 0.00664057 -0.00664058 0.00768 0.00748246 -0.00748245 0.00157515 0.00381008 -0.00381009 0.00190981 0.00384597 -0.00384597 0.0319958 0.000488895 0.0246038 -0.00260665 0.0401688 0.00208766 0.0197749 -0.000193533 0.0298962 0.000344211 0.0388782 0.000858197 0.040324 0.000806652 
1472 0.00989493 0.00750116 -0.00750116 0.00154356 0.00720937 -0.00720936 0.00367321 0.00891445 -0.00891446 0.000354505 0.00350089 -0.00350088 0.00121175 0.00526242 -0.00526243 0.00277852 0.00622328 -0.00622328 0.00799527 0.00775595 -0.00775595 0.00159848 0.00586608 -0.00586609 0.00189967 0.00623189 -0.0062319 0.0347365 0.000219731 0.0269899 -0.00282337 0.0436273 0.00145523 0.0194329 -8.276e-05 0.0317726 6.89513e-05 0.0443937 0.000304097 0.0462184 0.000427881 
1488 0.0101604 0.00832294 -0.00832294 0.00155233 0.00872604 -0.00872603 0.00376055 0.0106597 -0.0106597 0.000611741 0.00199343 -0.00199343 0.00115521 0.00581229 -0.00581229 0.00280432 0.00638745 -0.00638746 0.00811718 0.00884615 -0.00884614 0.00172228 0.00552455 -0.00552455 0.00204323 0.00615381 -0.00615381 0.0376871 0.000131205 0.0288332 -0.00283916 0.0466579 0.00158058 0.0197977 -0.00114758 0.0336479 -0.000234578 0.050754 0.00072006 0.0528261 0.000847661 
1504 0.0114366 0.00905347 -0.00905346 0.00179753 0.00977534 -0.00977533 0.00439439 0.0107829 -0.0107829 0.000595176 0.00364655 -0.00364654 0.00156764 0.00640685 -0.00640686 0.00289975 0.00790074 -0.00790075 0.00909166 0.00963039 -0.00963037 0.00203133 0.00597989 -0.00597991 0.00234496 0.00680006 -0.00680007 0.0414765 0.00040227 0.0316598 -0.0025234 0.0498692 0.00197518 0.022125 -0.00151476 0.0364657 -0.000161774 0.0579817 0.00186009 0.0599616 0.00186077 
1520 0.0113288 0.00945781 -0.00945781 0.00168096 0.00946125 -0.00946125 0.00449074 0.0101551 -0.0101551 0.000615539 0.00677478 -0.00677479 0.00127347 0.00796882 -0.00796883 0.00291807 0.00815622 -0.00815622 0.00908975 0.00941524 -0.00941524 0.00195238 0.00899791 -0.00899791 0.00223904 0.00957391 -0.00957391 0.0434992 0.000878637 0.032123 -0.00178514 0.0522907 0.00172314 0.0225605 -0.00126202 0.037783 -4.5295e-05 0.0623286 0.00377541 0.0643516 0.00379939 
1536 0.0122072 0.00904346 -0.00904347 0.00165101 0.00678177 -0.00678177 0.00433824 0.011119 -0.011119 0.000827655 0.00636477 -0.00636477 0.00135332 0.00539728 -0.00539728 0.00345804 0.00668564 -0.00668564 0.00944727 0.0088949 -0.0088949 0.00253251 0.00902979 -0.00902979 0.00275996 0.00951594 -0.00951594 0.0447561 0.000567598 0.0326761 -0.003061 0.0550137 0.00165445 0.0209336 -0.00116747 0.0385362 -0.000249062 0.0651372 0.00290972 0.0672018 0.00306512 
1552 0.0115255 0.00928124 -0.00928125 0.00133352 0.00605652 -0.00605652 0.00481095 0.0111254 -0.0111254 0.000556761 0.0100932 -0.0100932 0.00136259 0.00604161 -0.00604162 0.0027882 0.00655133 -0.00655134 0.00893264 0.00869798 -0.00869798 0.00236359 0.0110612 -0.0110612 0.00259283 0.0115307 -0.0115307 0.0459054 0.00034422 0.0337728 -0.00224909 0.0563591 0.00192741 0.0206695 -0.00183565 0.0392561 -0.000242423 0.0682532 0.00160011 0.0699683 0.00186831 
1568 0.012412 0.00955957 -0.00955958 0.00163879 0.00712788 -0.00712787 0.00459621 0.0114457 -0.0114456 0.000672519 0.00589253 -0.00589252 0.00145204 0.00720576 -0.00720577 0.00312243 0.00718817 -0.00718818 0.00935742 0.00926702 -0.00926702 0.00286575 0.0103579 -0.0103579 0.00305454 0.0107858 -0.0107858 0.0462474 0.00101916 0.0321394 -0.00152571 0.057215 0.00249215 0.0202059 -0.00166904 0.0392041 0.000181823 0.0700359 0.00314815 0.0715594 0.00340592 
1584 0.0125382 0.0095644 -0.0095644 0.00168572 0.00991486 -0.00991487 0.00494444 0.00987174 -0.00987173 0.000708669 0.00874909 -0.00874909 0.00147198 0.0071719 -0.00717191 0.00305088 0.00671127 -0.00671128 0.00968102 0.00892096 -0.00892095 0.00265882 0.0112903 -0.0112903 0.00285718 0.0115719 -0.0115719 0.0460093 0.00101373 0.031715 -0.00258104 0.0568989 0.00280044 0.0197882 -0.00153116 0.038814 0.000146263 0.0702956 0.0037057 0.072037 0.00375815 
1600 0.0122331 0.00968775 -0.00968773 0.00159326 0.00883609 -0.00883608 0.00453 0.011595 -0.0115949 0.000647985 0.00813509 -0.00813508 0.00150356 0.00752807 -0.00752808 0.00317627 0.00597642 -0.00597643 0.00929951 0.00915463 -0.00915461 0.00270687 0.0108369 -0.0108369 0.00293362 0.0111605 -0.0111605 0.0444753 0.000975048 0.0339548 -0.0011128 0.0541946 0.00309935 0.0173063 -0.00198905 0.0370133 0.000409454 0.0694618 0.00242713 0.0716273 0.00257877 
1616 0.0126315 0.00870153 -0.0087015 0.00154855 0.00503761 -0.00503759 0.00499374 0.010275 -0.010275 0.000659567 0.00422812 -0.00422812 0.0015496 0.00841781 -0.00841782 0.00296984 0.0062531 -0.00625311 0.00951212 0.00801224 -0.00801224 0.00292534 0.0100947 -0.0100947 0.00311932 0.0105162 -0.0105162 0.0427497 0.00123302 0.0327843 -0.000676696 0.0517384 0.00200651 0.0151222 -0.000729163 0.0349105 0.000448003 0.0688265 0.00340079 0.0711075 0.00359071 
1632 0.0126245 0.00830127 -0.00830127 0.00151813 0.00472496 -0.00472496 0.00465628 0.0101833 -0.0101833 0.000694965 0.00344452 -0.00344452 0.00175961 0.00859359 -0.00859361 0.00333719 0.00565634 -0.00565635 0.00951157 0.00770426 -0.00770426 0.00292099 0.0102168 -0.0102168 0.00311289 0.0104532 -0.0104532 0.0415932 0.00110471 0.0314155 -0.000691234 0.0500046 0.00152619 0.0134132 -0.000552415 0.0333059 0.000292921 0.0690856 0.00330444 0.0711554 0.00337278 
1648 0.0130281 0.00881606 -0.00881606 0.00147192 0.00732414 -0.00732413 0.00497162 0.00926855 -0.00926855 0.000820363 0.00918128 -0.00918127 0.00177331 0.00872792 -0.00872792 0.00354441 0.00730841 -0.00730843 0.00998794 0.00831391 -0.00831391 0.00284732 0.00989579 -0.0098958 0.00304013 0.0101044 -0.0101044 0.0388627 0.00160409 0.0307106 -0.00119967 0.0458828 0.00281455 0.011412 -0.000583472 0.0305254 0.0008345 0.0670351 0.00393671 0.0689366 0.00390352 
1664 0.0128378 0.00878055 -0.00878054 0.00184977 0.00535134 -0.00535134 0.0046597 0.0100794 -0.0100794 0.000820351 0.00603904 -0.00603903 0.00171191 0.00936515 -0.00936516 0.00331497 0.00828903 -0.00828904 0.00982442 0.00869516 -0.00869515 0.00279422 0.00851806 -0.00851807 0.00301339 0.00876032 -0.00876032 0.0351064 0.0017678 0.0271724 -0.00135964 0.0408978 0.00231138 0.00979496 0.000310732 0.0270287 0.000930077 0.0625296 0.00454869 0.0643493 0.00431472 
1680 0.0133259 0.00857747 -0.00857749 0.00160947 0.00757741 -0.0075774 0.00510397 0.0103468 -0.0103468 0.00082246 0.00556159 -0.00556159 0.00173824 0.00879334 -0.00879334 0.00374435 0.00669311 -0.00669311 0.0104578 0.00864748 -0.00864749 0.00268124 0.00822553 -0.00822554 0.00286809 0.00859375 -0.00859376 0.032766 0.00185121 0.0258778 -0.000771035 0.0379569 0.00204311 0.00840584 0.000367611 0.0249788 0.00092294 0.0587739 0.00489032 0.0606422 0.00467872 
1696 0.013001 0.00845092 -0.00845093 0.00174112 0.00527796 -0.00527795 0.00517341 0.00968143 -0.00968142 0.000798727 0.00390099 -0.003901 0.00166478 0.00817502 -0.00817502 0.00334051 0.0077038 -0.0077038 0.010255 0.00829586 -0.00829585 0.00260742 0.00908483 -0.00908484 0.00274596 0.00931692 -0.00931692 0.0298214 0.00191194 0.024746 -0.000115542 0.034616 0.00240916 0.00669317 0.00141683 0.0226269 0.00152593 0.0536252 0.00323902 0.0554889 0.00311781 
1712 0.0133622 0.00794871 -0.00794872 0.0017151 0.00506289 -0.0050629 0.00495907 0.0098424 -0.0098424 0.000906099 0.00386778 -0.00386777 0.00170685 0.00704475 -0.00704477 0.00366784 0.00668281 -0.00668283 0.010342 0.0078768 -0.0078768 0.00284903 0.00817299 -0.008173 0.0030202 0.00818668 -0.00818669 0.0260838 0.00140049 0.0220239 9.36742e-05 0.0298472 0.00174221 0.00572886 0.00123157 0.0195895 0.00125263 0.0478322 0.00164422 0.0495926 0.00158001 
1728 0.0135359 0.00837853 -0.00837855 0.00182567 0.00526818 -0.00526818 0.00499617 0.0101068 -0.0101068 0.000763187 0.00796167 -0.00796166 0.00173192 0.0064346 -0.00643461 0.00352103 0.00747377 -0.00747377 0.0103429 0.00838136 -0.00838136 0.00307746 0.00835716 -0.00835717 0.00319308 0.00856775 -0.00856775 0.023776 0.00103296 0.0221791 -0.000489781 0.0262917 0.000837396 0.0050788 0.0014364 0.0177802 0.000826522 0.0441356 0.00155525 0.0455754 0.00146797 
1744 0.0144275 0.00908634 -0.00908633 0.00190784 0.00690142 -0.0069014 0.0053406 0.0104314 -0.0104314 0.000767087 0.00506037 -0.00506036 0.00173081 0.00847961 -0.00847961 0.00398543 0.00773172 -0.00773172 0.0112339 0.00894532 -0.00894531 0.00303964 0.00961552 -0.00961553 0.0031937 0.00981336 -0.00981336 0.0215478 0.00151032 0.0205107 -0.000519608 0.0231343 0.00145196 0.00436031 0.00204566 0.0157917 0.0012282 0.0412433 0.00219759 0.0423321 0.00223306 
1760 0.0138658 0.00922014 -0.00922014 0.00214923 0.00693419 -0.00693418 0.00524534 0.0109735 -0.0109735 0.000785928 0.00324719 -0.00324719 0.00184637 0.00750462 -0.00750464 0.00360919 0.00803852 -0.00803853 0.0110038 0.00935821 -0.00935821 0.00272759 0.00898419 -0.00898419 0.0028621 0.00908332 -0.00908332 0.0190817 0.00175702 0.0193712 0.00017304 0.0187029 0.00176982 0.00462537 0.0022979 0.0136283 0.00157932 0.0376129 0.00195672 0.0388662 0.00216822 
1776 0.0142802 0.00853471 -0.00853471 0.00215997 0.00676925 -0.00676925 0.00530734 0.0104003 -0.0104003 0.000748431 0.00522257 -0.00522256 0.0018163 0.00693315 -0.00693315 0.00399097 0.00692601 -0.00692602 0.0114583 0.00864811 -0.0086481 0.00271611 0.00830902 -0.00830902 0.0028219 0.00816941 -0.00816941 0.0164259 0.00147242 0.0196289 2.33158e-05 0.0152964 0.00106633 0.0033771 0.00228855 0.0116814 0.00128702 0.032426 0.00191811 0.0336581 0.00193689 
1792 0.0143838 0.00886018 -0.00886019 0.00221613 0.00647269 -0.00647269 0.00523816 0.0110875 -0.0110875 0.000776792 0.0050345 -0.0050345 0.00183932 0.0073432 -0.0073432 0.00383539 0.00725269 -0.00725269 0.0112897 0.00895645 -0.00895645 0.00300211 0.00861482 -0.00861484 0.00309411 0.00856455 -0.00856456 0.0144755 0.00118773 0.0184961 -3.54217e-06 0.0135468 0.000441098 0.00237792 0.00259005 0.0103546 0.00107325 0.0283221 0.00150357 0.0295124 0.0013869 
1808 0.0148916 0.00891405 -0.00891405 0.00245559 0.00819102 -0.00819101 0.00538954 0.0102882 -0.0102882 0.000822947 0.00463502 -0.00463502 0.00194876 0.00449484 -0.00449485 0.00399553 0.00767695 -0.00767695 0.0118407 0.0090934 -0.0090934 0.00293711 0.00828914 -0.00828914 0.00305096 0.008262 -0.00826201 0.0138113 0.000865031 0.0188491 -0.00137483 0.0123188 -0.000276954 0.00398332 0.00297742 0.010369 0.000669547 0.0253287 0.00128696 0.0264904 0.00118798 
1824 0.0148447 0.00899587 -0.00899588 0.00224562 0.00791306 -0.00791304 0.00524252 0.0101758 -0.0101758 0.000900954 0.00567527 -0.00567527 0.00184247 0.0077339 -0.0077339 0.00422249 0.00811638 -0.00811638 0.0117106 0.0091865 -0.00918651 0.00299001 0.00825067 -0.00825068 0.0031341 0.00830304 -0.00830304 0.0116839 0.00146337 0.0168532 0.000255358 0.00900476 5.72337e-05 0.00345661 0.0024064 0.00837238 0.000911227 0.0227885 0.00312395 0.0238964 0.00301751 
1840 0.0160585 0.00930714 -0.00930716 0.00232177 0.00656689 -0.00656688 0.00569112 0.0102484 -0.0102484 0.000829783 0.00951079 -0.00951079 0.00202055 0.00819219 -0.0081922 0.00449486 0.00905443 -0.00905444 0.0125078 0.00934664 -0.00934665 0.00340437 0.00942966 -0.00942966 0.00355073 0.00941438 -0.00941438 0.0102429 0.00173416 0.0174229 -0.000860057 0.00590709 0.000651534 0.00388007 0.00365769 0.0072415 0.00138195 0.0202628 0.00266271 0.0212862 0.00265124 
1856 0.0162887 0.0102034 -0.0102034 0.00243347 0.00782928 -0.00782928 0.00597412 0.0112927 -0.0112927 0.000858827 0.00548869 -0.00548868 0.00200716 0.00872289 -0.0087229 0.00438713 0.00928015 -0.00928017 0.0127947 0.0101602 -0.0101602 0.00338262 0.010167 -0.010167 0.00349402 0.01038 -0.01038 0.00969205 0.00136236 0.0184587 -0.0022003 0.0045663 0.000964453 0.00532055 0.00349653 0.0072808 0.0012744 0.0177705 0.00137788 0.0185849 0.0014057 
1872 0.0160284 0.010514 -0.010514 0.00229627 0.00957677 -0.00957677 0.00587963 0.0120283 -0.0120283 0.000919418 0.00742735 -0.00742734 0.00200246 0.00759127 -0.00759128 0.0044133 0.0095789 -0.0095789 0.0125892 0.010935 -0.010935 0.00325849 0.00920635 -0.00920634 0.00343916 0.00925444 -0.00925443 0.008619 0.00120357 0.0176659 -0.000759797 0.00445441 0.0004115 0.00467806 0.00297901 0.00684339 0.00107967 0.0148564 0.00135006 0.0154722 0.00125465 
1888 0.0163348 0.00949063 -0.00949062 0.00256129 0.00698819 -0.00698819 0.0057042 0.0111514 -0.0111514 0.000911241 0.00487077 -0.00487077 0.00198703 0.00799492 -0.00799493 0.00456256 0.00811042 -0.00811043 0.012828 0.0094981 -0.00949809 0.00337098 0.00965439 -0.0096544 0.00350673 0.00980353 -0.00980354 0.00926322 0.00151879 0.0196388 -0.000219944 0.00414718 -3.025e-05 0.00581597 0.00378449 0.00757048 0.00128026 0.0150865 0.00223762 0.0158093 0.00201293 
1904 0.0163838 0.00943495 -0.00943495 0.00246976 0.00742565 -0.00742564 0.00598308 0.0105006 -0.0105006 0.000962758 0.00655668 -0.00655668 0.00214044 0.00740034 -0.00740034 0.00442458 0.00840643 -0.00840643 0.0128774 0.00931864 -0.00931864 0.00335654 0.0100335 -0.0100335 0.00350641 0.0100429 -0.0100429 0.00958544 0.00167068 0.0208853 0.000145389 0.0028329 0.0003142 0.00719815 0.00329228 0.00776561 0.00134356 0.0155815 0.00270483 0.0165816 0.00257255 
1920 0.0165322 0.00976397 -0.00976398 0.00242935 0.00868331 -0.00868331 0.00590698 0.011531 -0.011531 0.000907652 0.00808152 -0.00808152 0.00217387 0.00642635 -0.00642635 0.0048202 0.0080229 -0.0080229 0.0131565 0.0099211 -0.00992109 0.00326069 0.00891032 -0.00891033 0.00337571 0.0089957 -0.00899571 0.00939588 0.00183552 0.0198329 -0.000782606 0.00329955 0.00156177 0.00811631 0.00305481 0.0079969 0.00165901 0.0141534 0.00218855 0.0150262 0.00213145 
1936 0.0162114 0.0101164 -0.0101164 0.00244283 0.00796611 -0.0079661 0.00590255 0.0124296 -0.0124296 0.000919345 0.00590643 -0.00590642 0.00200042 0.00904224 -0.00904225 0.00453474 0.00760996 -0.00760996 0.0128801 0.0100945 -0.0100945 0.00319867 0.00988441 -0.00988441 0.00333132 0.0101386 -0.0101386 0.00996614 0.00157454 0.0195113 -0.00110076 0.00447672 0.00131275 0.00982416 0.00291484 0.00906653 0.00142788 0.0130129 0.00175538 0.0136951 0.001797 
1952 0.0169243 0.00970402 -0.00970402 0.00223589 0.00683887 -0.00683885 0.00628282 0.0123994 -0.0123994 0.00104507 0.00651878 -0.00651878 0.00223251 0.00762576 -0.00762577 0.00469473 0.00731409 -0.0073141 0.0132134 0.00971491 -0.00971491 0.00354653 0.00954333 -0.00954333 0.00371086 0.0097702 -0.00977019 0.0100394 0.00136525 0.0197185 -0.00122003 0.00497064 0.000564155 0.00983353 0.00261302 0.00945379 0.000942212 0.0121817 0.00244299 0.0127558 0.00247943 
1968 0.0169896 0.00935147 -0.00935146 0.00248101 0.00639852 -0.00639852 0.00620339 0.0115757 -0.0115757 0.000759476 0.00777227 -0.00777228 0.00211554 0.0075946 -0.00759461 0.0049112 0.00738506 -0.00738506 0.0135956 0.0093324 -0.0093324 0.0032617 0.00910871 -0.00910871 0.00339396 0.00940629 -0.00940629 0.00967378 0.0014777 0.0192369 -0.00239976 0.00417486 -2.26721e-05 0.00990813 0.0037053 0.00905941 0.00090365 0.0118649 0.00350715 0.0123811 0.00332137 
1984 0.0162825 0.00946193 -0.00946192 0.00208176 0.00859861 -0.00859861 0.0058223 0.011737 -0.011737 0.0008458 0.00396147 -0.00396146 0.00210075 0.00595943 -0.00595943 0.00463919 0.00765954 -0.00765956 0.0125432 0.00990271 -0.0099027 0.00360717 0.00775323 -0.00775324 0.00373932 0.00794051 -0.00794052 0.0104664 0.00142218 0.0201259 -0.000925974 0.00503006 -0.000187215 0.00983386 0.00424048 0.00957585 0.00127745 0.0134436 0.00184316 0.0139285 0.00176867 
2000 0.0170416 0.00842661 -0.00842662 0.00255178 0.00468345 -0.00468345 0.00608513 0.0107386 -0.0107386 0.000822229 0.00599855 -0.00599855 0.00212238 0.00564593 -0.00564594 0.00481249 0.00706527 -0.00706528 0.0134494 0.00844456 -0.00844457 0.00348371 0.00825358 -0.00825359 0.0035922 0.00863358 -0.00863358 0.0106219 0.0012379 0.0210039 -0.00154067 0.00517955 0.000478902 0.0104878 0.00419585 0.00991914 0.00142147 0.0133062 9.39379e-05 0.0136151 8.71829e-05 
2016 0.0166612 0.00895452 -0.00895452 0.00232007 0.00705955 -0.00705954 0.0059937 0.0109476 -0.0109476 0.000786034 0.00833352 -0.00833352 0.00199519 0.00641002 -0.00641003 0.00474293 0.00731661 -0.00731661 0.0130567 0.00901493 -0.00901494 0.00345983 0.00843657 -0.00843657 0.00360445 0.00887987 -0.00887989 0.0101358 0.00113686 0.0212685 -0.00297135 0.00472426 0.00030686 0.0102276 0.0042192 0.00965695 0.00114983 0.0117612 0.00070482 0.0122088 0.000669774 
2032 0.0165164 0.00815512 -0.00815513 0.00247624 0.00557929 -0.00557929 0.0057773 0.0107262 -0.0107262 0.000842956 0.00277308 -0.00277309 0.00203914 0.00627627 -0.00627628 0.00465533 0.00666503 -0.00666505 0.0129089 0.00848973 -0.00848972 0.00341743 0.00662714 -0.00662715 0.00360753 0.00699077 -0.00699078 0.0107874 0.00123022 0.0215796 -0.00265884 0.00539062 0.000182006 0.0109006 0.00414515 0.0103363 0.0011463 0.0119729 0.00142119 0.012571 0.00131651 
2048 0.0161934 0.00895642 -0.00895643 0.00230848 0.00884199 -0.00884198 0.00602999 0.0104032 -0.0104032 0.000707154 0.00572225 -0.00572225 0.00202752 0.00801579 -0.00801579 0.00456107 0.0077423 -0.00774231 0.0128995 0.00933998 -0.00933999 0.00314046 0.00697109 -0.0069711 0.00329386 0.00740094 -0.00740093 0.0111028 0.00124946 0.0211114 -0.00167259 0.00556605 0.000305693 0.0115869 0.00364511 0.0105162 0.00120377 0.0133212 0.0010877 0.0137986 0.00109407 
2064 0.0168498 0.00857006 -0.00857007 0.00224428 0.00725585 -0.00725585 0.00598536 0.0107263 -0.0107263 0.000963208 0.0069236 -0.00692359 0.00235334 0.00843449 -0.0084345 0.00508921 0.0072728 -0.0072728 0.0133188 0.00892729 -0.0089273 0.00339646 0.00707934 -0.00707936 0.00353101 0.00733357 -0.00733358 0.0111087 0.00191492 0.0212743 -0.00197724 0.00534191 0.000141408 0.0107026 0.00517508 0.0101723 0.00163434 0.0146299 0.00271079 0.0150358 0.00257635 
2080 0.0170968 0.00790872 -0.00790872 0.00243144 0.00429415 -0.00429415 0.0060895 0.0102928 -0.0102928 0.000975969 0.0044051 -0.0044051 0.00222473 0.00721332 -0.00721332 0.00487936 0.0072854 -0.00728542 0.0134003 0.00824959 -0.00824958 0.00355013 0.00596421 -0.00596421 0.00369657 0.00617183 -0.00617184 0.0119816 0.00150278 0.0232 -0.00331181 0.00647603 -0.000504896 0.0104444 0.00489617 0.0110074 0.00103913 0.0155404 0.00316563 0.0158923 0.00302977 
2096 0.0166167 0.0086903 -0.0086903 0.00217112 0.00612573 -0.00612573 0.00621262 0.0101715 -0.0101715 0.000962783 0.00465272 -0.00465271 0.0022197 0.0100808 -0.0100808 0.00469285 0.00893653 -0.00893654 0.0130766 0.00920971 -0.00920971 0.00339481 0.00630884 -0.00630883 0.00354008 0.00662234 -0.00662233 0.012465 0.00127052 0.0229417 -0.00228675 0.00733522 8.56321e-05 0.0118106 0.00364648 0.0116909 0.00101008 0.0156482 0.00205798 0.0159853 0.0020393 
2112 0.0173633 0.00829517 -0.00829518 0.00232104 0.00635427 -0.00635426 0.00628224 0.010327 -0.010327 0.000930718 0.0052239 -0.0052239 0.00244948 0.00571445 -0.00571446 0.00511602 0.0072053 -0.0072053 0.0137193 0.00871249 -0.0087125 0.00352185 0.00660552 -0.00660553 0.00364405 0.00696901 -0.00696902 0.0124962 0.00183196 0.0226401 -0.00130459 0.00813595 0.00045573 0.0113165 0.00468653 0.0118365 0.00171435 0.0150491 0.00169153 0.0155192 0.00183186 
2128 0.0178674 0.00821529 -0.00821528 0.00235589 0.00630292 -0.00630291 0.0065963 0.0101621 -0.0101621 0.00101904 0.00390006 -0.00390006 0.00224017 0.0066669 -0.00666691 0.00528649 0.00647195 -0.00647196 0.0142387 0.0083589 -0.0083589 0.00347399 0.00783591 -0.00783592 0.00362873 0.00780835 -0.00780836 0.0122688 0.00142254 0.022867 -0.00199213 0.00827775 -8.78904e-05 0.0108037 0.00450894 0.0117545 0.00126095 0.014202 0.00171638 0.0145411 0.00187623 
2144 0.0171969 0.00868126 -0.00868126 0.00229324 0.0053505 -0.00535049 0.00621195 0.0105956 -0.0105956 0.000936388 0.00647374 -0.00647373 0.00221344 0.00469024 -0.00469026 0.00483882 0.00761364 -0.00761365 0.013344 0.00863558 -0.00863556 0.00374693 0.00877323 -0.00877323 0.00385291 0.00911017 -0.00911017 0.0126685 0.00117543 0.0225737 -0.00342863 0.00782117 0.000119773 0.0120972 0.00397637 0.0119816 0.000887488 0.0154891 0.00215873 0.0157099 0.00206087 
2160 0.0170852 0.00799524 -0.00799523 0.00243998 0.00237509 -0.00237509 0.00632862 0.00977735 -0.00977735 0.000932608 0.0050539 -0.0050539 0.00212506 0.00241376 -0.00241377 0.00460507 0.00759374 -0.00759375 0.0133737 0.00770967 -0.00770966 0.00358901 0.00886562 -0.00886564 0.0037115 0.00904517 -0.00904519 0.0123626 0.001131 0.0216296 -0.00299766 0.00740403 -0.000400823 0.0109568 0.00372305 0.0112692 0.000619703 0.0164569 0.0027365 0.0166941 0.0027301 
2176 0.0173774 0.00797123 -0.00797123 0.00205411 0.00666452 -0.00666452 0.00649568 0.00906696 -0.00906696 0.00100179 0.00915127 -0.00915126 0.00210592 0.00463833 -0.00463834 0.00493505 0.00592992 -0.00592992 0.0134848 0.00764844 -0.00764844 0.00377382 0.00939332 -0.00939332 0.00389253 0.00949206 -0.00949207 0.0118291 0.000448695 0.0219567 -0.00268247 0.00780642 -0.00119586 0.00945046 0.0027359 0.0109031 -0.000104753 0.0152027 0.00223228 0.0154631 0.00214344 
2192 0.0173276 0.00773922 -0.00773921 0.00258815 0.00333795 -0.00333794 0.00606136 0.0101925 -0.0101925 0.00101369 0.00454395 -0.00454395 0.00237015 0.00392366 -0.00392367 0.00483677 0.00571464 -0.00571465 0.0134863 0.00736154 -0.00736154 0.00374017 0.00943815 -0.00943816 0.00384136 0.00944479 -0.0094448 0.0120582 0.000839789 0.0222418 -0.0028607 0.00726106 -0.000582844 0.0107211 0.00372553 0.011223 0.000541126 0.0152387 0.0015936 0.0156513 0.0014009 
2208 0.0177046 0.00799045 -0.00799045 0.00225969 0.00619958 -0.00619958 0.00661284 0.00937303 -0.00937303 0.000872598 0.00519877 -0.00519876 0.00208894 0.004938 -0.004938 0.00495478 0.00727528 -0.00727528 0.0138273 0.0080846 -0.00808459 0.00377246 0.00760336 -0.00760336 0.00387729 0.0075798 -0.0075798 0.0115891 0.00130968 0.02125 -0.00271485 0.00553759 -0.000749316 0.0113089 0.00436098 0.0104005 0.000762318 0.0159142 0.00266481 0.0163734 0.00267103 
2224 0.0176602 0.00786882 -0.00786884 0.00264273 0.00521276 -0.00521277 0.00629757 0.0106539 -0.0106539 0.000858906 0.00566303 -0.00566303 0.00229341 0.00400983 -0.00400985 0.00508823 0.00665197 -0.00665198 0.0140285 0.00824833 -0.00824834 0.00352518 0.00641491 -0.00641491 0.00363171 0.00645925 -0.00645925 0.0114646 0.00050678 0.0198503 -0.00237138 0.00695362 -0.00197266 0.0100368 0.00339781 0.0102951 -0.000105719 0.0155357 0.00209522 0.016126 0.00222005 
2240 0.0173366 0.00745664 -0.00745664 0.00236669 0.00628759 -0.00628759 0.00644203 0.00918994 -0.00918994 0.000862131 0.00468625 -0.00468624 0.00223661 0.00322088 -0.00322089 0.00497134 0.00569132 -0.00569132 0.0137801 0.00753458 -0.00753458 0.00347405 0.00648533 -0.00648534 0.00355651 0.00687943 -0.00687944 0.0117766 0.000643919 0.0200634 -0.00262227 0.0078973 -0.00100398 0.00915365 0.00339444 0.0104927 0.000309281 0.0163126 0.00121604 0.0168199 0.00145007 
2256 0.0175994 0.00707748 -0.00707749 0.00233716 0.00344159 -0.00344159 0.00652956 0.00853323 -0.00853323 0.000935547 0.00531993 -0.00531993 0.00210896 0.00291114 -0.00291114 0.00503515 0.00653101 -0.00653102 0.0139019 0.00706993 -0.00706992 0.0035343 0.00637903 -0.00637903 0.00369755 0.00690852 -0.00690852 0.0116176 0.00102792 0.0201266 -0.00272928 0.00753043 -0.000351852 0.00967759 0.00390676 0.0104764 0.000743712 0.0158455 0.00133735 0.0162566 0.00164245 
2272 0.0174865 0.00751823 -0.00751822 0.00249579 0.00518296 -0.00518296 0.00639276 0.00994718 -0.00994718 0.000865642 0.00830897 -0.00830896 0.00213957 0.00423467 -0.00423469 0.00484312 0.00679373 -0.00679373 0.0137316 0.00810477 -0.00810476 0.00362273 0.00488689 -0.0048869 0.00375488 0.00551425 -0.00551425 0.0109238 0.00101914 0.0197103 -0.00192642 0.00540547 -0.000808486 0.0100439 0.00393941 0.00957217 0.00067451 0.0157894 0.00199733 0.0162456 0.00198242 
2288 0.01763 0.00745001 -0.00745001 0.0024243 0.00651681 -0.00651681 0.00690852 0.00939193 -0.00939192 0.000825711 0.00461544 -0.00461545 0.00211358 0.00400396 -0.00400397 0.00482098 0.00698128 -0.00698128 0.0141538 0.00808358 -0.00808358 0.00334719 0.00497184 -0.00497184 0.00347618 0.00511795 -0.00511794 0.0110656 0.000799405 0.0210152 -0.00158238 0.00547465 -0.0016515 0.00972368 0.00378638 0.00977398 0.00034283 0.0158799 0.00223861 0.0160353 0.00209973 
2304 0.0175673 0.00710417 -0.00710416 0.00260571 0.0045129 -0.0045129 0.00637025 0.0105633 -0.0105633 0.000798422 0.00385672 -0.00385672 0.00212059 0.0013484 -0.00134842 0.00495514 0.00577213 -0.00577213 0.0139311 0.00777803 -0.00777803 0.00353462 0.00456152 -0.00456152 0.00363624 0.00463309 -0.00463308 0.0116212 0.000638971 0.0212311 -0.00289848 0.00685898 -0.000815673 0.010441 0.00398174 0.0106678 0.000548342 0.0153894 0.000684487 0.0156624 0.000563925 
2320 0.0176166 0.00662454 -0.00662453 0.00260755 0.00415149 -0.00415149 0.00672121 0.00866408 -0.00866408 0.000838477 0.00346594 -0.00346593 0.00210249 0.00433248 -0.00433248 0.00463992 0.00682233 -0.00682233 0.0139687 0.0073458 -0.00734579 0.00357455 0.00394531 -0.00394532 0.0036479 0.00414226 -0.00414226 0.0109958 0.00138384 0.0198571 -0.00163717 0.00628834 0.000326587 0.00948761 0.00380824 0.00977743 0.00121509 0.0158003 0.00183883 0.0162799 0.00174048 
2336 0.0171146 0.0063579 -0.00635789 0.00264433 0.00609669 -0.00609668 0.00612874 0.00840203 -0.00840204 0.000838679 0.00329435 -0.00329435 0.00216855 0.00450616 -0.00450617 0.00478515 0.0057634 -0.00576341 0.0135582 0.00703312 -0.00703312 0.00341012 0.00427917 -0.00427919 0.00355644 0.00433017 -0.00433018 0.0103654 0.00136849 0.0203812 -0.000165631 0.00485475 -0.000242292 0.00925763 0.00373649 0.00913827 0.001186 0.014757 0.00204643 0.0152286 0.00193825 
2352 0.017553 0.00638691 -0.0063869 0.00263639 0.00663412 -0.00663411 0.00634042 0.00755067 -0.00755067 0.00100802 0.00311312 -0.00311311 0.00230258 0.00456132 -0.00456134 0.00497641 0.00504464 -0.00504465 0.0139532 0.00655995 -0.00655995 0.00347449 0.00586328 -0.00586328 0.00359979 0.00610458 -0.00610458 0.0105462 0.000679189 0.0190324 -0.00149972 0.00445846 -0.00128287 0.0110517 0.00312417 0.00946557 0.000279936 0.0141378 0.00186931 0.0148239 0.00176835 
2368 0.0170581 0.00597574 -0.00597575 0.00268017 0.00637351 -0.0063735 0.00599934 0.00699889 -0.00699888 0.000781827 0.00363139 -0.00363139 0.00224381 0.00437925 -0.00437926 0.00456749 0.00385275 -0.00385276 0.013247 0.0058756 -0.00587559 0.00369293 0.00578214 -0.00578215 0.00381107 0.00606117 -0.00606117 0.0108839 0.00119586 0.0189911 -0.00162514 0.00555834 -0.000610297 0.0103672 0.00335437 0.00973607 0.000642749 0.0147633 0.00268282 0.0155401 0.00286422 
2384 0.0172609 0.00586751 -0.0058675 0.00268341 0.00670924 -0.00670923 0.00630628 0.00697361 -0.0069736 0.000951647 0.00204837 -0.00204837 0.00209862 0.00289075 -0.00289075 0.00455101 0.00433114 -0.00433114 0.0135407 0.00605562 -0.00605562 0.003602 0.00520921 -0.00520921 0.00372017 0.00513269 -0.00513269 0.010746 0.00132902 0.0202539 -0.000429549 0.00645306 -0.000109262 0.00884826 0.00396807 0.0097547 0.00122926 0.0142623 0.00187762 0.01499 0.00187635 
2400 0.0176361 0.00636177 -0.00636177 0.00286963 0.00535814 -0.00535813 0.00627991 0.00777693 -0.00777693 0.000908052 0.00152597 -0.00152597 0.00216547 0.00534721 -0.00534722 0.00493721 0.00554392 -0.00554393 0.0140867 0.00665127 -0.00665125 0.00341763 0.00542187 -0.00542188 0.00354939 0.00541202 -0.00541204 0.0106958 0.00105071 0.0210129 -0.00235977 0.0056426 -7.02167e-06 0.00948248 0.00380076 0.00973667 0.000968204 0.0141807 0.00160204 0.0149012 0.00143485 
2416 0.0176658 0.0068306 -0.0068306 0.00261586 0.00716365 -0.00716365 0.00622479 0.00812117 -0.00812118 0.000955621 0.0023416 -0.00234159 0.00232592 0.00507798 -0.00507799 0.0050009 0.00630226 -0.00630227 0.0138415 0.0075097 -0.00750969 0.00366761 0.00410218 -0.00410218 0.00382432 0.00430887 -0.00430888 0.010427 0.00109698 0.0196599 -0.00250019 0.00444277 -0.000651308 0.00981253 0.00384077 0.00907478 0.000681792 0.0154008 0.00268518 0.0161166 0.00253438 
2432 0.018039 0.00626748 -0.00626747 0.00258899 0.00549132 -0.00549131 0.00657493 0.00778294 -0.00778293 0.000890926 0.00516959 -0.00516959 0.00218434 0.00394983 -0.00394983 0.00529694 0.00574586 -0.00574586 0.0144609 0.00676397 -0.00676397 0.00346588 0.00376817 -0.00376818 0.00357819 0.00435916 -0.00435917 0.0106773 0.000777753 0.0194497 -0.00231041 0.0042609 -0.001277 0.0100046 0.00333935 0.00902679 0.000231165 0.0165399 0.00295821 0.0173481 0.00282973 
2448 0.0171761 0.00614554 -0.00614555 0.00273062 0.00542353 -0.00542352 0.00609104 0.0077178 -0.00771779 0.000942107 0.00524711 -0.00524712 0.00235982 0.00324009 -0.0032401 0.00461187 0.0048547 -0.00485471 0.0134335 0.0063391 -0.00633909 0.0035866 0.00513965 -0.00513965 0.00374254 0.00551378 -0.00551377 0.0113555 0.00105287 0.0202274 -0.00249188 0.00567958 -0.000997322 0.0101916 0.00399488 0.00985241 0.000576158 0.0162631 0.0029241 0.0172394 0.00266487 
2464 0.0182137 0.00642441 -0.00642441 0.00266634 0.00594925 -0.00594924 0.00666981 0.00747793 -0.00747791 0.00100411 0.00695811 -0.00695811 0.00222514 0.00364842 -0.00364843 0.00497974 0.00488904 -0.00488904 0.0143159 0.00645532 -0.0064553 0.00379169 0.00579883 -0.00579882 0.00389789 0.00603426 -0.00603426 0.0109387 0.00120587 0.0203626 -2.15525e-05 0.00577834 -0.000544813 0.0100993 0.00355483 0.00985952 0.000985997 0.0143521 0.0021462 0.0153654 0.00207127 
2480 0.0178901 0.00676224 -0.00676224 0.00277412 0.00615096 -0.00615096 0.00621255 0.0088619 -0.0088619 0.000986325 0.00883847 -0.00883846 0.00229336 0.00292705 -0.00292706 0.00510239 0.00441299 -0.00441299 0.014089 0.00681754 -0.00681753 0.00369461 0.00626735 -0.00626735 0.00380108 0.0064795 -0.00647949 0.00999999 0.00104387 0.019781 -0.00168979 0.005259 -0.000469248 0.0082999 0.00370102 0.00885297 0.000804498 0.0137945 0.00182723 0.0148164 0.00186707 
2496 0.0185925 0.00585662 -0.00585662 0.00298547 0.00438347 -0.00438346 0.00679044 0.00705696 -0.00705696 0.00105479 0.00807118 -0.00807117 0.00245955 0.00248937 -0.00248938 0.00480769 0.00457046 -0.00457047 0.0145836 0.00569994 -0.00569993 0.00386078 0.0062907 -0.0062907 0.00400891 0.00636627 -0.00636627 0.0100598 0.000602806 0.0185987 -0.00406768 0.00560072 -0.00135449 0.00845218 0.00344135 0.00887982 -5.89558e-05 0.014106 0.00287264 0.0151035 0.00280878 
2512 0.0176164 0.00618449 -0.0061845 0.00262604 0.00595188 -0.00595187 0.00628643 0.00811506 -0.00811504 0.00107427 0.00544305 -0.00544305 0.00201317 0.00330825 -0.00330826 0.00491172 0.00354709 -0.00354709 0.0138242 0.00619036 -0.00619035 0.00367357 0.0060622 -0.00606221 0.00379223 0.00622794 -0.00622793 0.00985421 0.00115777 0.0194312 -0.00178982 0.00517029 -0.00156404 0.00885771 0.00394624 0.00899028 0.000371377 0.0129666 0.00386451 0.0138728 0.00375592 
2528 0.0178449 0.00579445 -0.00579446 0.00286561 0.00411361 -0.00411361 0.00642642 0.00732597 -0.00732596 0.000971451 -0.000938026 0.000938043 0.00231511 0.000461305 -0.000461317 0.00475805 0.00422401 -0.00422402 0.0140501 0.00572973 -0.00572973 0.00366468 0.00630015 -0.00630017 0.00379487 0.00634602 -0.00634602 0.00950697 0.00159635 0.0204014 -0.000124703 0.00528646 -0.0011974 0.00738172 0.00431246 0.0086706 0.000950648 0.0125752 0.00382074 0.013409 0.00370872 
2544 0.0177479 0.00584216 -0.00584216 0.00275792 0.00444395 -0.00444393 0.0061043 0.00818453 -0.00818453 0.00091084 -4.93826e-05 4.9395e-05 0.00187532 0.00249267 -0.00249268 0.00508692 0.00353941 -0.00353941 0.0139491 0.00593742 -0.00593742 0.00369983 0.00506726 -0.00506726 0.00379883 0.00539979 -0.0053998 0.0097888 0.00117857 0.0203462 -0.0014758 0.00574975 -0.000615802 0.00802812 0.00389543 0.00914182 0.000870314 0.0121454 0.00222321 0.0130716 0.00218676 
2560 0.0180167 0.00524586 -0.00524585 0.00257718 0.00392861 -0.0039286 0.00665502 0.00599659 -0.00599659 0.00104443 -0.00113232 0.00113233 0.0020146 0.00153381 -0.00153382 0.00491409 0.00461865 -0.00461865 0.0141463 0.00530623 -0.00530622 0.0037472 0.00469738 -0.00469738 0.00387047 0.00517492 -0.00517492 0.00932947 0.000929509 0.0199197 -0.00262373 0.00447776 -0.00103934 0.00785541 0.00408232 0.00845136 0.000495747 0.0126521 0.00246002 0.0134875 0.00232331 
2576 0.0174063 0.00569907 -0.00569908 0.00286398 0.00544098 -0.00544098 0.00613901 0.0065599 -0.00655988 0.000818043 0.00367554 -0.00367554 0.00228907 0.00300058 -0.00300058 0.00504557 0.00475676 -0.00475677 0.0140486 0.00585273 -0.00585271 0.00323977 0.00456285 -0.00456285 0.00335771 0.00500703 -0.00500703 0.00940415 0.000582259 0.0200012 -0.00225658 0.00405052 -0.00217564 0.00806728 0.0046565 0.00833335 0.000233941 0.0134494 0.0014866 0.0141384 0.00135221 
2592 0.0185155 0.0051406 -0.00514061 0.00276358 0.00358034 -0.00358033 0.00640132 0.00679188 -0.00679188 0.00104843 0.00150205 -0.00150205 0.00213122 0.00196246 -0.00196246 0.00546168 0.00478651 -0.00478652 0.0146266 0.0056593 -0.0056593 0.00381605 0.00278785 -0.00278785 0.00388893 0.00314227 -0.00314226 0.008933 0.00104329 0.0186143 -0.00119432 0.00403077 -0.00172751 0.00780826 0.00460898 0.00798408 0.000681255 0.0121665 0.00205364 0.0130067 0.00205102 
2608 0.0173087 0.00561248 -0.00561249 0.00236734 0.0025054 -0.00250541 0.00646732 0.00723206 -0.00723206 0.0010644 0.0025617 -0.0025617 0.00201099 0.00181405 -0.00181406 0.00479574 0.00539936 -0.00539936 0.0136304 0.00578304 -0.00578305 0.00355688 0.00431817 -0.00431818 0.00367834 0.00467238 -0.00467239 0.00867704 0.000926925 0.0188472 -0.00164781 0.00364071 -0.00151671 0.00730047 0.00344828 0.00762377 0.000274904 0.0121283 0.00286602 0.0130814 0.00288958 
2624 0.0180404 0.00476152 -0.00476152 0.00252181 0.00257186 -0.00257185 0.00640899 0.00526312 -0.00526312 0.00106623 0.00378353 -0.00378353 0.00214609 0.000968825 -0.000968835 0.00528045 0.00521454 -0.00521454 0.0142112 0.004899 -0.00489899 0.0036768 0.00379472 -0.00379472 0.00382921 0.00419272 -0.00419272 0.00876704 0.00122988 0.0192708 -0.00127937 0.00382096 -0.00121404 0.00779122 0.00388614 0.00795957 0.000649511 0.0112003 0.00301151 0.0122792 0.00287553 
2640 0.0179335 0.00559742 -0.00559743 0.00273451 0.00440013 -0.00440012 0.00610256 0.00558281 -0.00558281 0.000907829 0.00259841 -0.0025984 0.00234481 0.00440859 -0.00440861 0.00537785 0.00626441 -0.00626441 0.0142149 0.00581427 -0.00581426 0.00360063 0.00393982 -0.00393982 0.00371858 0.00437616 -0.00437615 0.00887774 0.00128825 0.0181812 -0.00051872 0.00408218 -0.00148665 0.00854507 0.00421807 0.0081655 0.000782709 0.01094 0.00271212 0.0119745 0.00256845 
2656 0.0183175 0.00578536 -0.00578538 0.00284159 0.00492338 -0.00492337 0.00647889 0.00637356 -0.00637356 0.00090586 0.00144197 -0.00144196 0.00233655 0.00524768 -0.00524769 0.00507661 0.00546678 -0.00546679 0.0143971 0.00601068 -0.00601068 0.00374886 0.00451305 -0.00451305 0.00392045 0.00475376 -0.00475376 0.0086589 0.000743581 0.0179789 3.89958e-05 0.00321246 -0.00147766 0.00804885 0.00261596 0.00757878 0.000268669 0.0119595 0.00187337 0.0130015 0.00190953 
2672 0.0182661 0.00552312 -0.00552311 0.00299977 0.00408808 -0.00408807 0.00656578 0.00575929 -0.00575929 0.00110019 0.00313718 -0.00313717 0.0024367 0.00548694 -0.00548695 0.00508685 0.00573988 -0.00573989 0.0146524 0.00560588 -0.00560588 0.00349633 0.00463198 -0.00463198 0.00361368 0.00487056 -0.00487056 0.00887021 0.000410765 0.019069 -0.00159163 0.00368105 -0.00208682 0.00759401 0.00301863 0.00777459 -0.000146162 0.0123574 0.00199616 0.0135135 0.00192899 
2688 0.0172855 0.00519439 -0.00519438 0.00261596 0.00288177 -0.00288175 0.00602995 0.00582529 -0.00582529 0.000959002 0.00540333 -0.00540333 0.00231783 0.00511826 -0.00511827 0.00483055 0.00526194 -0.00526193 0.0134765 0.00535403 -0.00535403 0.00368054 0.00421935 -0.00421935 0.0038091 0.00436978 -0.00436978 0.00925396 0.000686168 0.0186675 -0.000730556 0.00473139 -0.00224345 0.00780896 0.00376607 0.00826171 0.000253426 0.0125856 0.00194386 0.0135165 0.00176738 
2704 0.0181528 0.00493183 -0.00493184 0.00246079 0.00543286 -0.00543286 0.00651894 0.00537297 -0.00537295 0.00111925 0.00411398 -0.00411398 0.00225272 0.00369087 -0.00369088 0.00490648 0.00410743 -0.00410743 0.0138862 0.00509493 -0.00509492 0.004118 0.00435913 -0.00435914 0.00426658 0.00445638 -0.00445638 0.00928768 0.000967917 0.0183378 -0.000296362 0.00473922 -0.00186668 0.00808446 0.00384581 0.00832212 0.000528839 0.0124884 0.00253791 0.0133124 0.00225895 
2720 0.0181791 0.00494088 -0.00494087 0.00308121 0.00195539 -0.00195539 0.006412 0.00589946 -0.00589946 0.000955995 0.00395951 -0.00395951 0.00239974 0.00244975 -0.00244976 0.00492473 0.00426374 -0.00426375 0.0144179 0.00467052 -0.00467053 0.00365365 0.00544274 -0.00544274 0.00376122 0.00557077 -0.00557078 0.00918904 0.000866785 0.0183607 -0.00143201 0.00472379 -0.00165173 0.00787865 0.00379934 0.00825995 0.000406437 0.0123304 0.00257493 0.0131592 0.00224902 
2736 0.0182225 0.00492407 -0.00492406 0.00264497 0.00502784 -0.00502783 0.00670289 0.00588319 -0.00588318 0.0008915 0.00116666 -0.00116665 0.0022852 0.00425358 -0.00425359 0.00484415 0.00356874 -0.00356873 0.014192 0.00500019 -0.0050002 0.0039067 0.00445881 -0.00445881 0.00403054 0.00455409 -0.00455409 0.009095 0.00061982 0.0196665 -0.00157217 0.0043955 -0.00195799 0.00773696 0.00330509 0.00833994 1.48279e-05 0.0119909 0.00268467 0.0127139 0.00237892 
2752 0.0181484 0.00492625 -0.00492625 0.00286749 0.00457868 -0.00457868 0.00661347 0.00531958 -0.00531958 0.000916517 0.00128652 -0.00128651 0.00257289 0.00308055 -0.00308056 0.00484744 0.00396506 -0.00396507 0.0143284 0.00485267 -0.00485266 0.00372732 0.00534855 -0.00534856 0.00381998 0.00531137 -0.00531137 0.0096325 0.000460423 0.0207389 -0.0010559 0.00495438 -0.00228517 0.00842786 0.00329912 0.0090345 -7.32183e-05 0.0118648 0.0020464 0.0128125 0.00191663 
2768 0.0178871 0.00478062 -0.00478062 0.00296229 0.00365624 -0.00365623 0.00622497 0.00522665 -0.00522666 0.00100538 0.00259968 -0.00259967 0.00231378 0.00384619 -0.0038462 0.00490529 0.00426487 -0.00426488 0.0140925 0.00472593 -0.00472594 0.00373574 0.00480871 -0.00480871 0.00379457 0.00477716 -0.00477714 0.00962369 0.000718174 0.0184322 -0.00185459 0.00473211 -0.00212186 0.00887808 0.00407137 0.00867298 0.000197298 0.0128298 0.0021024 0.0138626 0.00194685 
2784 0.0182628 0.00412491 -0.00412492 0.00293419 0.00249259 -0.00249258 0.006706 0.00429057 -0.00429057 0.00100147 0.00381664 -0.00381664 0.00243001 0.00223906 -0.00223907 0.00468068 0.00374804 -0.00374804 0.0143208 0.00388211 -0.0038821 0.00385703 0.00512502 -0.00512501 0.00394196 0.00508223 -0.00508223 0.00991605 0.000731184 0.0205133 -0.00183433 0.00459337 -0.00154404 0.00850851 0.00343035 0.00891847 0.000188973 0.0131674 0.00249617 0.014216 0.00233728 
2800 0.0180036 0.00475204 -0.00475204 0.0027545 0.00282739 -0.00282738 0.00654918 0.00591801 -0.005918 0.000964456 -0.000143047 0.000143046 0.00249911 0.0024576 -0.00245761 0.00484311 0.00391798 -0.00391799 0.0141468 0.00462084 -0.00462084 0.00373185 0.00508436 -0.00508437 0.00385684 0.00527195 -0.00527195 0.010255 0.00087886 0.0220596 -0.00246603 0.0051297 -0.000822253 0.0088356 0.00371815 0.00952384 0.000507153 0.0126383 0.00230783 0.0136372 0.00211722 
2816 0.0178951 0.00484876 -0.00484876 0.00279238 0.00249721 -0.00249722 0.00648931 0.00612431 -0.00612432 0.000860187 -0.000577901 0.000577898 0.00233186 0.00485233 -0.00485235 0.00481192 0.00474764 -0.00474764 0.0140936 0.00505675 -0.00505676 0.0036758 0.00377112 -0.00377113 0.00380152 0.00407833 -0.00407832 0.0102758 0.000449978 0.01971 -0.00398226 0.00600545 -0.00107007 0.00918841 0.00280989 0.00963837 -0.000160596 0.0124922 0.00247178 0.0133715 0.00237221 
2832 0.0186167 0.0037608 -0.00376079 0.0027822 0.00231835 -0.00231834 0.006781 0.00510662 -0.00510662 0.000941486 -0.00194227 0.00194227 0.00246005 0.00366276 -0.00366276 0.00510217 0.00293065 -0.00293067 0.0146654 0.00395922 -0.00395921 0.00385084 0.00245645 -0.00245645 0.00395132 0.00282985 -0.00282986 0.0100437 0.000437914 0.0205419 -0.00243915 0.00526487 -0.00179138 0.00883038 0.00309428 0.00929269 -0.000156159 0.0126902 0.00232158 0.0135276 0.00216116 
2848 0.017998 0.00386604 -0.00386604 0.00273295 0.00141332 -0.00141332 0.00649497 0.0046185 -0.00461851 0.00101139 -0.000450749 0.000450754 0.00222094 0.00159252 -0.00159251 0.00495448 0.00351314 -0.00351315 0.0141824 0.00388222 -0.00388222 0.00367263 0.00333387 -0.00333387 0.00381559 0.00342527 -0.00342528 0.00975513 0.000678686 0.0200398 -0.00245597 0.00594658 -0.0016334 0.00771364 0.00330105 0.00906592 -8.44792e-06 0.0119616 0.00291096 0.0128739 0.00277962 
2864 0.0176556 0.00415737 -0.00415737 0.00280577 0.00095657 -0.000956562 0.00589846 0.00531433 -0.00531432 0.00107254 0.00154493 -0.00154493 0.00226176 0.00187009 -0.0018701 0.00486411 0.00433768 -0.00433769 0.0135683 0.00431158 -0.00431158 0.00398284 0.0032714 -0.00327141 0.00408731 0.00325797 -0.00325797 0.00979671 0.000426414 0.0188832 -0.0033386 0.00647698 -0.00131161 0.00783756 0.0025338 0.00917577 -0.000245368 0.0117911 0.00298279 0.0126881 0.00283396 
2880 0.0182248 0.00375937 -0.00375938 0.002603 0.00168982 -0.00168981 0.00677426 0.00402831 -0.00402829 0.00102634 0.000472227 -0.000472216 0.00233301 0.00321299 -0.003213 0.00490766 0.00371065 -0.00371066 0.0142849 0.003697 -0.00369699 0.00383028 0.00397988 -0.00397988 0.00393984 0.0040643 -0.0040643 0.00949608 0.000544174 0.0189019 -0.00223793 0.0044769 -0.00167059 0.00936483 0.00258172 0.00882562 -0.000196695 0.0118344 0.00311103 0.012612 0.00303129 
2896 0.0179091 0.0040208 -0.00402081 0.00270435 0.00112356 -0.00112355 0.00640754 0.00547702 -0.00547701 0.00106268 0.00174944 -0.00174945 0.00248027 0.00441249 -0.00441249 0.00471018 0.00356997 -0.00356997 0.0138221 0.00411759 -0.00411759 0.00395346 0.00361882 -0.00361883 0.00408704 0.00362464 -0.00362465 0.00922253 0.000395642 0.0194508 -0.00274202 0.00358909 -0.00128924 0.00938776 0.00191727 0.00848753 -0.00036603 0.0117515 0.00302089 0.0126093 0.00298425 
2912 0.0182503 0.00427963 -0.00427963 0.00290662 0.00361908 -0.00361906 0.00652535 0.00517955 -0.00517955 0.00117577 0.00170946 -0.00170946 0.00229617 0.00451999 -0.00452 0.00500858 0.00335029 -0.0033503 0.0144405 0.00442533 -0.00442531 0.00374104 0.00364817 -0.00364817 0.00380981 0.00369994 -0.00369995 0.00949967 2.57542e-06 0.0192033 -0.00380862 0.00452902 -0.00144083 0.00877511 0.00227035 0.00868549 -0.000489856 0.0119799 0.00180953 0.0128425 0.00178525 
2928 0.0181502 0.00405921 -0.00405921 0.00270896 0.00505329 -0.00505329 0.00651403 0.00429396 -0.00429395 0.00101509 0.00376411 -0.00376411 0.00228952 0.00206948 -0.00206948 0.00507493 0.00277488 -0.00277489 0.0142979 0.00404794 -0.00404794 0.00372531 0.0038311 -0.0038311 0.00385228 0.00361894 -0.00361894 0.00941605 0.000206705 0.0187857 -0.00311257 0.00454093 -0.00100948 0.00869158 0.00272544 0.00855118 -6.87592e-05 0.012055 0.00126196 0.0128975 0.00129976 
2944 0.0183983 0.00382969 -0.00382967 0.00286348 0.00200292 -0.00200292 0.00634253 0.00436662 -0.00436662 0.00121415 0.000955785 -0.000955787 0.00231921 0.000269778 -0.000269787 0.00499656 0.00350838 -0.00350838 0.0142025 0.00372435 -0.00372434 0.00410185 0.00352542 -0.00352542 0.00419575 0.00350655 -0.00350656 0.00980417 0.000277003 0.0189259 -0.00308954 0.00489227 -0.00150888 0.00979395 0.00259615 0.00913452 -0.000199935 0.0120928 0.00181967 0.0128951 0.00190472 
2960 0.01805 0.00411458 -0.00411458 0.00271868 0.0036115 -0.00361149 0.00643368 0.00344251 -0.0034425 0.00102829 0.000791497 -0.000791496 0.00227903 0.00113961 -0.00113962 0.00506377 0.00456777 -0.00456778 0.0142161 0.00403288 -0.00403289 0.00368887 0.00375936 -0.00375938 0.00383391 0.00376972 -0.00376972 0.0101027 0.000394839 0.0204917 -0.00265524 0.00469179 -0.00124353 0.00950233 0.00241392 0.00922082 -9.66433e-05 0.013407 0.00198021 0.014082 0.00198655 
2976 0.0183319 0.0038759 -0.00387591 0.00251648 0.00262781 -0.00262781 0.00632138 0.00437842 -0.00437841 0.00108362 -0.000997677 0.00099769 0.00246196 0.00258351 -0.00258352 0.0055437 0.00505023 -0.00505023 0.0143815 0.00448987 -0.00448988 0.00383865 0.00133154 -0.00133155 0.00395031 0.00146803 -0.00146803 0.00942548 0.000645128 0.0199765 -0.00214315 0.00327569 -0.00103771 0.00892875 0.00324766 0.00824372 0.000287229 0.0137782 0.00154749 0.0143564 0.00174057 
2992 0.0179405 0.00369448 -0.00369448 0.00279726 0.000292221 -0.000292217 0.00634201 0.00424624 -0.00424625 0.000952391 -0.000194813 0.000194821 0.00216102 0.00371072 -0.00371073 0.00525787 0.00465168 -0.00465168 0.0143971 0.00378273 -0.00378272 0.00342362 0.00325289 -0.0032529 0.00354338 0.00316517 -0.00316518 0.00894279 0.000929021 0.0188932 -0.00210788 0.00293695 -0.000552133 0.00932374 0.00387835 0.00804526 0.000791286 0.0124406 0.000940607 0.0130542 0.0011493 
3008 0.0181184 0.0037919 -0.00379189 0.00257442 0.0025058 -0.00250579 0.00658754 0.00361025 -0.00361024 0.00104215 0.00113754 -0.00113754 0.00248488 0.00430559 -0.00430559 0.00490699 0.0051964 -0.00519641 0.0140689 0.00409489 -0.00409488 0.00392694 0.00276998 -0.00276999 0.00404948 0.00290046 -0.00290045 0.00980972 0.000950059 0.0214533 -0.0019821 0.00365259 -0.000432421 0.00940442 0.00288638 0.00886079 0.00051282 0.0130747 0.00209603 0.0139132 0.00215667 
3024 0.0181219 0.00355826 -0.00355825 0.00290902 0.000275838 -0.000275833 0.00642008 0.00449268 -0.00449268 0.00100436 0.00226839 -0.00226838 0.00256091 0.00294843 -0.00294843 0.005142 0.00375514 -0.00375515 0.0144711 0.0035835 -0.00358349 0.00354537 0.00320544 -0.00320545 0.00365078 0.00347567 -0.00347568 0.0103943 0.001134 0.0214586 -0.00173286 0.00516193 -0.00102462 0.00945713 0.00373956 0.00953125 0.000613873 0.0131213 0.00272432 0.0140065 0.00286928 
3040 0.0182647 0.00391086 -0.00391084 0.00272606 0.00169801 -0.001698 0.00647153 0.00463515 -0.00463514 0.00114501 -8.71676e-05 8.71713e-05 0.00237383 0.00349847 -0.00349848 0.00495772 0.00427409 -0.0042741 0.0141553 0.00405409 -0.00405408 0.0039399 0.00340456 -0.00340455 0.00410936 0.00342782 -0.00342782 0.00980818 0.000579271 0.0205724 -0.00247348 0.00467867 -0.00177616 0.00916864 0.00403485 0.00901275 0.000220945 0.0124325 0.00128031 0.013392 0.00158362 
3056 0.018418 0.00410978 -0.00410977 0.00291208 0.00281976 -0.00281975 0.0064761 0.00345314 -0.00345314 0.000867901 -0.000497092 0.000497095 0.0024174 0.00204244 -0.00204245 0.00500103 0.00516647 -0.00516647 0.0143892 0.00402216 -0.00402217 0.00393721 0.00439683 -0.00439683 0.00402883 0.00440604 -0.00440604 0.00978962 -3.8455e-05 0.0208249 -0.00346051 0.00364026 -0.0019506 0.00987648 0.00245405 0.00884883 -0.000637965 0.0133749 0.00171883 0.013989 0.00177975 
3072 0.0186241 0.00360834 -0.00360834 0.00299694 0.00211526 -0.00211527 0.00627666 0.00378333 -0.00378333 0.00100949 -0.00142892 0.00142892 0.00238096 0.00201493 -0.00201494 0.00523248 0.00405336 -0.00405337 0.0145061 0.00380212 -0.00380212 0.00398838 0.00315891 -0.0031589 0.00411798 0.00319399 -0.00319399 0.00991982 0.000673199 0.0197881 -0.0020207 0.00407574 -0.00179415 0.0102151 0.00282256 0.0090185 -0.000119259 0.0132621 0.00324672 0.0139485 0.00333034 
3088 0.0181458 0.00404704 -0.00404704 0.00241064 0.00296155 -0.00296154 0.00656799 0.00443038 -0.00443038 0.000987494 -0.00151328 0.00151328 0.00238407 0.00363181 -0.00363182 0.00508493 0.0037853 -0.00378532 0.0140636 0.00400138 -0.00400138 0.00392581 0.00418934 -0.00418934 0.00408228 0.00411035 -0.00411035 0.00979815 0.00105572 0.0214842 -0.00251205 0.00307093 -0.00115934 0.0106248 0.00394495 0.00898917 0.000526585 0.0125347 0.00239564 0.0135693 0.00245796 
3104 0.0183387 0.00327121 -0.00327121 0.00295692 -0.000930364 0.00093037 0.00639334 0.003966 -0.003966 0.00104255 -0.000180792 0.00018079 0.0025644 0.00188369 -0.0018837 0.00518364 0.00438154 -0.00438155 0.0145339 0.00336163 -0.00336162 0.00365304 0.00274719 -0.0027472 0.0038048 0.00292819 -0.0029282 0.00956912 0.000623245 0.0218724 -0.00301389 0.00241518 -0.000977418 0.0106972 0.00324205 0.00880984 0.000231686 0.0120861 0.00178587 0.0129901 0.00176748 
3120 0.0180132 0.00254256 -0.00254255 0.00250551 0.00054377 -0.000543765 0.00659734 0.00320597 -0.00320597 0.000907783 -0.00121361 0.00121362 0.00237617 0.00224579 -0.00224581 0.00541253 0.00304807 -0.00304808 0.0145154 0.00279135 -0.00279136 0.00337461 0.00124624 -0.00124625 0.00349786 0.00168397 -0.00168398 0.00973934 0.00046709 0.0216161 -0.00238758 0.00259534 -0.00118117 0.0112899 0.0031622 0.00903901 0.000226205 0.0122488 0.00108289 0.0127643 0.00129435 
3136 0.0178853 0.00329943 -0.00329943 0.00256109 0.00257853 -0.00257853 0.00625615 0.0041763 -0.0041763 0.000962512 -0.00158854 0.00158855 0.00239444 0.00235665 -0.00235666 0.00523389 0.00311969 -0.0031197 0.0140511 0.0036277 -0.00362769 0.00367331 0.00183022 -0.00183022 0.0038342 0.00198563 -0.00198564 0.0100386 0.00068571 0.0207458 -0.00204466 0.00317483 -0.00156495 0.0117117 0.00426705 0.00933561 0.000537255 0.0126262 0.000558773 0.0131383 0.000774975 
3152 0.018154 0.00315811 -0.00315812 0.00294105 0.00101728 -0.00101728 0.00644976 0.00355419 -0.00355419 0.00101809 -0.000487897 0.000487912 0.00249885 0.0010847 -0.0010847 0.00493964 0.00360391 -0.00360392 0.0143304 0.00325676 -0.00325675 0.00368869 0.00246692 -0.00246692 0.00382355 0.00259194 -0.00259194 0.0100416 0.000254718 0.0194602 -0.00115383 0.0039623 -0.0023433 0.0108642 0.00279468 0.0091525 -0.000177734 0.0129027 0.00117398 0.0137426 0.00129957 
3168 0.0184489 0.00256849 -0.00256848 0.00298903 0.00158271 -0.00158271 0.00634538 0.00329965 -0.00329965 0.00108172 -0.0017605 0.00176051 0.00233281 -0.000191761 0.000191745 0.0051168 0.00165692 -0.00165694 0.0144512 0.00248039 -0.00248037 0.00391533 0.00254032 -0.00254033 0.00399774 0.00276168 -0.00276169 0.00985074 7.80533e-05 0.0210798 -0.00218463 0.00331397 -0.00223527 0.0107541 0.00202136 0.00910066 -0.000627063 0.0124408 0.00186828 0.0132498 0.0021603 
