0 0 0 0 0 0 0 0 0 0 0 
32 -7.46152e-06 0 0 0 0 -7.46152e-06 -7.46152e-06 0 0 0 
64 5.64714e-05 0 0 0 0 5.64714e-05 5.64714e-05 0 0 0 
96 -2.38982e-05 0 0 0 0 -2.38982e-05 -2.38982e-05 0 0 0 
128 9.89816e-06 0 0 0 0 9.89816e-06 9.89816e-06 0 0 0 
160 -3.31458e-05 0 0 0 0 -3.31458e-05 -3.31458e-05 0 0 0 
192 -7.03463e-06 0 0 0 0 -7.03463e-06 -7.03463e-06 0 0 0 
224 -1.61078e-05 0 0 0 0 -1.61078e-05 -1.61078e-05 0 0 0 
256 -3.14767e-05 0 0 0 0 -3.14767e-05 -3.14767e-05 0 0 0 
288 -4.47083e-06 0 0 0 0 -4.47083e-06 -4.47083e-06 0 0 0 
320 -1.16196e-05 0 0 0 0 -1.16196e-05 -1.16196e-05 0 0 0 
352 4.37683e-05 0 0 0 0 4.37683e-05 4.37683e-05 0 0 0 
384 4.39345e-05 0 0 0 0 4.39345e-05 4.39345e-05 0 0 0 
416 3.29048e-05 0 0 0 0 3.29048e-05 3.29048e-05 0 0 0 
448 -1.58845e-05 0 0 0 0 -1.58845e-05 -1.58845e-05 0 0 0 
480 -2.58581e-05 0 0 0 0 -2.58581e-05 -2.58581e-05 0 0 0 
512 -2.54454e-05 0 0 0 0 -2.54454e-05 -2.54454e-05 0 0 0 
544 9.29226e-06 0 0 0 0 9.29226e-06 9.29226e-06 0 0 0 
576 -3.08532e-05 0 0 0 0 -3.08532e-05 -3.08532e-05 0 0 0 
608 4.49402e-05 0 0 0 0 4.49402e-05 4.49402e-05 0 0 0 
640 5.41225e-05 0 0 0 0 5.41225e-05 5.41225e-05 0 0 0 
672 4.28122e-05 0 0 0 0 4.28122e-05 4.28122e-05 0 0 0 
704 3.63176e-05 0 0 0 0 3.63176e-05 3.63176e-05 0 0 0 
736 5.88278e-05 0 0 0 0 5.88278e-05 5.88278e-05 0 0 0 
768 3.99566e-05 0 0 0 0 3.99566e-05 3.99566e-05 0 0 0 
800 5.79645e-05 0 0 0 0 5.79645e-05 5.79645e-05 0 0 0 
832 4.23039e-05 0 0 0 0 4.23039e-05 4.23039e-05 0 0 0 
864 9.20243e-05 0 0 0 0 9.20243e-05 9.20243e-05 0 0 0 
896 7.90638e-05 0 0 0 0 7.90638e-05 7.90638e-05 0 0 0 
928 0.000135454 0 0 0 0 0.000135454 0.000135454 0 0 0 
960 0.000178937 0 0 0 0 0.000178937 0.000178937 0 0 0 
992 0.000215438 0 0 0 0 0.000215438 0.000215438 0 0 0 
1024 0.000249018 0 0 0 0 0.000249018 0.000249018 0 0 0 
1056 0.0002676 0 0 0 0 0.0002676 0.0002676 0 0 0 
1088 0.000334238 0 0 0 0 0.000334238 0.000334238 0 0 0 
1120 0.000313511 0 0 0 0 0.000313511 0.000313511 0 0 0 
1152 0.000372651 0 0 0 0 0.000372651 0.000372651 0 0 0 
1184 0.000300411 0 0 0 0 0.000300411 0.000300411 0 0 0 
1216 0.000205455 0 0 0 0 0.000205455 0.000205455 0 0 0 
1248 0.000139172 0 0 0 0 0.000139172 0.000139172 0 0 0 
1280 9.16387e-06 0 0 0 0 9.16387e-06 9.16387e-06 0 0 0 
1312 -0.000255988 0 0 0 0 -0.000255988 -0.000255988 0 0 0 
1344 -0.000425815 0 0 0 0 -0.000425815 -0.000425815 0 0 0 
1376 -0.000592372 0 0 0 0 -0.000592372 -0.000592372 0 0 0 
1408 -0.000711234 0 0 0 0 -0.000711234 -0.000711234 0 0 0 
1440 -0.000762616 0 0 0 0 -0.000762616 -0.000762616 0 0 0 
1472 -0.000757933 0 0 0 0 -0.000757933 -0.000757933 0 0 0 
1504 -0.00070553 0 0 0 0 -0.00070553 -0.00070553 0 0 0 
1536 -0.000607814 0 0 0 0 -0.000607814 -0.000607814 0 0 0 
1568 -0.000543714 0 0 0 0 -0.000543714 -0.000543714 0 0 0 
1600 -0.000417945 0 0 0 0 -0.000417945 -0.000417945 0 0 0 
1632 -0.000393858 0 0 0 0 -0.000393858 -0.000393858 0 0 0 
1664 -0.000386324 0 0 0 0 -0.000386324 -0.000386324 0 0 0 
1696 -0.000369742 0 0 0 0 -0.000369742 -0.000369742 0 0 0 
1728 -0.000393523 0 0 0 0 -0.000393523 -0.000393523 0 0 0 
1760 -0.000354766 0 0 0 0 -0.000354766 -0.000354766 0 0 0 
1792 -0.000332708 0 0 0 0 -0.000332708 -0.000332708 0 0 0 
1824 -0.000369775 0 0 0 0 -0.000369775 -0.000369775 0 0 0 
1856 -0.000318524 0 0 0 0 -0.000318524 -0.000318524 0 0 0 
1888 -0.000286444 0 0 0 0 -0.000286444 -0.000286444 0 0 0 
1920 -0.000255371 0 0 0 0 -0.000255371 -0.000255371 0 0 0 
1952 -0.000222356 0 0 0 0 -0.000222356 -0.000222356 0 0 0 
1984 -0.000228772 0 0 0 0 -0.000228772 -0.000228772 0 0 0 
2016 -0.000202649 0 0 0 0 -0.000202649 -0.000202649 0 0 0 
2048 -0.000185186 0 0 0 0 -0.000185186 -0.000185186 0 0 0 
2080 -0.000229894 0 0 0 0 -0.000229894 -0.000229894 0 0 0 
2112 -0.000158577 0 0 0 0 -0.000158577 -0.000158577 0 0 0 
2144 -0.000177677 0 0 0 0 -0.000177677 -0.000177677 0 0 0 
2176 -0.00013874 0 0 0 0 -0.00013874 -0.00013874 0 0 0 
2208 -0.000124214 0 0 0 0 -0.000124214 -0.000124214 0 0 0 
2240 -0.00014923 0 0 0 0 -0.00014923 -0.00014923 0 0 0 
2272 -0.000106113 0 0 0 0 -0.000106113 -0.000106113 0 0 0 
2304 -9.78166e-05 0 0 0 0 -9.78166e-05 -9.78166e-05 0 0 0 
2336 -0.000122048 0 0 0 0 -0.000122048 -0.000122048 0 0 0 
2368 -0.000121514 0 0 0 0 -0.000121514 -0.000121514 0 0 0 
2400 -5.74427e-05 0 0 0 0 -5.74427e-05 -5.74427e-05 0 0 0 
2432 -5.59421e-05 0 0 0 0 -5.59421e-05 -5.59421e-05 0 0 0 
2464 -6.55597e-05 0 0 0 0 -6.55597e-05 -6.55597e-05 0 0 0 
2496 -5.1103e-05 0 0 0 0 -5.1103e-05 -5.1103e-05 0 0 0 
2528 -7.52455e-05 0 0 0 0 -7.52455e-05 -7.52455e-05 0 0 0 
2560 -8.32642e-05 0 0 0 0 -8.32642e-05 -8.32642e-05 0 0 0 
2592 -0.00010911 0 0 0 0 -0.00010911 -0.00010911 0 0 0 
2624 -7.93039e-05 0 0 0 0 -7.93039e-05 -7.93039e-05 0 0 0 
2656 -6.56032e-05 0 0 0 0 -6.56032e-05 -6.56032e-05 0 0 0 
2688 -5.80733e-05 0 0 0 0 -5.80733e-05 -5.80733e-05 0 0 0 
2720 -1.1166e-05 0 0 0 0 -1.1166e-05 -1.1166e-05 0 0 0 
2752 -2.23255e-05 0 0 0 0 -2.23255e-05 -2.23255e-05 0 0 0 
2784 -6.85598e-05 0 0 0 0 -6.85598e-05 -6.85598e-05 0 0 0 
2816 -3.73816e-05 0 0 0 0 -3.73816e-05 -3.73816e-05 0 0 0 
2848 -2.29941e-05 0 0 0 0 -2.29941e-05 -2.29941e-05 0 0 0 
2880 -5.45247e-05 0 0 0 0 -5.45247e-05 -5.45247e-05 0 0 0 
2912 -8.40076e-05 0 0 0 0 -8.40076e-05 -8.40076e-05 0 0 0 
2944 -7.24842e-05 0 0 0 0 -7.24842e-05 -7.24842e-05 0 0 0 
2976 -5.07228e-05 0 0 0 0 -5.07228e-05 -5.07228e-05 0 0 0 
3008 -4.27675e-05 0 0 0 0 -4.27675e-05 -4.27675e-05 0 0 0 
3040 -4.24146e-05 0 0 0 0 -4.24146e-05 -4.24146e-05 0 0 0 
3072 -4.6429e-05 0 0 0 0 -4.6429e-05 -4.6429e-05 0 0 0 
3104 -3.41795e-05 0 0 0 0 -3.41795e-05 -3.41795e-05 0 0 0 
3136 -5.05787e-05 0 0 0 0 -5.05787e-05 -5.05787e-05 0 0 0 
3168 -2.64114e-05 0 0 0 0 -2.64114e-05 -2.64114e-05 0 0 0 
