1 1.244366 1.067983 0.817208 0.000000 0.000000 0.000000 -0.000000 0.000000 -0.000000
2 1.244382 1.067995 0.817213 0.000016 0.000000 0.000016 0.000005 0.000000 0.000005
3 1.244386 1.067999 0.817214 0.000020 0.000000 0.000020 0.000007 0.000000 0.000007
4 1.244387 1.067999 0.817215 0.000021 0.000000 0.000021 0.000007 0.000000 0.000007
5 1.244380 1.067994 0.817212 0.000014 0.000000 0.000014 0.000005 0.000000 0.000005
6 1.244400 1.068010 0.817219 0.000035 0.000000 0.000035 0.000012 0.000000 0.000012
7 1.244418 1.068023 0.817225 0.000052 0.000000 0.000052 0.000018 0.000000 0.000018
8 1.244430 1.068032 0.817229 0.000064 0.000000 0.000064 0.000022 0.000000 0.000022
9 1.244454 1.068051 0.817237 0.000088 0.000000 0.000088 0.000030 0.000000 0.000030
10 1.244480 1.068071 0.817246 0.000114 0.000000 0.000114 0.000038 0.000000 0.000038
11 1.244482 1.068072 0.817247 0.000116 0.000000 0.000116 0.000039 0.000000 0.000039
12 1.244491 1.068080 0.817250 0.000125 0.000000 0.000125 0.000042 0.000000 0.000042
13 1.244511 1.068095 0.817257 0.000145 0.000000 0.000145 0.000049 0.000000 0.000049
14 1.244523 1.068105 0.817261 0.000157 0.000000 0.000157 0.000053 0.000000 0.000053
15 1.244545 1.068122 0.817268 0.000179 0.000000 0.000179 0.000060 0.000000 0.000060
16 1.244581 1.068149 0.817280 0.000215 0.000000 0.000215 0.000072 0.000000 0.000072
17 1.244613 1.068174 0.817291 0.000247 0.000000 0.000247 0.000083 0.000000 0.000083
18 1.244653 1.068205 0.817304 0.000287 0.000000 0.000287 0.000097 0.000000 0.000097
19 1.244688 1.068232 0.817316 0.000322 0.000000 0.000322 0.000108 0.000000 0.000108
20 1.244712 1.068250 0.817324 0.000346 0.000000 0.000346 0.000116 0.000000 0.000116
21 1.244744 1.068275 0.817335 0.000378 0.000000 0.000378 0.000127 0.000000 0.000127
22 1.244768 1.068294 0.817343 0.000401 0.000000 0.000401 0.000135 0.000000 0.000135
23 1.244815 1.068330 0.817359 0.000448 0.000000 0.000448 0.000151 0.000000 0.000151
24 1.244876 1.068378 0.817379 0.000510 0.000001 0.000510 0.000172 0.000001 0.000172
25 1.244935 1.068423 0.817399 0.000569 0.000001 0.000569 0.000191 0.000001 0.000191
26 1.245003 1.068476 0.817422 0.000637 0.000001 0.000637 0.000214 0.000001 0.000214
27 1.245086 1.068540 0.817450 0.000719 0.000001 0.000719 0.000242 0.000001 0.000242
28 1.245157 1.068594 0.817473 0.000790 0.000001 0.000790 0.000265 0.000001 0.000265
29 1.245231 1.068652 0.817498 0.000863 0.000002 0.000863 0.000290 0.000002 0.000290
30 1.245320 1.068720 0.817528 0.000952 0.000002 0.000952 0.000320 0.000002 0.000320
31 1.245408 1.068789 0.817558 0.001040 0.000003 0.001040 0.000349 0.000003 0.000349
32 1.245489 1.068851 0.817585 0.001120 0.000003 0.001120 0.000376 0.000003 0.000376
33 1.245572 1.068915 0.817613 0.001203 0.000003 0.001203 0.000404 0.000003 0.000404
34 1.245667 1.068988 0.817645 0.001297 0.000004 0.001297 0.000436 0.000004 0.000436
35 1.245777 1.069073 0.817682 0.001407 0.000005 0.001407 0.000472 0.000005 0.000472
36 1.245896 1.069165 0.817722 0.001526 0.000005 0.001526 0.000512 0.000005 0.000512
37 1.246019 1.069260 0.817763 0.001647 0.000006 0.001647 0.000553 0.000006 0.000553
38 1.246163 1.069370 0.817811 0.001790 0.000007 0.001790 0.000600 0.000007 0.000600
39 1.246307 1.069481 0.817859 0.001932 0.000009 0.001932 0.000648 0.000009 0.000648
40 1.246442 1.069586 0.817904 0.002067 0.000010 0.002067 0.000693 0.000010 0.000693
41 1.246562 1.069678 0.817944 0.002186 0.000011 0.002186 0.000733 0.000011 0.000733
42 1.246710 1.069792 0.817994 0.002332 0.000012 0.002332 0.000782 0.000012 0.000782
43 1.246843 1.069894 0.818038 0.002463 0.000014 0.002463 0.000825 0.000014 0.000825
44 1.246994 1.070011 0.818088 0.002613 0.000016 0.002613 0.000875 0.000016 0.000875
45 1.247173 1.070148 0.818148 0.002790 0.000018 0.002790 0.000934 0.000018 0.000934
46 1.247380 1.070307 0.818217 0.002994 0.000021 0.002994 0.001002 0.000021 0.001002
47 1.247593 1.070471 0.818288 0.003205 0.000024 0.003205 0.001072 0.000024 0.001072
48 1.247807 1.070635 0.818359 0.003415 0.000027 0.003415 0.001142 0.000027 0.001142
49 1.248021 1.070800 0.818431 0.003627 0.000030 0.003627 0.001213 0.000030 0.001213
50 1.248267 1.070988 0.818512 0.003869 0.000034 0.003869 0.001293 0.000034 0.001293
51 1.248514 1.071177 0.818594 0.004111 0.000039 0.004111 0.001373 0.000039 0.001373
52 1.248761 1.071367 0.818676 0.004354 0.000043 0.004354 0.001454 0.000043 0.001454
53 1.249041 1.071581 0.818769 0.004628 0.000049 0.004628 0.001545 0.000049 0.001545
54 1.249352 1.071819 0.818872 0.004933 0.000055 0.004933 0.001646 0.000055 0.001646
55 1.249665 1.072058 0.818976 0.005239 0.000062 0.005239 0.001747 0.000062 0.001747
56 1.249979 1.072298 0.819080 0.005546 0.000070 0.005546 0.001848 0.000070 0.001848
57 1.250325 1.072563 0.819194 0.005885 0.000078 0.005885 0.001960 0.000078 0.001960
58 1.250705 1.072853 0.819320 0.006255 0.000088 0.006255 0.002082 0.000088 0.002082
59 1.251119 1.073168 0.819456 0.006658 0.000100 0.006658 0.002214 0.000100 0.002214
60 1.251535 1.073484 0.819593 0.007062 0.000112 0.007062 0.002347 0.000112 0.002347
61 1.252017 1.073851 0.819751 0.007530 0.000127 0.007530 0.002501 0.000127 0.002501
62 1.252502 1.074220 0.819910 0.008000 0.000143 0.008000 0.002655 0.000143 0.002655
63 1.253022 1.074615 0.820081 0.008503 0.000162 0.008503 0.002819 0.000162 0.002819
64 1.253611 1.075062 0.820274 0.009072 0.000184 0.009072 0.003005 0.000184 0.003005
65 1.254238 1.075537 0.820479 0.009676 0.000208 0.009676 0.003202 0.000208 0.003202
66 1.254902 1.076039 0.820695 0.010314 0.000236 0.010314 0.003410 0.000236 0.003410
67 1.255605 1.076570 0.820924 0.010989 0.000267 0.010989 0.003629 0.000267 0.003629
68 1.256382 1.077156 0.821176 0.011732 0.000303 0.011732 0.003869 0.000303 0.003869
69 1.257234 1.077798 0.821452 0.012545 0.000346 0.012545 0.004132 0.000346 0.004132
70 1.258163 1.078496 0.821753 0.013430 0.000395 0.013430 0.004417 0.000395 0.004417
71 1.259172 1.079253 0.822078 0.014387 0.000451 0.014387 0.004725 0.000451 0.004725
72 1.260227 1.080043 0.822417 0.015385 0.000514 0.015385 0.005045 0.000514 0.005045
73 1.261401 1.080921 0.822794 0.016494 0.000588 0.016494 0.005400 0.000588 0.005400
74 1.262590 1.081808 0.823174 0.017612 0.000667 0.017612 0.005756 0.000667 0.005756
75 1.263978 1.082841 0.823616 0.018912 0.000765 0.018912 0.006169 0.000765 0.006169
76 1.265423 1.083914 0.824075 0.020262 0.000873 0.020262 0.006596 0.000873 0.006596
77 1.266965 1.085055 0.824563 0.021696 0.000995 0.021696 0.007049 0.000995 0.007049
78 1.268608 1.086268 0.825081 0.023219 0.001132 0.023219 0.007528 0.001132 0.007528
79 1.270395 1.087584 0.825642 0.024868 0.001290 0.024868 0.008044 0.001290 0.008044
80 1.272252 1.088948 0.826222 0.026576 0.001463 0.026576 0.008577 0.001463 0.008577
81 1.274304 1.090450 0.826860 0.028456 0.001665 0.028456 0.009161 0.001665 0.009161
82 1.276520 1.092066 0.827546 0.030476 0.001894 0.030476 0.009786 0.001894 0.009786
83 1.278865 1.093770 0.828268 0.032605 0.002150 0.032605 0.010441 0.002150 0.010441
84 1.281363 1.095580 0.829034 0.034864 0.002437 0.034864 0.011134 0.002437 0.011134
85 1.284017 1.097494 0.829842 0.037252 0.002756 0.037252 0.011863 0.002756 0.011863
86 1.286836 1.099520 0.830695 0.039777 0.003112 0.039777 0.012630 0.003112 0.012630
87 1.289801 1.101641 0.831587 0.042421 0.003503 0.042421 0.013430 0.003503 0.013430
88 1.292983 1.103909 0.832539 0.045246 0.003943 0.045246 0.014280 0.003943 0.014280
89 1.296340 1.106290 0.833535 0.048212 0.004428 0.048212 0.015169 0.004428 0.015169
90 1.299851 1.108769 0.834570 0.051300 0.004956 0.051300 0.016089 0.004956 0.016089
91 1.303435 1.111287 0.835619 0.054437 0.005517 0.054437 0.017021 0.005517 0.017021
92 1.307164 1.113893 0.836701 0.057687 0.006124 0.057687 0.017981 0.006124 0.017981
93 1.311002 1.116563 0.837807 0.061018 0.006770 0.061018 0.018960 0.006770 0.018960
94 1.314898 1.119260 0.838921 0.064386 0.007449 0.064386 0.019947 0.007449 0.019947
95 1.318865 1.121992 0.840045 0.067800 0.008162 0.067800 0.020942 0.008162 0.020942
96 1.322902 1.124757 0.841180 0.071259 0.008910 0.071259 0.021947 0.008910 0.021947
97 1.326903 1.127484 0.842297 0.074676 0.009672 0.074676 0.022935 0.009672 0.022935
98 1.330876 1.130178 0.843395 0.078056 0.010448 0.078056 0.023909 0.010448 0.023909
99 1.334762 1.132800 0.844462 0.081350 0.011226 0.081350 0.024855 0.011226 0.024855
100 1.338503 1.135312 0.845481 0.084511 0.011990 0.084511 0.025760 0.011990 0.025760
101 1.342124 1.137732 0.846459 0.087561 0.012744 0.087561 0.026630 0.012744 0.026630
102 1.345574 1.140028 0.847385 0.090459 0.013476 0.090459 0.027455 0.013476 0.027455
103 1.348672 1.142080 0.848210 0.093054 0.014142 0.093054 0.028191 0.014142 0.028191
104 1.351422 1.143896 0.848938 0.095352 0.014742 0.095352 0.028842 0.014742 0.028842
105 1.353741 1.145422 0.849549 0.097286 0.015253 0.097286 0.029389 0.015253 0.029389
106 1.355556 1.146614 0.850025 0.098799 0.015657 0.098799 0.029815 0.015657 0.029815
107 1.356813 1.147437 0.850354 0.099844 0.015939 0.099844 0.030110 0.015939 0.030110
108 1.357514 1.147896 0.850537 0.100427 0.016096 0.100427 0.030274 0.016096 0.030274
109 1.357514 1.147896 0.850537 0.100427 0.016096 0.100427 0.030274 0.016096 0.030274
110 1.356813 1.147437 0.850354 0.099844 0.015939 0.099844 0.030110 0.015939 0.030110
111 1.355312 1.146454 0.849961 0.098595 0.015603 0.098595 0.029758 0.015603 0.029758
112 1.353094 1.144997 0.849379 0.096748 0.015110 0.096748 0.029236 0.015110 0.029236
113 1.349949 1.142925 0.848549 0.094122 0.014420 0.094122 0.028494 0.014420 0.028494
114 1.345936 1.140268 0.847481 0.090762 0.013553 0.090762 0.027541 0.013553 0.027541
115 1.341014 1.136991 0.846160 0.086627 0.012511 0.086627 0.026364 0.012511 0.026364
116 1.335321 1.133176 0.844615 0.081823 0.011339 0.081823 0.024991 0.011339 0.024991
117 1.328860 1.128813 0.842839 0.076343 0.010052 0.076343 0.023416 0.010052 0.023416
118 1.321732 1.123957 0.840852 0.070258 0.008691 0.070258 0.021656 0.008691 0.021656
119 1.314096 1.118706 0.838692 0.063693 0.007307 0.063693 0.019744 0.007307 0.019744
120 1.305957 1.113051 0.836352 0.056637 0.005925 0.056637 0.017671 0.005925 0.017671
121 1.297390 1.107032 0.833845 0.049136 0.004583 0.049136 0.015445 0.004583 0.015445
122 1.288514 1.100722 0.831201 0.041275 0.003331 0.041275 0.013083 0.003331 0.013083
123 1.279714 1.094386 0.828529 0.033374 0.002246 0.033374 0.010677 0.002246 0.010677
124 1.270944 1.087988 0.825814 0.025375 0.001341 0.025375 0.008202 0.001341 0.008202
125 1.262445 1.081700 0.823128 0.017476 0.000657 0.017476 0.005713 0.000657 0.005713
126 1.254304 1.075587 0.820500 0.009739 0.000211 0.009739 0.003223 0.000211 0.003223
127 1.246511 1.069639 0.817927 0.002135 0.000010 0.002135 0.000716 0.000010 0.000716
128 1.239014 1.063812 0.815389 -0.005421 0.000070 -0.005421 -0.001844 0.000070 -0.001844
129 1.232067 1.058296 0.812968 -0.012709 0.000398 -0.012709 -0.004391 0.000398 -0.004391
130 1.225795 1.053191 0.810710 -0.019617 0.000980 -0.019617 -0.006890 0.000980 -0.006890
131 1.220177 1.048483 0.808607 -0.026180 0.001803 -0.026180 -0.009353 0.001803 -0.009353
132 1.215300 1.044247 0.806693 -0.032304 0.002830 -0.032304 -0.011744 0.002830 -0.011744
133 1.211131 1.040463 0.804961 -0.038015 0.004035 -0.038015 -0.014067 0.004035 -0.014067
134 1.207660 1.037132 0.803413 -0.043302 0.005380 -0.043302 -0.016309 0.005380 -0.016309
135 1.204847 1.034236 0.802039 -0.048179 0.006829 -0.048179 -0.018465 0.006829 -0.018465
136 1.202661 1.031768 0.800841 -0.052620 0.008333 -0.052620 -0.020510 0.008333 -0.020510
137 1.201036 1.029698 0.799807 -0.056633 0.009850 -0.056633 -0.022431 0.009850 -0.022431
138 1.199911 1.028008 0.798936 -0.060184 0.011323 -0.060184 -0.024193 0.011323 -0.024193
139 1.199188 1.026644 0.798206 -0.063306 0.012721 -0.063306 -0.025794 0.012721 -0.025794
140 1.198775 1.025537 0.797589 -0.066076 0.014043 -0.066076 -0.027257 0.014043 -0.027257
141 1.198603 1.024663 0.797079 -0.068476 0.015251 -0.068476 -0.028557 0.015251 -0.028557
142 1.198600 1.023986 0.796665 -0.070512 0.016322 -0.070512 -0.029685 0.016322 -0.029685
143 1.198701 1.023477 0.796338 -0.072187 0.017234 -0.072187 -0.030630 0.017234 -0.030630
144 1.198855 1.023093 0.796080 -0.073553 0.017999 -0.073553 -0.031413 0.017999 -0.031413
145 1.199020 1.022817 0.795886 -0.074611 0.018604 -0.074611 -0.032026 0.018604 -0.032026
146 1.199164 1.022629 0.795749 -0.075377 0.019048 -0.075377 -0.032474 0.019048 -0.032474
147 1.199276 1.022506 0.795657 -0.075901 0.019356 -0.075901 -0.032782 0.019356 -0.032782
148 1.199343 1.022438 0.795605 -0.076197 0.019531 -0.076197 -0.032958 0.019531 -0.032958
149 1.199358 1.022424 0.795594 -0.076259 0.019567 -0.076259 -0.032994 0.019567 -0.032994
150 1.199323 1.022458 0.795621 -0.076108 0.019478 -0.076108 -0.032905 0.019478 -0.032905
151 1.199239 1.022545 0.795686 -0.075733 0.019257 -0.075733 -0.032684 0.019257 -0.032684
152 1.199114 1.022691 0.795794 -0.075122 0.018900 -0.075122 -0.032325 0.018900 -0.032325
153 1.198965 1.022899 0.795945 -0.074289 0.018418 -0.074289 -0.031839 0.018418 -0.031839
154 1.198809 1.023189 0.796145 -0.073204 0.017801 -0.073204 -0.031212 0.017801 -0.031212
155 1.198669 1.023590 0.796412 -0.071803 0.017022 -0.071803 -0.030412 0.017022 -0.030412
156 1.198591 1.024100 0.796736 -0.070157 0.016132 -0.070157 -0.029487 0.016132 -0.029487
157 1.198612 1.024745 0.797128 -0.068241 0.015130 -0.068241 -0.028429 0.015130 -0.028429
158 1.198783 1.025565 0.797605 -0.066003 0.014007 -0.066003 -0.027217 0.014007 -0.027217
159 1.199161 1.026584 0.798173 -0.063450 0.012788 -0.063450 -0.025870 0.012788 -0.025870
160 1.199786 1.027797 0.798825 -0.060650 0.011525 -0.060650 -0.024429 0.011525 -0.024429
161 1.200719 1.029252 0.799580 -0.057543 0.010216 -0.057543 -0.022877 0.010216 -0.022877
162 1.201994 1.030952 0.800437 -0.054165 0.008899 -0.054165 -0.021241 0.008899 -0.021241
163 1.203647 1.032914 0.801401 -0.050519 0.007599 -0.050519 -0.019532 0.007599 -0.019532
164 1.205652 1.035090 0.802447 -0.046709 0.006370 -0.046709 -0.017806 0.006370 -0.017806
165 1.208030 1.037498 0.803584 -0.042708 0.005217 -0.042708 -0.016052 0.005217 -0.016052
166 1.210836 1.040187 0.804834 -0.038442 0.004135 -0.038442 -0.014245 0.004135 -0.014245
167 1.214028 1.043111 0.806176 -0.033990 0.003160 -0.033990 -0.012420 0.003160 -0.012420
168 1.217516 1.046192 0.807575 -0.029462 0.002321 -0.029462 -0.010623 0.002321 -0.010623
169 1.221327 1.049460 0.809045 -0.024800 0.001607 -0.024800 -0.008827 0.001607 -0.008827
170 1.225389 1.052856 0.810561 -0.020078 0.001029 -0.020078 -0.007060 0.001029 -0.007060
171 1.229490 1.056215 0.812050 -0.015503 0.000600 -0.015503 -0.005391 0.000600 -0.005391
172 1.233638 1.059554 0.813522 -0.011033 0.000297 -0.011033 -0.003798 0.000297 -0.003798
173 1.237806 1.062861 0.814973 -0.006666 0.000106 -0.006666 -0.002274 0.000106 -0.002274
174 1.241941 1.066100 0.816388 -0.002439 0.000014 -0.002439 -0.000825 0.000014 -0.000825
175 1.245923 1.069186 0.817731 0.001552 0.000006 0.001552 0.000521 0.000006 0.000521
176 1.249759 1.072130 0.819007 0.005331 0.000064 0.005331 0.001777 0.000064 0.001777
177 1.253382 1.074888 0.820199 0.008851 0.000175 0.008851 0.002933 0.000175 0.002933
178 1.256722 1.077412 0.821287 0.012057 0.000320 0.012057 0.003974 0.000320 0.003974
179 1.259733 1.079674 0.822259 0.014918 0.000484 0.014918 0.004896 0.000484 0.004896
180 1.262409 1.081673 0.823116 0.017442 0.000655 0.017442 0.005702 0.000655 0.005702
181 1.264754 1.083417 0.823863 0.019637 0.000822 0.019637 0.006399 0.000822 0.006399
182 1.266738 1.084887 0.824491 0.021485 0.000977 0.021485 0.006983 0.000977 0.006983
183 1.268339 1.086070 0.824996 0.022970 0.001109 0.022970 0.007449 0.001109 0.007449
184 1.269575 1.086981 0.825385 0.024113 0.001217 0.024113 0.007808 0.001217 0.007808
185 1.270473 1.087642 0.825666 0.024941 0.001297 0.024941 0.008067 0.001297 0.008067
186 1.271023 1.088046 0.825838 0.025447 0.001348 0.025447 0.008225 0.001348 0.008225
187 1.271220 1.088191 0.825900 0.025629 0.001366 0.025629 0.008282 0.001366 0.008282
188 1.271181 1.088162 0.825888 0.025592 0.001363 0.025592 0.008270 0.001363 0.008270
189 1.270866 1.087930 0.825789 0.025302 0.001333 0.025302 0.008180 0.001333 0.008180
190 1.270316 1.087526 0.825617 0.024796 0.001283 0.024796 0.008022 0.001283 0.008022
191 1.269575 1.086981 0.825385 0.024113 0.001217 0.024113 0.007808 0.001217 0.007808
192 1.268646 1.086297 0.825093 0.023255 0.001136 0.023255 0.007539 0.001136 0.007539
193 1.267611 1.085533 0.824767 0.022296 0.001048 0.022296 0.007238 0.001048 0.007238
194 1.266474 1.084692 0.824408 0.021240 0.000955 0.021240 0.006905 0.000955 0.006905
195 1.265237 1.083775 0.824016 0.020088 0.000859 0.020088 0.006541 0.000859 0.006541
196 1.263978 1.082841 0.823616 0.018912 0.000765 0.018912 0.006169 0.000765 0.006169
197 1.262699 1.081889 0.823209 0.017714 0.000674 0.017714 0.005788 0.000674 0.005788
198 1.261365 1.080895 0.822783 0.016460 0.000585 0.016460 0.005389 0.000585 0.005389
199 1.260050 1.079911 0.822361 0.015218 0.000503 0.015218 0.004992 0.000503 0.004992
200 1.258718 1.078913 0.821932 0.013957 0.000425 0.013957 0.004587 0.000425 0.004587
201 1.257474 1.077978 0.821530 0.012774 0.000358 0.012774 0.004206 0.000358 0.004206
202 1.256246 1.077054 0.821132 0.011602 0.000297 0.011602 0.003827 0.000297 0.003827
203 1.255103 1.076191 0.820761 0.010507 0.000245 0.010507 0.003472 0.000245 0.003472
204 1.254007 1.075361 0.820403 0.009453 0.000199 0.009453 0.003129 0.000199 0.003129
205 1.252957 1.074566 0.820060 0.008440 0.000159 0.008440 0.002799 0.000159 0.002799
206 1.251984 1.073827 0.819741 0.007499 0.000126 0.007499 0.002491 0.000126 0.002491
207 1.251087 1.073144 0.819445 0.006627 0.000099 0.006627 0.002204 0.000099 0.002204
208 1.250262 1.072515 0.819173 0.005823 0.000077 0.005823 0.001940 0.000077 0.001940
209 1.249508 1.071939 0.818924 0.005086 0.000059 0.005086 0.001696 0.000059 0.001696
210 1.248823 1.071414 0.818697 0.004415 0.000044 0.004415 0.001474 0.000044 0.001474
211 1.248206 1.070941 0.818492 0.003808 0.000033 0.003808 0.001273 0.000033 0.001273
212 1.247654 1.070518 0.818308 0.003265 0.000024 0.003265 0.001092 0.000024 0.001092
213 1.247164 1.070141 0.818145 0.002781 0.000018 0.002781 0.000931 0.000018 0.000931
214 1.246731 1.069808 0.818001 0.002353 0.000013 0.002353 0.000789 0.000013 0.000789
215 1.246352 1.069516 0.817874 0.001977 0.000009 0.001977 0.000663 0.000009 0.000663
216 1.246040 1.069276 0.817770 0.001668 0.000006 0.001668 0.000560 0.000006 0.000560
217 1.245771 1.069069 0.817680 0.001401 0.000005 0.001401 0.000470 0.000005 0.000470
218 1.245554 1.068901 0.817607 0.001185 0.000003 0.001185 0.000398 0.000003 0.000398
219 1.245400 1.068782 0.817555 0.001031 0.000002 0.001031 0.000347 0.000002 0.000347
220 1.245281 1.068690 0.817515 0.000913 0.000002 0.000913 0.000307 0.000002 0.000307
221 1.245183 1.068615 0.817482 0.000816 0.000002 0.000816 0.000274 0.000002 0.000274
222 1.245112 1.068560 0.817459 0.000745 0.000001 0.000745 0.000251 0.000001 0.000251
223 1.245071 1.068528 0.817445 0.000704 0.000001 0.000704 0.000237 0.000001 0.000237
224 1.245042 1.068505 0.817435 0.000675 0.000001 0.000675 0.000227 0.000001 0.000227
225 1.245047 1.068510 0.817437 0.000681 0.000001 0.000681 0.000229 0.000001 0.000229
226 1.245083 1.068537 0.817449 0.000716 0.000001 0.000716 0.000241 0.000001 0.000241
227 1.245133 1.068576 0.817466 0.000766 0.000001 0.000766 0.000257 0.000001 0.000257
228 1.245192 1.068622 0.817485 0.000825 0.000002 0.000825 0.000277 0.000002 0.000277
229 1.244366 1.067983 0.817208 0.000000 0.000000 0.000000 -0.000000 0.000000 -0.000000
230 1.244366 1.067983 0.817208 0.000000 0.000000 0.000000 -0.000000 0.000000 -0.000000
231 1.244366 1.067983 0.817208 0.000000 0.000000 0.000000 -0.000000 0.000000 -0.000000
232 1.244366 1.067983 0.817208 0.000000 0.000000 0.000000 -0.000000 0.000000 -0.000000
233 1.244366 1.067983 0.817208 0.000000 0.000000 0.000000 -0.000000 0.000000 -0.000000
234 1.244366 1.067983 0.817208 0.000000 0.000000 0.000000 -0.000000 0.000000 -0.000000
235 1.244366 1.067983 0.817208 0.000000 0.000000 0.000000 -0.000000 0.000000 -0.000000
236 1.244366 1.067983 0.817208 0.000000 0.000000 0.000000 -0.000000 0.000000 -0.000000
237 1.244366 1.067983 0.817208 0.000000 0.000000 0.000000 -0.000000 0.000000 -0.000000
238 1.244366 1.067983 0.817208 0.000000 0.000000 0.000000 -0.000000 0.000000 -0.000000
239 1.244366 1.067983 0.817208 0.000000 0.000000 0.000000 -0.000000 0.000000 -0.000000
240 1.244366 1.067983 0.817208 0.000000 0.000000 0.000000 -0.000000 0.000000 -0.000000
241 1.244366 1.067983 0.817208 0.000000 0.000000 0.000000 -0.000000 0.000000 -0.000000
242 1.244366 1.067983 0.817208 0.000000 0.000000 0.000000 -0.000000 0.000000 -0.000000
243 1.244366 1.067983 0.817208 0.000000 0.000000 0.000000 -0.000000 0.000000 -0.000000
244 1.244366 1.067983 0.817208 0.000000 0.000000 0.000000 -0.000000 0.000000 -0.000000
245 1.244366 1.067983 0.817208 0.000000 0.000000 0.000000 -0.000000 0.000000 -0.000000
246 1.244366 1.067983 0.817208 0.000000 0.000000 0.000000 -0.000000 0.000000 -0.000000
247 1.244366 1.067983 0.817208 0.000000 0.000000 0.000000 -0.000000 0.000000 -0.000000
248 1.244366 1.067983 0.817208 0.000000 0.000000 0.000000 -0.000000 0.000000 -0.000000
249 1.244366 1.067983 0.817208 0.000000 0.000000 0.000000 -0.000000 0.000000 -0.000000
250 1.244366 1.067983 0.817208 0.000000 0.000000 0.000000 -0.000000 0.000000 -0.000000
