1  1.24437  1.06798  0.817208  -1.60604e-17  0  -1.60604e-17  0  0  0
2  1.24438  1.068  0.817213  1.58438e-05  4.85603e-22  1.58438e-05  5.33313e-06  4.85603e-22  5.33313e-06
3  1.24439  1.068  0.817215  2.03832e-05  6.24732e-22  2.03832e-05  6.8611e-06  6.24732e-22  6.8611e-06
4  1.24439  1.068  0.817215  2.15253e-05  6.59738e-22  2.15253e-05  7.24556e-06  6.59738e-22  7.24556e-06
5  1.24438  1.06799  0.817213  1.41452e-05  4.33542e-22  1.41452e-05  4.76137e-06  4.33542e-22  4.76137e-06
6  1.2444  1.06801  0.81722  3.45577e-05  1.05917e-21  3.45577e-05  1.16323e-05  1.05917e-21  1.16323e-05
7  1.24442  1.06802  0.817226  5.21294e-05  1.59773e-21  5.21294e-05  1.75471e-05  1.59773e-21  1.75471e-05
8  1.24443  1.06803  0.81723  6.41367e-05  1.96575e-21  6.41367e-05  2.15888e-05  1.96575e-21  2.15888e-05
9  1.24445  1.06805  0.817238  8.78585e-05  2.69281e-21  8.78585e-05  2.95737e-05  2.69281e-21  2.95737e-05
10  1.24448  1.06807  0.817246  0.000113923  3.49168e-21  0.000113923  3.83473e-05  3.49168e-21  3.83473e-05
11  1.24448  1.06807  0.817247  0.000115973  3.55451e-21  0.000115973  3.90373e-05  3.55451e-21  3.90373e-05
12  1.24449  1.06808  0.81725  0.000125052  3.83277e-21  0.000125052  4.20933e-05  3.83277e-21  4.20933e-05
13  1.24451  1.0681  0.817257  0.000145552  4.46109e-21  0.000145552  4.89938e-05  4.46109e-21  4.89938e-05
14  1.24452  1.06811  0.817261  0.00015756  4.8291e-21  0.00015756  5.30355e-05  4.8291e-21  5.30355e-05
15  1.24455  1.06812  0.817268  0.000179524  5.50231e-21  0.000179524  6.0429e-05  5.50231e-21  6.0429e-05
16  1.24458  1.06815  0.817281  0.000215253  6.59738e-21  0.000215253  7.24556e-05  6.59738e-21  7.24556e-05
17  1.24461  1.06817  0.817291  0.000246882  7.56679e-21  0.000246882  8.31021e-05  7.56679e-21  8.31021e-05
18  1.24465  1.06821  0.817305  0.000287005  8.79651e-21  0.000287005  9.66075e-05  8.79651e-21  9.66075e-05
19  1.24469  1.06823  0.817317  0.000322148  9.87363e-21  0.000322148  0.000108437  9.87363e-21  0.000108437
20  1.24471  1.06825  0.817325  0.000345577  1.05917e-20  0.000345577  0.000116323  1.05917e-20  0.000116323
21  1.24474  1.06828  0.817335  0.000377792  1.15791e-20  0.000377792  0.000127167  1.15791e-20  0.000127167
22  1.24477  1.06829  0.817343  0.000401221  1.22972e-20  0.000401221  0.000135053  1.22972e-20  0.000135053
23  1.24482  1.06833  0.817359  0.000448079  1.37333e-20  0.000448079  0.000150826  1.37333e-20  0.000150826
24  1.24488  1.06838  0.81738  0.000509579  1.56183e-20  0.000509579  0.000171528  1.56183e-20  0.000171528
25  1.24494  1.06842  0.8174  0.000568152  1.74135e-20  0.000568152  0.000191243  1.74135e-20  0.000191243
26  1.245  1.06848  0.817423  0.00063551  1.9478e-20  0.00063551  0.000213917  1.9478e-20  0.000213917
27  1.24509  1.06854  0.81745  0.000717511  2.19913e-20  0.000717511  0.000241519  2.19913e-20  0.000241519
28  1.24516  1.0686  0.817474  0.000787798  2.41455e-20  0.000787798  0.000265178  2.41455e-20  0.000265178
29  1.24523  1.06865  0.817499  0.000861014  2.63895e-20  0.000861014  0.000289822  2.63895e-20  0.000289822
30  1.24532  1.06872  0.817529  0.000948872  2.90823e-20  0.000948872  0.000319396  2.90823e-20  0.000319396
31  1.24541  1.06879  0.817559  0.00103673  3.17751e-20  0.00103673  0.00034897  3.17751e-20  0.00034897
32  1.24549  1.06885  0.817586  0.0011158  3.41987e-20  0.0011158  0.000375586  3.41987e-20  0.000375586
33  1.24557  1.06892  0.817614  0.0011978  3.6712e-20  0.0011978  0.000403188  3.6712e-20  0.000403188
34  1.24567  1.06899  0.817646  0.00129152  3.95843e-20  0.00129152  0.000434734  3.95843e-20  0.000434734
35  1.24578  1.06907  0.817683  0.00139988  4.29054e-20  0.00139988  0.000471208  4.29054e-20  0.000471208
36  1.2459  1.06917  0.817723  0.00151702  4.64958e-20  0.00151702  0.00051064  4.64958e-20  0.00051064
37  1.24602  1.06926  0.817764  0.0016371  5.0176e-20  0.0016371  0.000551057  5.0176e-20  0.000551057
38  1.24617  1.06937  0.817812  0.00177767  5.44845e-20  0.00177767  0.000598375  5.44845e-20  0.000598375
39  1.24631  1.06948  0.81786  0.00191824  5.8793e-20  0.00191824  0.000645693  5.8793e-20  0.000645693
40  1.24644  1.06959  0.817905  0.00205003  6.28322e-20  0.00205003  0.000690053  6.28322e-20  0.000690053
41  1.24657  1.06968  0.817945  0.00216718  6.64226e-20  0.00216718  0.000729485  6.64226e-20  0.000729485
42  1.24671  1.06979  0.817995  0.00231068  7.08209e-20  0.00231068  0.000777789  7.08209e-20  0.000777789
43  1.24685  1.0699  0.818039  0.00243954  7.47703e-20  0.00243954  0.000821164  7.47703e-20  0.000821164
44  1.247  1.07001  0.81809  0.00258597  7.92584e-20  0.00258597  0.000870453  7.92584e-20  0.000870453
45  1.24718  1.07015  0.81815  0.00275876  8.45542e-20  0.00275876  0.000928615  8.45542e-20  0.000928615
46  1.24738  1.07031  0.818219  0.0029579  9.06579e-20  0.0029579  0.000995649  9.06579e-20  0.000995649
47  1.2476  1.07047  0.81829  0.00316291  9.69411e-20  0.00316291  0.00106465  9.69411e-20  0.00106465
48  1.24781  1.07064  0.818361  0.00336791  1.03224e-19  0.00336791  0.00113366  1.03224e-19  0.00113366
49  1.24803  1.0708  0.818432  0.00357291  1.09508e-19  0.00357291  0.00120266  1.09508e-19  0.00120266
50  1.24827  1.07099  0.818514  0.0038072  1.16688e-19  0.0038072  0.00128153  1.16688e-19  0.00128153
51  1.24852  1.07118  0.818596  0.00404149  1.23869e-19  0.00404149  0.00136039  1.23869e-19  0.00136039
52  1.24877  1.07137  0.818678  0.00427578  1.3105e-19  0.00427578  0.00143925  1.3105e-19  0.00143925
53  1.24905  1.07158  0.818771  0.00453936  1.39128e-19  0.00453936  0.00152798  1.39128e-19  0.00152798
54  1.24936  1.07182  0.818874  0.00483222  1.48105e-19  0.00483222  0.00162655  1.48105e-19  0.00162655
55  1.24967  1.07206  0.818978  0.00512508  1.57081e-19  0.00512508  0.00172513  1.57081e-19  0.00172513
56  1.24998  1.0723  0.819082  0.00541794  1.66057e-19  0.00541794  0.00182371  1.66057e-19  0.00182371
57  1.25033  1.07257  0.819196  0.00574009  1.7593e-19  0.00574009  0.00193215  1.7593e-19  0.00193215
58  1.25071  1.07286  0.819322  0.00609153  1.86701e-19  0.00609153  0.00205044  1.86701e-19  0.00205044
59  1.25112  1.07317  0.819458  0.00647225  1.9837e-19  0.00647225  0.0021786  1.9837e-19  0.0021786
60  1.25154  1.07349  0.819595  0.00685297  2.10039e-19  0.00685297  0.00230675  2.10039e-19  0.00230675
61  1.25202  1.07385  0.819753  0.00729226  2.23503e-19  0.00729226  0.00245462  2.23503e-19  0.00245462
62  1.2525  1.07422  0.819912  0.00773155  2.36967e-19  0.00773155  0.00260249  2.36967e-19  0.00260249
63  1.25302  1.07462  0.820083  0.00820013  2.51329e-19  0.00820013  0.00276021  2.51329e-19  0.00276021
64  1.25361  1.07506  0.820276  0.00872728  2.67486e-19  0.00872728  0.00293766  2.67486e-19  0.00293766
65  1.25423  1.07554  0.82048  0.00928372  2.8454e-19  0.00928372  0.00312496  2.8454e-19  0.00312496
66  1.2549  1.07604  0.820696  0.00986944  3.02492e-19  0.00986944  0.00332211  3.02492e-19  0.00332211
67  1.2556  1.07657  0.820925  0.0104845  3.21342e-19  0.0104845  0.00352913  3.21342e-19  0.00352913
68  1.25637  1.07715  0.821176  0.011158  3.41987e-19  0.011158  0.00375586  3.41987e-19  0.00375586
69  1.25722  1.07779  0.821451  0.0118902  3.64427e-19  0.0118902  0.00400231  3.64427e-19  0.00400231
70  1.25814  1.07849  0.821751  0.0126809  3.88662e-19  0.0126809  0.00426847  3.88662e-19  0.00426847
71  1.25914  1.07924  0.822075  0.0135302  4.14693e-19  0.0135302  0.00455435  4.14693e-19  0.00455435
72  1.26018  1.08002  0.822412  0.0144088  4.41621e-19  0.0144088  0.00485009  4.41621e-19  0.00485009
73  1.26135  1.0809  0.822787  0.0153752  4.71242e-19  0.0153752  0.0051754  4.71242e-19  0.0051754
74  1.26252  1.08177  0.823164  0.0163417  5.00863e-19  0.0163417  0.00550071  5.00863e-19  0.00550071
75  1.26389  1.0828  0.823603  0.0174546  5.34971e-19  0.0174546  0.00587531  5.34971e-19  0.00587531
76  1.26531  1.08386  0.824058  0.0185967  5.69978e-19  0.0185967  0.00625977  5.69978e-19  0.00625977
77  1.26682  1.08498  0.82454  0.0197975  6.0678e-19  0.0197975  0.00666394  6.0678e-19  0.00666394
78  1.26843  1.08618  0.825052  0.0210568  6.45377e-19  0.0210568  0.00708783  6.45377e-19  0.00708783
79  1.27018  1.08747  0.825605  0.0224039  6.86666e-19  0.0224039  0.0075413  6.86666e-19  0.0075413
80  1.27198  1.08881  0.826177  0.0237804  7.28854e-19  0.0237804  0.00800462  7.28854e-19  0.00800462
81  1.27397  1.09028  0.826805  0.025274  7.74631e-19  0.025274  0.00850737  7.74631e-19  0.00850737
82  1.27611  1.09186  0.827478  0.0268554  8.23102e-19  0.0268554  0.0090397  8.23102e-19  0.0090397
83  1.27837  1.09351  0.828185  0.0284955  8.73368e-19  0.0284955  0.00959174  8.73368e-19  0.00959174
84  1.28076  1.09527  0.828932  0.0302067  9.25818e-19  0.0302067  0.0101678  9.25818e-19  0.0101678
85  1.28329  1.09712  0.829719  0.0319849  9.80317e-19  0.0319849  0.0107663  9.80317e-19  0.0107663
86  1.28596  1.09907  0.830548  0.0338311  1.0369e-18  0.0338311  0.0113878  1.0369e-18  0.0113878
87  1.28876  1.1011  0.831411  0.0357284  1.09505e-18  0.0357284  0.0120264  1.09505e-18  0.0120264
88  1.29173  1.10326  0.832329  0.037716  1.15597e-18  0.037716  0.0126954  1.15597e-18  0.0126954
89  1.29485  1.10552  0.833288  0.0397604  1.21863e-18  0.0397604  0.0133836  1.21863e-18  0.0133836
90  1.29809  1.10786  0.834279  0.0418443  1.2825e-18  0.0418443  0.0140851  1.2825e-18  0.0140851
91  1.30137  1.11023  0.83528  0.0439171  1.34603e-18  0.0439171  0.0147828  1.34603e-18  0.0147828
92  1.30475  1.11266  0.836309  0.0460181  1.41043e-18  0.0460181  0.01549  1.41043e-18  0.01549
93  1.3082  1.11514  0.837357  0.0481248  1.47499e-18  0.0481248  0.0161991  1.47499e-18  0.0161991
94  1.31168  1.11763  0.838408  0.0502087  1.53887e-18  0.0502087  0.0169006  1.53887e-18  0.0169006
95  1.31518  1.12014  0.839465  0.0522758  1.60222e-18  0.0522758  0.0175964  1.60222e-18  0.0175964
96  1.31872  1.12266  0.840528  0.0543259  1.66505e-18  0.0543259  0.0182864  1.66505e-18  0.0182864
97  1.32219  1.12513  0.841569  0.0563078  1.7258e-18  0.0563078  0.0189535  1.7258e-18  0.0189535
98  1.3256  1.12756  0.84259  0.0582278  1.78464e-18  0.0582278  0.0195998  1.78464e-18  0.0195998
99  1.3289  1.12991  0.843578  0.0600625  1.84088e-18  0.0600625  0.0202174  1.84088e-18  0.0202174
100  1.33206  1.13214  0.844518  0.0617897  1.89382e-18  0.0617897  0.0207988  1.89382e-18  0.0207988
101  1.33509  1.13429  0.845418  0.0634263  1.94398e-18  0.0634263  0.0213497  1.94398e-18  0.0213497
102  1.33795  1.13631  0.846268  0.0649553  1.99084e-18  0.0649553  0.0218643  1.99084e-18  0.0218643
103  1.3405  1.13811  0.847023  0.0663032  2.03215e-18  0.0663032  0.0223181  2.03215e-18  0.0223181
104  1.34274  1.1397  0.847689  0.0674812  2.06826e-18  0.0674812  0.0227146  2.06826e-18  0.0227146
105  1.34463  1.14103  0.848245  0.0684608  2.09828e-18  0.0684608  0.0230443  2.09828e-18  0.0230443
106  1.34609  1.14206  0.848679  0.0692196  2.12154e-18  0.0692196  0.0232997  2.12154e-18  0.0232997
107  1.34711  1.14277  0.848978  0.0697406  2.13751e-18  0.0697406  0.0234751  2.13751e-18  0.0234751
108  1.34767  1.14317  0.849144  0.0700296  2.14636e-18  0.0700296  0.0235724  2.14636e-18  0.0235724
109  1.34767  1.14317  0.849144  0.0700296  2.14636e-18  0.0700296  0.0235724  2.14636e-18  0.0235724
110  1.34711  1.14277  0.848978  0.0697406  2.13751e-18  0.0697406  0.0234751  2.13751e-18  0.0234751
111  1.3459  1.14192  0.848621  0.0691178  2.11842e-18  0.0691178  0.0232655  2.11842e-18  0.0232655
112  1.3441  1.14066  0.848091  0.068189  2.08995e-18  0.068189  0.0229528  2.08995e-18  0.0229528
113  1.34154  1.13885  0.847333  0.0668525  2.04899e-18  0.0668525  0.022503  2.04899e-18  0.022503
114  1.33825  1.13652  0.846356  0.0651139  1.9957e-18  0.0651139  0.0219177  1.9957e-18  0.0219177
115  1.33416  1.13363  0.845143  0.0629279  1.9287e-18  0.0629279  0.0211819  1.9287e-18  0.0211819
116  1.32938  1.13024  0.843719  0.0603229  1.84886e-18  0.0603229  0.0203051  1.84886e-18  0.0203051
117  1.32387  1.12633  0.842073  0.0572594  1.75496e-18  0.0572594  0.0192738  1.75496e-18  0.0192738
118  1.3177  1.12193  0.840221  0.053737  1.647e-18  0.053737  0.0180882  1.647e-18  0.0180882
119  1.31097  1.11712  0.838192  0.0497841  1.52585e-18  0.0497841  0.0167576  1.52585e-18  0.0167576
120  1.30366  1.11188  0.835978  0.0453443  1.38977e-18  0.0453443  0.0152632  1.38977e-18  0.0152632
121  1.29582  1.10622  0.833585  0.0403891  1.2379e-18  0.0403891  0.0135952  1.2379e-18  0.0135952
122  1.28755  1.10022  0.831038  0.0349106  1.06999e-18  0.0349106  0.0117511  1.06999e-18  0.0117511
123  1.27919  1.09411  0.828439  0.0290812  8.9132e-19  0.0290812  0.0097889  8.9132e-19  0.0097889
124  1.27071  1.08787  0.825775  0.0228139  6.99233e-19  0.0228139  0.00767931  6.99233e-19  0.00767931
125  1.26238  1.08167  0.823118  0.0162245  4.97272e-19  0.0162245  0.00546128  4.97272e-19  0.00546128
126  1.2543  1.07559  0.820502  0.00934229  2.86335e-19  0.00934229  0.00314467  2.86335e-19  0.00314467
127  1.24651  1.06964  0.817928  0.00211739  6.48967e-20  0.00211739  0.000712727  6.48967e-20  0.000712727
128  1.23901  1.06381  0.815388  -0.00556437  -1.70545e-19  -0.00556437  -0.001873  -1.70545e-19  -0.001873
129  1.2321  1.05831  0.812974  -0.0135009  -4.13795e-19  -0.0135009  -0.00454449  -4.13795e-19  -0.00454449
130  1.22596  1.05329  0.810745  -0.0215546  -6.60636e-19  -0.0215546  -0.00725542  -6.60636e-19  -0.00725542
131  1.22063  1.04875  0.808707  -0.0297333  -9.11306e-19  -0.0297333  -0.0100084  -9.11306e-19  -0.0100084
132  1.21623  1.04481  0.806906  -0.0378712  -1.16073e-18  -0.0378712  -0.0127477  -1.16073e-18  -0.0127477
133  1.21275  1.04145  0.805344  -0.0459393  -1.40801e-18  -0.0459393  -0.0154634  -1.40801e-18  -0.0154634
134  1.21019  1.03871  0.804027  -0.0538502  -1.65048e-18  -0.0538502  -0.0181263  -1.65048e-18  -0.0181263
135  1.20852  1.03655  0.802951  -0.0615461  -1.88635e-18  -0.0615461  -0.0207168  -1.88635e-18  -0.0207168
136  1.20767  1.03496  0.802112  -0.0689026  -2.11182e-18  -0.0689026  -0.023193  -2.11182e-18  -0.023193
137  1.20755  1.03389  0.801488  -0.0758456  -2.32462e-18  -0.0758456  -0.0255301  -2.32462e-18  -0.0255301
138  1.20801  1.03326  0.801061  -0.0822278  -2.52023e-18  -0.0822278  -0.0276784  -2.52023e-18  -0.0276784
139  1.20891  1.033  0.800792  -0.0880267  -2.69796e-18  -0.0880267  -0.0296303  -2.69796e-18  -0.0296303
140  1.21013  1.03301  0.800648  -0.093316  -2.86008e-18  -0.093316  -0.0314107  -2.86008e-18  -0.0314107
141  1.21153  1.03322  0.800599  -0.0980108  -3.00397e-18  -0.0980108  -0.032991  -3.00397e-18  -0.032991
142  1.21298  1.03355  0.800618  -0.102071  -3.12842e-18  -0.102071  -0.0343578  -3.12842e-18  -0.0343578
143  1.21437  1.03394  0.800677  -0.105463  -3.23239e-18  -0.105463  -0.0354996  -3.23239e-18  -0.0354996
144  1.21563  1.03433  0.800755  -0.108267  -3.3183e-18  -0.108267  -0.0364432  -3.3183e-18  -0.0364432
145  1.21669  1.03468  0.800835  -0.110458  -3.38547e-18  -0.110458  -0.0371809  -3.38547e-18  -0.0371809
146  1.2175  1.03497  0.800903  -0.112055  -3.43442e-18  -0.112055  -0.0377184  -3.43442e-18  -0.0377184
147  1.21808  1.03518  0.800955  -0.113154  -3.46809e-18  -0.113154  -0.0380882  -3.46809e-18  -0.0380882
148  1.21842  1.0353  0.800987  -0.113777  -3.48719e-18  -0.113777  -0.038298  -3.48719e-18  -0.038298
149  1.21849  1.03532  0.800994  -0.113907  -3.49117e-18  -0.113907  -0.0383418  -3.49117e-18  -0.0383418
150  1.21832  1.03526  0.800977  -0.11359  -3.48146e-18  -0.11359  -0.038235  -3.48146e-18  -0.038235
151  1.2179  1.03511  0.800938  -0.112803  -3.45733e-18  -0.112803  -0.03797  -3.45733e-18  -0.03797
152  1.21723  1.03487  0.800879  -0.111523  -3.4181e-18  -0.111523  -0.0375392  -3.4181e-18  -0.0375392
153  1.21636  1.03457  0.800809  -0.10979  -3.36499e-18  -0.10979  -0.036956  -3.36499e-18  -0.036956
154  1.21529  1.03422  0.800732  -0.107547  -3.29626e-18  -0.107547  -0.0362011  -3.29626e-18  -0.0362011
155  1.21403  1.03384  0.80066  -0.104682  -3.20843e-18  -0.104682  -0.0352365  -3.20843e-18  -0.0352365
156  1.21271  1.03348  0.800611  -0.101358  -3.10654e-18  -0.101358  -0.0341176  -3.10654e-18  -0.0341176
157  1.21138  1.03319  0.800601  -0.0975464  -2.98974e-18  -0.0975464  -0.0328347  -2.98974e-18  -0.0328347
158  1.21009  1.033  0.80065  -0.0931745  -2.85574e-18  -0.0931745  -0.0313631  -2.85574e-18  -0.0313631
159  1.20897  1.03299  0.800783  -0.0882986  -2.7063e-18  -0.0882986  -0.0297218  -2.7063e-18  -0.0297218
160  1.20812  1.03321  0.801014  -0.0830829  -2.54644e-18  -0.0830829  -0.0279662  -2.54644e-18  -0.0279662
161  1.20761  1.0337  0.801367  -0.0774595  -2.37409e-18  -0.0774595  -0.0260733  -2.37409e-18  -0.0260733
162  1.20755  1.0345  0.801855  -0.0715415  -2.1927e-18  -0.0715415  -0.0240813  -2.1927e-18  -0.0240813
163  1.20799  1.03566  0.802491  -0.0653802  -2.00386e-18  -0.0653802  -0.0220074  -2.00386e-18  -0.0220074
164  1.20895  1.03716  0.80326  -0.0591847  -1.81397e-18  -0.0591847  -0.0199219  -1.81397e-18  -0.0199219
165  1.21044  1.039  0.804168  -0.0529384  -1.62253e-18  -0.0529384  -0.0178194  -1.62253e-18  -0.0178194
166  1.21251  1.04122  0.805232  -0.0465619  -1.42709e-18  -0.0465619  -0.015673  -1.42709e-18  -0.015673
167  1.21513  1.04378  0.806432  -0.0402038  -1.23222e-18  -0.0402038  -0.0135329  -1.23222e-18  -0.0135329
168  1.21819  1.0466  0.807728  -0.0340305  -1.04301e-18  -0.0340305  -0.0114549  -1.04301e-18  -0.0114549
169  1.2217  1.04968  0.809128  -0.0279683  -8.57211e-19  -0.0279683  -0.0094143  -8.57211e-19  -0.0094143
170  1.22557  1.05296  0.810599  -0.0221111  -6.7769e-19  -0.0221111  -0.00744272  -6.7769e-19  -0.00744272
171  1.22956  1.05625  0.812064  -0.0166931  -5.11634e-19  -0.0166931  -0.00561901  -5.11634e-19  -0.00561901
172  1.23366  1.05956  0.813525  -0.0116266  -3.56348e-19  -0.0116266  -0.00391359  -3.56348e-19  -0.00391359
173  1.23781  1.06286  0.814972  -0.00688225  -2.10937e-19  -0.00688225  -0.00231661  -2.10937e-19  -0.00231661
174  1.24194  1.0661  0.816387  -0.00246882  -7.56679e-20  -0.00246882  -0.000831021  -7.56679e-20  -0.000831021
175  1.24593  1.06919  0.817732  0.00154338  4.73037e-20  0.00154338  0.000519512  4.73037e-20  0.000519512
176  1.24976  1.07213  0.819009  0.00521294  1.59773e-19  0.00521294  0.00175471  1.59773e-19  0.00175471
177  1.25338  1.07489  0.820201  0.00852228  2.61202e-19  0.00852228  0.00286865  2.61202e-19  0.00286865
178  1.25671  1.07741  0.821286  0.0114509  3.50963e-19  0.0114509  0.00385444  3.50963e-19  0.00385444
179  1.25969  1.07966  0.822254  0.0139988  4.29054e-19  0.0139988  0.00471208  4.29054e-19  0.00471208
180  1.26234  1.08164  0.823107  0.0161953  4.96374e-19  0.0161953  0.00545142  4.96374e-19  0.00545142
181  1.26465  1.08337  0.823847  0.0180696  5.53821e-19  0.0180696  0.00608233  5.53821e-19  0.00608233
182  1.2666  1.08482  0.824469  0.0196217  6.01394e-19  0.0196217  0.0066048  6.01394e-19  0.0066048
183  1.26817  1.08598  0.824968  0.0208518  6.39093e-19  0.0208518  0.00701883  6.39093e-19  0.00701883
184  1.26938  1.08688  0.825352  0.0217889  6.67817e-19  0.0217889  0.00733428  6.67817e-19  0.00733428
185  1.27025  1.08753  0.825629  0.0224625  6.88462e-19  0.0224625  0.00756101  6.88462e-19  0.00756101
186  1.27079  1.08793  0.825799  0.0228725  7.01028e-19  0.0228725  0.00769902  7.01028e-19  0.00769902
187  1.27098  1.08807  0.82586  0.0230189  7.05516e-19  0.0230189  0.00774831  7.05516e-19  0.00774831
188  1.27094  1.08804  0.825848  0.0229896  7.04618e-19  0.0229896  0.00773846  7.04618e-19  0.00773846
189  1.27063  1.08781  0.825751  0.0227554  6.97438e-19  0.0227554  0.00765959  6.97438e-19  0.00765959
190  1.2701  1.08742  0.825581  0.0223454  6.84871e-19  0.0223454  0.00752158  6.84871e-19  0.00752158
191  1.26938  1.08688  0.825352  0.0217889  6.67817e-19  0.0217889  0.00733428  6.67817e-19  0.00733428
192  1.26847  1.08621  0.825064  0.021086  6.46274e-19  0.021086  0.00709769  6.46274e-19  0.00709769
193  1.26746  1.08545  0.824742  0.0202953  6.22039e-19  0.0202953  0.00683153  6.22039e-19  0.00683153
194  1.26634  1.08463  0.824387  0.0194167  5.95111e-19  0.0194167  0.00653579  5.95111e-19  0.00653579
195  1.26513  1.08372  0.823999  0.0184503  5.6549e-19  0.0184503  0.00621048  5.6549e-19  0.00621048
196  1.26389  1.0828  0.823603  0.0174546  5.34971e-19  0.0174546  0.00587531  5.34971e-19  0.00587531
197  1.26263  1.08185  0.823199  0.0164295  5.03555e-19  0.0164295  0.00553029  5.03555e-19  0.00553029
198  1.26131  1.08087  0.822775  0.015346  4.70344e-19  0.015346  0.00516554  4.70344e-19  0.00516554
199  1.26001  1.07989  0.822356  0.0142624  4.37133e-19  0.0142624  0.0048008  4.37133e-19  0.0048008
200  1.25869  1.0789  0.821929  0.0131495  4.03024e-19  0.0131495  0.0044262  4.03024e-19  0.0044262
201  1.25745  1.07797  0.821529  0.0120952  3.7071e-19  0.0120952  0.00407132  3.7071e-19  0.00407132
202  1.25623  1.07705  0.821132  0.0110409  3.38396e-19  0.0110409  0.00371643  3.38396e-19  0.00371643
203  1.2551  1.07619  0.820761  0.0100452  3.07878e-19  0.0100452  0.00338126  3.07878e-19  0.00338126
204  1.254  1.07536  0.820405  0.00907872  2.78257e-19  0.00907872  0.00305595  2.78257e-19  0.00305595
205  1.25296  1.07457  0.820062  0.00814156  2.49534e-19  0.00814156  0.0027405  2.49534e-19  0.0027405
206  1.25199  1.07383  0.819743  0.00726297  2.22606e-19  0.00726297  0.00244476  2.22606e-19  0.00244476
207  1.25109  1.07315  0.819448  0.00644296  1.97473e-19  0.00644296  0.00216874  1.97473e-19  0.00216874
208  1.25027  1.07252  0.819175  0.00568152  1.74135e-19  0.00568152  0.00191243  1.74135e-19  0.00191243
209  1.24951  1.07194  0.818926  0.00497865  1.52593e-19  0.00497865  0.00167584  1.52593e-19  0.00167584
210  1.24883  1.07142  0.818699  0.00433435  1.32845e-19  0.00433435  0.00145897  1.32845e-19  0.00145897
211  1.24821  1.07094  0.818494  0.00374863  1.14893e-19  0.00374863  0.00126181  1.14893e-19  0.00126181
212  1.24766  1.07052  0.81831  0.00322148  9.87363e-20  0.00322148  0.00108437  9.87363e-20  0.00108437
213  1.24717  1.07014  0.818147  0.00274997  8.42849e-20  0.00274997  0.000925657  8.42849e-20  0.000925657
214  1.24673  1.06981  0.818002  0.00233118  7.14492e-20  0.00233118  0.000784689  7.14492e-20  0.000784689
215  1.24635  1.06952  0.817875  0.00196217  6.01394e-20  0.00196217  0.00066048  6.01394e-20  0.00066048
216  1.24604  1.06928  0.817771  0.0016576  5.08043e-20  0.0016576  0.000557957  5.08043e-20  0.000557957
217  1.24577  1.06907  0.817681  0.00139402  4.27259e-20  0.00139402  0.000469236  4.27259e-20  0.000469236
218  1.24556  1.0689  0.817608  0.00118023  3.61734e-20  0.00118023  0.000397274  3.61734e-20  0.000397274
219  1.2454  1.06878  0.817556  0.00102794  3.15059e-20  0.00102794  0.000346013  3.15059e-20  0.000346013
220  1.24528  1.06869  0.817516  0.0009108  2.79155e-20  0.0009108  0.000306581  2.79155e-20  0.000306581
221  1.24518  1.06862  0.817483  0.000814156  2.49534e-20  0.000814156  0.00027405  2.49534e-20  0.00027405
222  1.24511  1.06856  0.817459  0.000743869  2.27991e-20  0.000743869  0.000250391  2.27991e-20  0.000250391
223  1.24507  1.06853  0.817445  0.000702868  2.15425e-20  0.000702868  0.00023659  2.15425e-20  0.00023659
224  1.24504  1.06851  0.817435  0.000673582  2.06449e-20  0.000673582  0.000226732  2.06449e-20  0.000226732
225  1.24505  1.06851  0.817437  0.000679439  2.08244e-20  0.000679439  0.000228703  2.08244e-20  0.000228703
226  1.24508  1.06854  0.817449  0.000714583  2.19015e-20  0.000714583  0.000240533  2.19015e-20  0.000240533
227  1.24513  1.06858  0.817466  0.000764369  2.34274e-20  0.000764369  0.000257291  2.34274e-20  0.000257291
228  1.24519  1.06862  0.817486  0.000822942  2.52226e-20  0.000822942  0.000277007  2.52226e-20  0.000277007
229  1.24437  1.06798  0.817208  -1.60604e-17  0  -1.60604e-17  0  0  0
230  1.24437  1.06798  0.817208  -1.60604e-17  0  -1.60604e-17  0  0  0
231  1.24437  1.06798  0.817208  -1.60604e-17  0  -1.60604e-17  0  0  0
232  1.24437  1.06798  0.817208  -1.60604e-17  0  -1.60604e-17  0  0  0
233  1.24437  1.06798  0.817208  -1.60604e-17  0  -1.60604e-17  0  0  0
234  1.24437  1.06798  0.817208  -1.60604e-17  0  -1.60604e-17  0  0  0
235  1.24437  1.06798  0.817208  -1.60604e-17  0  -1.60604e-17  0  0  0
236  1.24437  1.06798  0.817208  -1.60604e-17  0  -1.60604e-17  0  0  0
237  1.24437  1.06798  0.817208  -1.60604e-17  0  -1.60604e-17  0  0  0
238  1.24437  1.06798  0.817208  -1.60604e-17  0  -1.60604e-17  0  0  0
239  1.24437  1.06798  0.817208  -1.60604e-17  0  -1.60604e-17  0  0  0
240  1.24437  1.06798  0.817208  -1.60604e-17  0  -1.60604e-17  0  0  0
241  1.24437  1.06798  0.817208  -1.60604e-17  0  -1.60604e-17  0  0  0
242  1.24437  1.06798  0.817208  -1.60604e-17  0  -1.60604e-17  0  0  0
243  1.24437  1.06798  0.817208  -1.60604e-17  0  -1.60604e-17  0  0  0
244  1.24437  1.06798  0.817208  -1.60604e-17  0  -1.60604e-17  0  0  0
245  1.24437  1.06798  0.817208  -1.60604e-17  0  -1.60604e-17  0  0  0
246  1.24437  1.06798  0.817208  -1.60604e-17  0  -1.60604e-17  0  0  0
247  1.24437  1.06798  0.817208  -1.60604e-17  0  -1.60604e-17  0  0  0
248  1.24437  1.06798  0.817208  -1.60604e-17  0  -1.60604e-17  0  0  0
249  1.24437  1.06798  0.817208  -1.60604e-17  0  -1.60604e-17  0  0  0
250  1.24437  1.06798  0.817208  -1.60604e-17  0  -1.60604e-17  0  0  0
