1 1.244366 1.067983 0.817208 0.000000 0.000000 0.000000 -0.000000 0.000000 -0.000000
2 1.244382 1.067995 0.817213 0.000016 0.000000 0.000016 -0.000000 0.000000 -0.000000
3 1.244386 1.067999 0.817214 0.000020 0.000000 0.000020 -0.000000 0.000000 -0.000000
4 1.244387 1.067999 0.817215 0.000021 0.000000 0.000021 -0.000000 0.000000 -0.000000
5 1.244380 1.067994 0.817212 0.000014 0.000000 0.000014 -0.000000 0.000000 -0.000000
6 1.244400 1.068010 0.817219 0.000035 0.000000 0.000035 -0.000000 0.000000 -0.000000
7 1.244418 1.068023 0.817225 0.000052 0.000000 0.000052 -0.000000 0.000000 -0.000000
8 1.244430 1.068032 0.817229 0.000064 0.000000 0.000064 -0.000000 0.000000 -0.000000
9 1.244454 1.068051 0.817237 0.000088 0.000000 0.000088 -0.000000 0.000000 -0.000000
10 1.244480 1.068071 0.817246 0.000114 0.000000 0.000114 -0.000000 0.000000 -0.000000
11 1.244482 1.068072 0.817247 0.000116 0.000000 0.000116 -0.000000 0.000000 -0.000000
12 1.244491 1.068080 0.817250 0.000125 0.000000 0.000125 -0.000000 0.000000 -0.000000
13 1.244511 1.068095 0.817257 0.000145 0.000000 0.000145 -0.000000 0.000000 -0.000000
14 1.244523 1.068105 0.817261 0.000157 0.000000 0.000157 -0.000000 0.000000 -0.000000
15 1.244545 1.068122 0.817268 0.000179 0.000000 0.000179 -0.000000 0.000000 -0.000000
16 1.244581 1.068149 0.817280 0.000215 0.000000 0.000215 -0.000000 0.000000 -0.000000
17 1.244613 1.068174 0.817291 0.000247 0.000000 0.000247 -0.000000 0.000000 -0.000000
18 1.244653 1.068205 0.817304 0.000287 0.000000 0.000287 -0.000000 0.000000 -0.000000
19 1.244688 1.068232 0.817316 0.000322 0.000000 0.000322 -0.000000 0.000000 -0.000000
20 1.244712 1.068250 0.817324 0.000346 0.000000 0.000346 -0.000000 0.000000 -0.000000
21 1.244744 1.068275 0.817335 0.000378 0.000000 0.000378 -0.000000 0.000000 -0.000000
22 1.244767 1.068294 0.817343 0.000401 0.000000 0.000401 -0.000000 0.000000 -0.000000
23 1.244814 1.068330 0.817359 0.000448 0.000000 0.000448 -0.000000 0.000000 -0.000000
24 1.244876 1.068378 0.817379 0.000510 0.000000 0.000510 -0.000000 0.000000 -0.000000
25 1.244935 1.068423 0.817399 0.000569 0.000000 0.000569 -0.000000 0.000000 -0.000000
26 1.245003 1.068476 0.817422 0.000637 0.000000 0.000637 -0.000000 0.000000 -0.000000
27 1.245085 1.068539 0.817450 0.000719 0.000000 0.000719 -0.000000 0.000000 -0.000000
28 1.245156 1.068594 0.817473 0.000790 0.000000 0.000790 -0.000000 0.000000 -0.000000
29 1.245230 1.068651 0.817498 0.000863 0.000000 0.000863 -0.000000 0.000000 -0.000000
30 1.245318 1.068720 0.817528 0.000952 0.000000 0.000952 -0.000000 0.000000 -0.000000
31 1.245407 1.068788 0.817558 0.001040 0.000000 0.001040 -0.000000 0.000000 -0.000000
32 1.245487 1.068850 0.817585 0.001120 0.000000 0.001120 -0.000000 0.000000 -0.000000
33 1.245570 1.068914 0.817613 0.001203 0.000000 0.001203 -0.000000 0.000000 -0.000000
34 1.245665 1.068988 0.817644 0.001297 0.000000 0.001297 -0.000000 0.000000 -0.000000
35 1.245775 1.069072 0.817681 0.001407 0.000000 0.001407 -0.000000 0.000000 -0.000000
36 1.245894 1.069164 0.817721 0.001525 0.000000 0.001525 -0.000000 0.000000 -0.000000
37 1.246016 1.069259 0.817762 0.001647 0.000000 0.001647 -0.000000 0.000000 -0.000000
38 1.246159 1.069369 0.817810 0.001790 0.000000 0.001790 -0.000000 0.000000 -0.000000
39 1.246302 1.069480 0.817858 0.001932 0.000000 0.001932 -0.000000 0.000000 -0.000000
40 1.246437 1.069584 0.817904 0.002066 0.000000 0.002066 -0.000000 0.000000 -0.000000
41 1.246557 1.069676 0.817944 0.002186 0.000000 0.002186 -0.000000 0.000000 -0.000000
42 1.246704 1.069790 0.817993 0.002332 0.000000 0.002332 -0.000000 0.000000 -0.000000
43 1.246836 1.069892 0.818037 0.002463 0.000000 0.002463 -0.000000 0.000000 -0.000000
44 1.246986 1.070008 0.818088 0.002613 0.000000 0.002613 -0.000000 0.000000 -0.000000
45 1.247164 1.070145 0.818147 0.002790 0.000000 0.002790 -0.000000 0.000000 -0.000000
46 1.247369 1.070303 0.818216 0.002994 0.000000 0.002994 -0.000000 0.000000 -0.000000
47 1.247581 1.070466 0.818287 0.003204 0.000000 0.003204 -0.000000 0.000000 -0.000000
48 1.247794 1.070630 0.818358 0.003415 0.000000 0.003415 -0.000000 0.000000 -0.000000
49 1.248006 1.070794 0.818429 0.003626 0.000000 0.003626 -0.000000 0.000000 -0.000000
50 1.248250 1.070982 0.818511 0.003868 0.000000 0.003868 -0.000000 0.000000 -0.000000
51 1.248495 1.071170 0.818593 0.004111 0.000000 0.004111 -0.000000 0.000000 -0.000000
52 1.248740 1.071359 0.818675 0.004354 0.000000 0.004354 -0.000000 0.000000 -0.000000
53 1.249016 1.071572 0.818767 0.004628 0.000000 0.004628 -0.000000 0.000000 -0.000000
54 1.249324 1.071809 0.818870 0.004933 0.000000 0.004933 -0.000000 0.000000 -0.000000
55 1.249634 1.072046 0.818973 0.005239 0.000000 0.005239 -0.000000 0.000000 -0.000000
56 1.249944 1.072285 0.819077 0.005545 0.000000 0.005545 -0.000000 0.000000 -0.000000
57 1.250286 1.072548 0.819191 0.005884 0.000000 0.005884 -0.000000 0.000000 -0.000000
58 1.250661 1.072836 0.819316 0.006254 0.000000 0.006254 -0.000000 0.000000 -0.000000
59 1.251069 1.073149 0.819452 0.006656 0.000000 0.006656 -0.000000 0.000000 -0.000000
60 1.251478 1.073463 0.819588 0.007060 0.000000 0.007060 -0.000000 0.000000 -0.000000
61 1.251953 1.073827 0.819746 0.007528 0.000000 0.007528 -0.000000 0.000000 -0.000000
62 1.252430 1.074193 0.819905 0.007997 0.000000 0.007997 -0.000000 0.000000 -0.000000
63 1.252941 1.074585 0.820075 0.008500 0.000000 0.008500 -0.000000 0.000000 -0.000000
64 1.253520 1.075028 0.820267 0.009069 0.000000 0.009069 -0.000000 0.000000 -0.000000
65 1.254134 1.075498 0.820471 0.009671 0.000000 0.009671 -0.000000 0.000000 -0.000000
66 1.254784 1.075995 0.820687 0.010309 0.000000 0.010309 -0.000000 0.000000 -0.000000
67 1.255472 1.076521 0.820915 0.010983 0.000000 0.010983 -0.000000 0.000000 -0.000000
68 1.256230 1.077100 0.821166 0.011724 0.000000 0.011724 -0.000000 0.000000 -0.000000
69 1.257060 1.077734 0.821441 0.012536 0.000000 0.012536 -0.000000 0.000000 -0.000000
70 1.257965 1.078423 0.821740 0.013418 0.000000 0.013418 -0.000000 0.000000 -0.000000
71 1.258945 1.079170 0.822063 0.014373 0.000000 0.014373 -0.000000 0.000000 -0.000000
72 1.259969 1.079949 0.822401 0.015369 0.000000 0.015369 -0.000000 0.000000 -0.000000
73 1.261106 1.080813 0.822776 0.016473 0.000000 0.016473 -0.000000 0.000000 -0.000000
74 1.262255 1.081686 0.823154 0.017587 0.000000 0.017587 -0.000000 0.000000 -0.000000
75 1.263593 1.082701 0.823594 0.018883 0.000000 0.018883 -0.000000 0.000000 -0.000000
76 1.264983 1.083754 0.824050 0.020225 0.000000 0.020225 -0.000000 0.000000 -0.000000
77 1.266463 1.084874 0.824536 0.021652 0.000000 0.021652 -0.000000 0.000000 -0.000000
78 1.268036 1.086062 0.825051 0.023166 0.000000 0.023166 -0.000000 0.000000 -0.000000
79 1.269742 1.087350 0.825609 0.024804 0.000000 0.024804 -0.000000 0.000000 -0.000000
80 1.271511 1.088682 0.826187 0.026499 0.000000 0.026499 -0.000000 0.000000 -0.000000
81 1.273460 1.090149 0.826822 0.028362 0.000000 0.028362 -0.000000 0.000000 -0.000000
82 1.275558 1.091724 0.827506 0.030363 0.000000 0.030363 -0.000000 0.000000 -0.000000
83 1.277770 1.093384 0.828226 0.032468 0.000000 0.032468 -0.000000 0.000000 -0.000000
84 1.280120 1.095143 0.828989 0.034700 0.000000 0.034700 -0.000000 0.000000 -0.000000
85 1.282608 1.097002 0.829796 0.037055 0.000000 0.037055 -0.000000 0.000000 -0.000000
86 1.285240 1.098966 0.830649 0.039542 0.000000 0.039542 -0.000000 0.000000 -0.000000
87 1.287999 1.101020 0.831542 0.042142 0.000000 0.042142 -0.000000 0.000000 -0.000000
88 1.290949 1.103213 0.832496 0.044915 0.000000 0.044915 -0.000000 0.000000 -0.000000
89 1.294048 1.105511 0.833496 0.047820 0.000000 0.047820 -0.000000 0.000000 -0.000000
90 1.297276 1.107900 0.834537 0.050839 0.000000 0.050839 -0.000000 0.000000 -0.000000
91 1.300556 1.110323 0.835594 0.053899 0.000000 0.053899 -0.000000 0.000000 -0.000000
92 1.303955 1.112827 0.836687 0.057061 0.000000 0.057061 -0.000000 0.000000 -0.000000
93 1.307438 1.115389 0.837807 0.060294 0.000000 0.060294 -0.000000 0.000000 -0.000000
94 1.310959 1.117973 0.838938 0.063555 0.000000 0.063555 -0.000000 0.000000 -0.000000
95 1.314527 1.120586 0.840084 0.066853 0.000000 0.066853 -0.000000 0.000000 -0.000000
96 1.318143 1.123228 0.841244 0.070186 0.000000 0.070186 -0.000000 0.000000 -0.000000
97 1.321711 1.125831 0.842388 0.073469 0.000000 0.073469 -0.000000 0.000000 -0.000000
98 1.325239 1.128397 0.843519 0.076708 0.000000 0.076708 -0.000000 0.000000 -0.000000
99 1.328676 1.130893 0.844620 0.079858 0.000000 0.079858 -0.000000 0.000000 -0.000000
100 1.331971 1.133282 0.845676 0.082872 0.000000 0.082872 -0.000000 0.000000 -0.000000
101 1.335148 1.135580 0.846693 0.085773 0.000000 0.085773 -0.000000 0.000000 -0.000000
102 1.338165 1.137758 0.847659 0.088524 0.000000 0.088524 -0.000000 0.000000 -0.000000
103 1.340864 1.139704 0.848523 0.090982 0.000000 0.090982 -0.000000 0.000000 -0.000000
104 1.343254 1.141425 0.849288 0.093155 0.000000 0.093155 -0.000000 0.000000 -0.000000
105 1.345263 1.142869 0.849931 0.094980 0.000000 0.094980 -0.000000 0.000000 -0.000000
106 1.346834 1.143997 0.850434 0.096406 0.000000 0.096406 -0.000000 0.000000 -0.000000
107 1.347919 1.144776 0.850781 0.097391 0.000000 0.097391 -0.000000 0.000000 -0.000000
108 1.348524 1.145210 0.850975 0.097939 0.000000 0.097939 -0.000000 0.000000 -0.000000
109 1.348524 1.145210 0.850975 0.097939 0.000000 0.097939 -0.000000 0.000000 -0.000000
110 1.347919 1.144776 0.850781 0.097391 0.000000 0.097391 -0.000000 0.000000 -0.000000
111 1.346622 1.143845 0.850366 0.096214 0.000000 0.096214 -0.000000 0.000000 -0.000000
112 1.344704 1.142467 0.849752 0.094472 0.000000 0.094472 -0.000000 0.000000 -0.000000
113 1.341975 1.140504 0.848879 0.091992 0.000000 0.091992 -0.000000 0.000000 -0.000000
114 1.338481 1.137986 0.847760 0.088812 0.000000 0.088812 -0.000000 0.000000 -0.000000
115 1.334175 1.134876 0.846381 0.084885 0.000000 0.084885 -0.000000 0.000000 -0.000000
116 1.329169 1.131251 0.844778 0.080309 0.000000 0.080309 -0.000000 0.000000 -0.000000
117 1.323451 1.127097 0.842946 0.075067 0.000000 0.075067 -0.000000 0.000000 -0.000000
118 1.317096 1.122464 0.840908 0.069222 0.000000 0.069222 -0.000000 0.000000 -0.000000
119 1.310235 1.117442 0.838706 0.062886 0.000000 0.062886 -0.000000 0.000000 -0.000000
120 1.302857 1.112019 0.836334 0.056040 0.000000 0.056040 -0.000000 0.000000 -0.000000
121 1.295014 1.106227 0.833808 0.048725 0.000000 0.048725 -0.000000 0.000000 -0.000000
122 1.286803 1.100130 0.831155 0.041016 0.000000 0.041016 -0.000000 0.000000 -0.000000
123 1.278570 1.093983 0.828486 0.033228 0.000000 0.033228 -0.000000 0.000000 -0.000000
124 1.270267 1.087745 0.825780 0.025307 0.000000 0.025307 -0.000000 0.000000 -0.000000
125 1.262115 1.081579 0.823108 0.017452 0.000000 0.017452 -0.000000 0.000000 -0.000000
126 1.254198 1.075547 0.820493 0.009735 0.000000 0.009735 -0.000000 0.000000 -0.000000
127 1.246506 1.069637 0.817927 0.002135 0.000000 0.002135 -0.000000 0.000000 -0.000000
128 1.238979 1.063798 0.815386 -0.005420 0.000000 -0.005420 -0.000000 0.000000 -0.000000
129 1.231868 1.058217 0.812947 -0.012697 0.000000 -0.012697 -0.000000 0.000000 -0.000000
130 1.225300 1.052994 0.810652 -0.019569 0.000000 -0.019569 -0.000000 0.000000 -0.000000
131 1.219260 1.048112 0.808492 -0.026059 0.000000 -0.026059 -0.000000 0.000000 -0.000000
132 1.213845 1.043650 0.806500 -0.032060 0.000000 -0.032060 -0.000000 0.000000 -0.000000
133 1.209032 1.039591 0.804668 -0.037592 0.000000 -0.037592 -0.000000 0.000000 -0.000000
134 1.204823 1.035941 0.802999 -0.042638 0.000000 -0.042638 -0.000000 0.000000 -0.000000
135 1.201192 1.032685 0.801488 -0.047212 0.000000 -0.047212 -0.000000 0.000000 -0.000000
136 1.198130 1.029828 0.800139 -0.051294 0.000000 -0.051294 -0.000000 0.000000 -0.000000
137 1.195596 1.027348 0.798947 -0.054901 0.000000 -0.054901 -0.000000 0.000000 -0.000000
138 1.193560 1.025245 0.797915 -0.058017 0.000000 -0.058017 -0.000000 0.000000 -0.000000
139 1.191948 1.023473 0.797027 -0.060691 0.000000 -0.060691 -0.000000 0.000000 -0.000000
140 1.190671 1.021968 0.796258 -0.063005 0.000000 -0.063005 -0.000000 0.000000 -0.000000
141 1.189689 1.020718 0.795604 -0.064962 0.000000 -0.064962 -0.000000 0.000000 -0.000000
142 1.188953 1.019699 0.795061 -0.066585 0.000000 -0.066585 -0.000000 0.000000 -0.000000
143 1.188418 1.018891 0.794622 -0.067892 0.000000 -0.067892 -0.000000 0.000000 -0.000000
144 1.188030 1.018252 0.794269 -0.068939 0.000000 -0.068939 -0.000000 0.000000 -0.000000
145 1.187760 1.017771 0.794000 -0.069738 0.000000 -0.069738 -0.000000 0.000000 -0.000000
146 1.187582 1.017430 0.793806 -0.070309 0.000000 -0.070309 -0.000000 0.000000 -0.000000
147 1.187469 1.017200 0.793675 -0.070697 0.000000 -0.070697 -0.000000 0.000000 -0.000000
148 1.187408 1.017072 0.793601 -0.070915 0.000000 -0.070915 -0.000000 0.000000 -0.000000
149 1.187395 1.017045 0.793586 -0.070960 0.000000 -0.070960 -0.000000 0.000000 -0.000000
150 1.187426 1.017110 0.793623 -0.070850 0.000000 -0.070850 -0.000000 0.000000 -0.000000
151 1.187504 1.017273 0.793717 -0.070574 0.000000 -0.070574 -0.000000 0.000000 -0.000000
152 1.187640 1.017543 0.793871 -0.070120 0.000000 -0.070120 -0.000000 0.000000 -0.000000
153 1.187839 1.017916 0.794081 -0.069497 0.000000 -0.069497 -0.000000 0.000000 -0.000000
154 1.188125 1.018414 0.794359 -0.068673 0.000000 -0.068673 -0.000000 0.000000 -0.000000
155 1.188535 1.019074 0.794722 -0.067595 0.000000 -0.067595 -0.000000 0.000000 -0.000000
156 1.189075 1.019874 0.795155 -0.066304 0.000000 -0.066304 -0.000000 0.000000 -0.000000
157 1.189780 1.020838 0.795668 -0.064773 0.000000 -0.064773 -0.000000 0.000000 -0.000000
158 1.190703 1.022007 0.796278 -0.062944 0.000000 -0.062944 -0.000000 0.000000 -0.000000
159 1.191878 1.023393 0.796987 -0.060813 0.000000 -0.060813 -0.000000 0.000000 -0.000000
160 1.193308 1.024975 0.797781 -0.058421 0.000000 -0.058421 -0.000000 0.000000 -0.000000
161 1.195054 1.026801 0.798680 -0.055706 0.000000 -0.055706 -0.000000 0.000000 -0.000000
162 1.197127 1.028861 0.799677 -0.052692 0.000000 -0.052692 -0.000000 0.000000 -0.000000
163 1.199547 1.031166 0.800774 -0.049374 0.000000 -0.049374 -0.000000 0.000000 -0.000000
164 1.202258 1.033654 0.801940 -0.045843 0.000000 -0.045843 -0.000000 0.000000 -0.000000
165 1.205283 1.036346 0.803186 -0.042075 0.000000 -0.042075 -0.000000 0.000000 -0.000000
166 1.208683 1.039293 0.804532 -0.038002 0.000000 -0.038002 -0.000000 0.000000 -0.000000
167 1.212398 1.042441 0.805957 -0.033701 0.000000 -0.033701 -0.000000 0.000000 -0.000000
168 1.216329 1.045709 0.807422 -0.029282 0.000000 -0.029282 -0.000000 0.000000 -0.000000
169 1.220512 1.049131 0.808945 -0.024698 0.000000 -0.024698 -0.000000 0.000000 -0.000000
170 1.224869 1.052648 0.810500 -0.020026 0.000000 -0.020026 -0.000000 0.000000 -0.000000
171 1.229189 1.056096 0.812017 -0.015480 0.000000 -0.015480 -0.000000 0.000000 -0.000000
172 1.233489 1.059496 0.813507 -0.011025 0.000000 -0.011025 -0.000000 0.000000 -0.000000
173 1.237753 1.062840 0.814968 -0.006665 0.000000 -0.006665 -0.000000 0.000000 -0.000000
174 1.241934 1.066097 0.816387 -0.002438 0.000000 -0.002438 -0.000000 0.000000 -0.000000
175 1.245921 1.069185 0.817730 0.001552 0.000000 0.001552 -0.000000 0.000000 -0.000000
176 1.249727 1.072118 0.819004 0.005331 0.000000 0.005331 -0.000000 0.000000 -0.000000
177 1.253294 1.074855 0.820192 0.008847 0.000000 0.008847 -0.000000 0.000000 -0.000000
178 1.256561 1.077353 0.821275 0.012048 0.000000 0.012048 -0.000000 0.000000 -0.000000
179 1.259490 1.079584 0.822243 0.014903 0.000000 0.014903 -0.000000 0.000000 -0.000000
180 1.262080 1.081553 0.823096 0.017418 0.000000 0.017418 -0.000000 0.000000 -0.000000
181 1.264340 1.083266 0.823839 0.019604 0.000000 0.019604 -0.000000 0.000000 -0.000000
182 1.266246 1.084709 0.824464 0.021443 0.000000 0.021443 -0.000000 0.000000 -0.000000
183 1.267779 1.085868 0.824966 0.022918 0.000000 0.022918 -0.000000 0.000000 -0.000000
184 1.268960 1.086760 0.825353 0.024054 0.000000 0.024054 -0.000000 0.000000 -0.000000
185 1.269817 1.087406 0.825633 0.024876 0.000000 0.024876 -0.000000 0.000000 -0.000000
186 1.270342 1.087801 0.825805 0.025378 0.000000 0.025378 -0.000000 0.000000 -0.000000
187 1.270529 1.087943 0.825866 0.025559 0.000000 0.025559 -0.000000 0.000000 -0.000000
188 1.270492 1.087915 0.825854 0.025522 0.000000 0.025522 -0.000000 0.000000 -0.000000
189 1.270192 1.087688 0.825756 0.025235 0.000000 0.025235 -0.000000 0.000000 -0.000000
190 1.269668 1.087293 0.825584 0.024732 0.000000 0.024732 -0.000000 0.000000 -0.000000
191 1.268960 1.086760 0.825353 0.024054 0.000000 0.024054 -0.000000 0.000000 -0.000000
192 1.268073 1.086090 0.825063 0.023201 0.000000 0.023201 -0.000000 0.000000 -0.000000
193 1.267083 1.085342 0.824738 0.022249 0.000000 0.022249 -0.000000 0.000000 -0.000000
194 1.265992 1.084517 0.824381 0.021198 0.000000 0.021198 -0.000000 0.000000 -0.000000
195 1.264804 1.083618 0.823991 0.020052 0.000000 0.020052 -0.000000 0.000000 -0.000000
196 1.263593 1.082701 0.823594 0.018883 0.000000 0.018883 -0.000000 0.000000 -0.000000
197 1.262360 1.081765 0.823188 0.017689 0.000000 0.017689 -0.000000 0.000000 -0.000000
198 1.261071 1.080787 0.822764 0.016440 0.000000 0.016440 -0.000000 0.000000 -0.000000
199 1.259797 1.079818 0.822344 0.015202 0.000000 0.015202 -0.000000 0.000000 -0.000000
200 1.258505 1.078834 0.821918 0.013944 0.000000 0.013944 -0.000000 0.000000 -0.000000
201 1.257294 1.077912 0.821518 0.012764 0.000000 0.012764 -0.000000 0.000000 -0.000000
202 1.256098 1.076999 0.821122 0.011595 0.000000 0.011595 -0.000000 0.000000 -0.000000
203 1.254980 1.076145 0.820752 0.010501 0.000000 0.010501 -0.000000 0.000000 -0.000000
204 1.253907 1.075324 0.820396 0.009449 0.000000 0.009449 -0.000000 0.000000 -0.000000
205 1.252877 1.074536 0.820054 0.008437 0.000000 0.008437 -0.000000 0.000000 -0.000000
206 1.251921 1.073803 0.819736 0.007497 0.000000 0.007497 -0.000000 0.000000 -0.000000
207 1.251037 1.073125 0.819441 0.006625 0.000000 0.006625 -0.000000 0.000000 -0.000000
208 1.250224 1.072500 0.819170 0.005822 0.000000 0.005822 -0.000000 0.000000 -0.000000
209 1.249479 1.071928 0.818922 0.005086 0.000000 0.005086 -0.000000 0.000000 -0.000000
210 1.248801 1.071406 0.818695 0.004415 0.000000 0.004415 -0.000000 0.000000 -0.000000
211 1.248189 1.070935 0.818491 0.003808 0.000000 0.003808 -0.000000 0.000000 -0.000000
212 1.247642 1.070513 0.818307 0.003265 0.000000 0.003265 -0.000000 0.000000 -0.000000
213 1.247155 1.070138 0.818144 0.002781 0.000000 0.002781 -0.000000 0.000000 -0.000000
214 1.246725 1.069806 0.818000 0.002353 0.000000 0.002353 -0.000000 0.000000 -0.000000
215 1.246347 1.069514 0.817873 0.001977 0.000000 0.001977 -0.000000 0.000000 -0.000000
216 1.246037 1.069275 0.817769 0.001668 0.000000 0.001668 -0.000000 0.000000 -0.000000
217 1.245769 1.069068 0.817679 0.001401 0.000000 0.001401 -0.000000 0.000000 -0.000000
218 1.245552 1.068900 0.817607 0.001185 0.000000 0.001185 -0.000000 0.000000 -0.000000
219 1.245398 1.068781 0.817555 0.001031 0.000000 0.001031 -0.000000 0.000000 -0.000000
220 1.245280 1.068690 0.817515 0.000913 0.000000 0.000913 -0.000000 0.000000 -0.000000
221 1.245183 1.068615 0.817482 0.000816 0.000000 0.000816 -0.000000 0.000000 -0.000000
222 1.245112 1.068560 0.817459 0.000745 0.000000 0.000745 -0.000000 0.000000 -0.000000
223 1.245070 1.068528 0.817445 0.000704 0.000000 0.000704 -0.000000 0.000000 -0.000000
224 1.245041 1.068505 0.817435 0.000675 0.000000 0.000675 -0.000000 0.000000 -0.000000
225 1.245047 1.068510 0.817437 0.000681 0.000000 0.000681 -0.000000 0.000000 -0.000000
226 1.245082 1.068537 0.817449 0.000716 0.000000 0.000716 -0.000000 0.000000 -0.000000
227 1.245132 1.068576 0.817465 0.000766 0.000000 0.000766 -0.000000 0.000000 -0.000000
228 1.245191 1.068622 0.817485 0.000825 0.000000 0.000825 -0.000000 0.000000 -0.000000
229 1.244366 1.067983 0.817208 0.000000 0.000000 0.000000 -0.000000 0.000000 -0.000000
230 1.244366 1.067983 0.817208 0.000000 0.000000 0.000000 -0.000000 0.000000 -0.000000
231 1.244366 1.067983 0.817208 0.000000 0.000000 0.000000 -0.000000 0.000000 -0.000000
232 1.244366 1.067983 0.817208 0.000000 0.000000 0.000000 -0.000000 0.000000 -0.000000
233 1.244366 1.067983 0.817208 0.000000 0.000000 0.000000 -0.000000 0.000000 -0.000000
234 1.244366 1.067983 0.817208 0.000000 0.000000 0.000000 -0.000000 0.000000 -0.000000
235 1.244366 1.067983 0.817208 0.000000 0.000000 0.000000 -0.000000 0.000000 -0.000000
236 1.244366 1.067983 0.817208 0.000000 0.000000 0.000000 -0.000000 0.000000 -0.000000
237 1.244366 1.067983 0.817208 0.000000 0.000000 0.000000 -0.000000 0.000000 -0.000000
238 1.244366 1.067983 0.817208 0.000000 0.000000 0.000000 -0.000000 0.000000 -0.000000
239 1.244366 1.067983 0.817208 0.000000 0.000000 0.000000 -0.000000 0.000000 -0.000000
240 1.244366 1.067983 0.817208 0.000000 0.000000 0.000000 -0.000000 0.000000 -0.000000
241 1.244366 1.067983 0.817208 0.000000 0.000000 0.000000 -0.000000 0.000000 -0.000000
242 1.244366 1.067983 0.817208 0.000000 0.000000 0.000000 -0.000000 0.000000 -0.000000
243 1.244366 1.067983 0.817208 0.000000 0.000000 0.000000 -0.000000 0.000000 -0.000000
244 1.244366 1.067983 0.817208 0.000000 0.000000 0.000000 -0.000000 0.000000 -0.000000
245 1.244366 1.067983 0.817208 0.000000 0.000000 0.000000 -0.000000 0.000000 -0.000000
246 1.244366 1.067983 0.817208 0.000000 0.000000 0.000000 -0.000000 0.000000 -0.000000
247 1.244366 1.067983 0.817208 0.000000 0.000000 0.000000 -0.000000 0.000000 -0.000000
248 1.244366 1.067983 0.817208 0.000000 0.000000 0.000000 -0.000000 0.000000 -0.000000
249 1.244366 1.067983 0.817208 0.000000 0.000000 0.000000 -0.000000 0.000000 -0.000000
250 1.244366 1.067983 0.817208 0.000000 0.000000 0.000000 -0.000000 0.000000 -0.000000
