1  1.24437  1.06798  0.817208  -1.60604e-17  0  -1.60604e-17  0  0  0
2  1.24438  1.068  0.817213  1.58438e-05  0  1.58438e-05  0  0  0
3  1.24439  1.068  0.817215  2.03832e-05  0  2.03832e-05  0  0  0
4  1.24439  1.068  0.817215  2.15253e-05  0  2.15253e-05  0  0  0
5  1.24438  1.06799  0.817213  1.41452e-05  0  1.41452e-05  0  0  0
6  1.2444  1.06801  0.81722  3.45577e-05  0  3.45577e-05  0  0  0
7  1.24442  1.06802  0.817226  5.21294e-05  0  5.21294e-05  0  0  0
8  1.24443  1.06803  0.81723  6.41367e-05  0  6.41367e-05  0  0  0
9  1.24445  1.06805  0.817238  8.78585e-05  0  8.78585e-05  0  0  0
10  1.24448  1.06807  0.817246  0.000113923  0  0.000113923  0  0  0
11  1.24448  1.06807  0.817247  0.000115973  0  0.000115973  0  0  0
12  1.24449  1.06808  0.81725  0.000125052  0  0.000125052  0  0  0
13  1.24451  1.0681  0.817257  0.000145552  0  0.000145552  0  0  0
14  1.24452  1.06811  0.817261  0.00015756  0  0.00015756  0  0  0
15  1.24455  1.06812  0.817268  0.000179524  0  0.000179524  0  0  0
16  1.24458  1.06815  0.817281  0.000215253  0  0.000215253  0  0  0
17  1.24461  1.06817  0.817291  0.000246882  0  0.000246882  0  0  0
18  1.24465  1.06821  0.817305  0.000287005  0  0.000287005  0  0  0
19  1.24469  1.06823  0.817317  0.000322148  0  0.000322148  0  0  0
20  1.24471  1.06825  0.817325  0.000345577  0  0.000345577  0  0  0
21  1.24474  1.06828  0.817335  0.000377792  0  0.000377792  0  0  0
22  1.24477  1.06829  0.817343  0.000401221  0  0.000401221  0  0  0
23  1.24482  1.06833  0.817359  0.000448079  0  0.000448079  0  0  0
24  1.24488  1.06838  0.81738  0.000509579  0  0.000509579  0  0  0
25  1.24494  1.06842  0.8174  0.000568152  0  0.000568152  0  0  0
26  1.245  1.06848  0.817423  0.00063551  0  0.00063551  0  0  0
27  1.24509  1.06854  0.81745  0.000717511  0  0.000717511  0  0  0
28  1.24516  1.0686  0.817474  0.000787798  0  0.000787798  0  0  0
29  1.24523  1.06865  0.817499  0.000861014  0  0.000861014  0  0  0
30  1.24532  1.06872  0.817529  0.000948872  0  0.000948872  0  0  0
31  1.24541  1.06879  0.817559  0.00103673  0  0.00103673  0  0  0
32  1.24549  1.06885  0.817586  0.0011158  0  0.0011158  0  0  0
33  1.24557  1.06892  0.817613  0.0011978  0  0.0011978  0  0  0
34  1.24567  1.06899  0.817645  0.00129152  0  0.00129152  0  0  0
35  1.24578  1.06907  0.817682  0.00139988  0  0.00139988  0  0  0
36  1.2459  1.06917  0.817722  0.00151702  0  0.00151702  0  0  0
37  1.24602  1.06926  0.817763  0.0016371  0  0.0016371  0  0  0
38  1.24616  1.06937  0.817811  0.00177767  0  0.00177767  0  0  0
39  1.2463  1.06948  0.81786  0.00191824  0  0.00191824  0  0  0
40  1.24644  1.06959  0.817905  0.00205003  0  0.00205003  0  0  0
41  1.24656  1.06968  0.817945  0.00216718  0  0.00216718  0  0  0
42  1.24671  1.06979  0.817994  0.00231068  0  0.00231068  0  0  0
43  1.24684  1.06989  0.818039  0.00243954  0  0.00243954  0  0  0
44  1.24699  1.07001  0.818089  0.00258597  0  0.00258597  0  0  0
45  1.24717  1.07015  0.818149  0.00275876  0  0.00275876  0  0  0
46  1.24737  1.07031  0.818218  0.0029579  0  0.0029579  0  0  0
47  1.24759  1.07047  0.818289  0.00316291  0  0.00316291  0  0  0
48  1.2478  1.07063  0.81836  0.00336791  0  0.00336791  0  0  0
49  1.24801  1.0708  0.818431  0.00357291  0  0.00357291  0  0  0
50  1.24825  1.07099  0.818513  0.0038072  0  0.0038072  0  0  0
51  1.2485  1.07117  0.818595  0.00404149  0  0.00404149  0  0  0
52  1.24874  1.07136  0.818677  0.00427578  0  0.00427578  0  0  0
53  1.24902  1.07158  0.818769  0.00453936  0  0.00453936  0  0  0
54  1.24933  1.07181  0.818872  0.00483222  0  0.00483222  0  0  0
55  1.24964  1.07205  0.818975  0.00512508  0  0.00512508  0  0  0
56  1.24995  1.07229  0.819079  0.00541794  0  0.00541794  0  0  0
57  1.25029  1.07255  0.819193  0.00574009  0  0.00574009  0  0  0
58  1.25067  1.07284  0.819318  0.00609153  0  0.00609153  0  0  0
59  1.25107  1.07315  0.819454  0.00647225  0  0.00647225  0  0  0
60  1.25148  1.07347  0.81959  0.00685297  0  0.00685297  0  0  0
61  1.25196  1.07383  0.819748  0.00729226  0  0.00729226  0  0  0
62  1.25243  1.0742  0.819906  0.00773155  0  0.00773155  0  0  0
63  1.25294  1.07459  0.820076  0.00820013  0  0.00820013  0  0  0
64  1.25352  1.07503  0.820268  0.00872728  0  0.00872728  0  0  0
65  1.25413  1.0755  0.820471  0.00928372  0  0.00928372  0  0  0
66  1.25478  1.076  0.820686  0.00986944  0  0.00986944  0  0  0
67  1.25547  1.07652  0.820913  0.0104845  0  0.0104845  0  0  0
68  1.25622  1.0771  0.821164  0.011158  0  0.011158  0  0  0
69  1.25705  1.07773  0.821437  0.0118902  0  0.0118902  0  0  0
70  1.25795  1.07842  0.821734  0.0126809  0  0.0126809  0  0  0
71  1.25893  1.07916  0.822056  0.0135302  0  0.0135302  0  0  0
72  1.25994  1.07993  0.822391  0.0144088  0  0.0144088  0  0  0
73  1.26107  1.08079  0.822763  0.0153752  0  0.0153752  0  0  0
74  1.26221  1.08166  0.823137  0.0163417  0  0.0163417  0  0  0
75  1.26353  1.08266  0.823572  0.0174546  0  0.0174546  0  0  0
76  1.26491  1.0837  0.824023  0.0185967  0  0.0185967  0  0  0
77  1.26637  1.08481  0.824501  0.0197975  0  0.0197975  0  0  0
78  1.26792  1.08598  0.825007  0.0210568  0  0.0210568  0  0  0
79  1.26959  1.08725  0.825555  0.0224039  0  0.0224039  0  0  0
80  1.27133  1.08856  0.82612  0.0237804  0  0.0237804  0  0  0
81  1.27323  1.09  0.82674  0.025274  0  0.025274  0  0  0
82  1.27528  1.09154  0.827405  0.0268554  0  0.0268554  0  0  0
83  1.27743  1.09315  0.828102  0.0284955  0  0.0284955  0  0  0
84  1.2797  1.09486  0.82884  0.0302067  0  0.0302067  0  0  0
85  1.2821  1.09666  0.829616  0.0319849  0  0.0319849  0  0  0
86  1.28463  1.09856  0.830432  0.0338311  0  0.0338311  0  0  0
87  1.28727  1.10053  0.831282  0.0357284  0  0.0357284  0  0  0
88  1.29008  1.10263  0.832186  0.037716  0  0.037716  0  0  0
89  1.29302  1.10482  0.833128  0.0397604  0  0.0397604  0  0  0
90  1.29606  1.10709  0.834102  0.0418443  0  0.0418443  0  0  0
91  1.29913  1.10937  0.835085  0.0439171  0  0.0439171  0  0  0
92  1.30229  1.11172  0.836096  0.0460181  0  0.0460181  0  0  0
93  1.30551  1.11412  0.837123  0.0481248  0  0.0481248  0  0  0
94  1.30875  1.11651  0.838153  0.0502087  0  0.0502087  0  0  0
95  1.31201  1.11893  0.839189  0.0522758  0  0.0522758  0  0  0
96  1.31529  1.12135  0.840229  0.0543259  0  0.0543259  0  0  0
97  1.3185  1.12373  0.841248  0.0563078  0  0.0563078  0  0  0
98  1.32166  1.12606  0.842247  0.0582278  0  0.0582278  0  0  0
99  1.32471  1.12831  0.843213  0.0600625  0  0.0600625  0  0  0
100  1.32762  1.13045  0.844132  0.0617897  0  0.0617897  0  0  0
101  1.33041  1.13251  0.845012  0.0634263  0  0.0634263  0  0  0
102  1.33305  1.13444  0.845842  0.0649553  0  0.0649553  0  0  0
103  1.33539  1.13616  0.846579  0.0663032  0  0.0663032  0  0  0
104  1.33745  1.13768  0.847229  0.0674812  0  0.0674812  0  0  0
105  1.33918  1.13895  0.847772  0.0684608  0  0.0684608  0  0  0
106  1.34053  1.13994  0.848195  0.0692196  0  0.0692196  0  0  0
107  1.34146  1.14062  0.848487  0.0697406  0  0.0697406  0  0  0
108  1.34197  1.141  0.848649  0.0700296  0  0.0700296  0  0  0
109  1.34197  1.141  0.848649  0.0700296  0  0.0700296  0  0  0
110  1.34146  1.14062  0.848487  0.0697406  0  0.0697406  0  0  0
111  1.34035  1.13981  0.848138  0.0691178  0  0.0691178  0  0  0
112  1.3387  1.1386  0.847621  0.068189  0  0.068189  0  0  0
113  1.33635  1.13687  0.846881  0.0668525  0  0.0668525  0  0  0
114  1.33332  1.13464  0.845928  0.0651139  0  0.0651139  0  0  0
115  1.32956  1.13188  0.844743  0.0629279  0  0.0629279  0  0  0
116  1.32515  1.12863  0.843351  0.0603229  0  0.0603229  0  0  0
117  1.32006  1.12488  0.841742  0.0572594  0  0.0572594  0  0  0
118  1.31434  1.12065  0.839929  0.053737  0  0.053737  0  0  0
119  1.30809  1.11602  0.837942  0.0497841  0  0.0497841  0  0  0
120  1.30127  1.11097  0.83577  0.0453443  0  0.0453443  0  0  0
121  1.29393  1.1055  0.83342  0.0403891  0  0.0403891  0  0  0
122  1.28613  1.09968  0.830914  0.0349106  0  0.0349106  0  0  0
123  1.2782  1.09374  0.828354  0.0290812  0  0.0290812  0  0  0
124  1.27011  1.08764  0.825722  0.0228139  0  0.0228139  0  0  0
125  1.26207  1.08155  0.823092  0.0162245  0  0.0162245  0  0  0
126  1.2542  1.07555  0.820493  0.00934229  0  0.00934229  0  0  0
127  1.24651  1.06964  0.817928  0.00211739  0  0.00211739  0  0  0
128  1.23898  1.06379  0.815385  -0.00556437  0  -0.00556437  0  0  0
129  1.23189  1.05823  0.812956  -0.0135009  0  -0.0135009  0  0  0
130  1.22542  1.05308  0.810698  -0.0215546  0  -0.0215546  0  0  0
131  1.2196  1.04836  0.808618  -0.0297333  0  -0.0297333  0  0  0
132  1.21456  1.04417  0.806761  -0.0378712  0  -0.0378712  0  0  0
133  1.21029  1.04052  0.80513  -0.0459393  0  -0.0459393  0  0  0
134  1.20682  1.03742  0.803734  -0.0538502  0  -0.0538502  0  0  0
135  1.20412  1.03487  0.802569  -0.0615461  0  -0.0615461  0  0  0
136  1.20216  1.03286  0.801632  -0.0689026  0  -0.0689026  0  0  0
137  1.20087  1.03134  0.800907  -0.0758456  0  -0.0758456  0  0  0
138  1.20016  1.03027  0.800378  -0.0822278  0  -0.0822278  0  0  0
139  1.19991  1.02957  0.80001  -0.0880267  0  -0.0880267  0  0  0
140  1.20002  1.02915  0.799768  -0.093316  0  -0.093316  0  0  0
141  1.20037  1.02896  0.799629  -0.0980108  0  -0.0980108  0  0  0
142  1.20088  1.02894  0.799566  -0.102071  0  -0.102071  0  0  0
143  1.20145  1.02901  0.799553  -0.105463  0  -0.105463  0  0  0
144  1.20201  1.02914  0.799571  -0.108267  0  -0.108267  0  0  0
145  1.20252  1.02928  0.799602  -0.110458  0  -0.110458  0  0  0
146  1.20292  1.02941  0.799635  -0.112055  0  -0.112055  0  0  0
147  1.20321  1.02951  0.799662  -0.113154  0  -0.113154  0  0  0
148  1.20338  1.02957  0.799679  -0.113777  0  -0.113777  0  0  0
149  1.20342  1.02958  0.799683  -0.113907  0  -0.113907  0  0  0
150  1.20333  1.02955  0.799674  -0.11359  0  -0.11359  0  0  0
151  1.20312  1.02947  0.799653  -0.112803  0  -0.112803  0  0  0
152  1.20278  1.02936  0.799623  -0.111523  0  -0.111523  0  0  0
153  1.20236  1.02923  0.799591  -0.10979  0  -0.10979  0  0  0
154  1.20186  1.0291  0.799564  -0.107547  0  -0.107547  0  0  0
155  1.20131  1.02899  0.799553  -0.104682  0  -0.104682  0  0  0
156  1.20078  1.02893  0.799573  -0.101358  0  -0.101358  0  0  0
157  1.20033  1.02897  0.79964  -0.0975464  0  -0.0975464  0  0  0
158  1.20001  1.02916  0.799773  -0.0931745  0  -0.0931745  0  0  0
159  1.19991  1.02954  0.799995  -0.0882986  0  -0.0882986  0  0  0
160  1.2001  1.03015  0.800317  -0.0830829  0  -0.0830829  0  0  0
161  1.20065  1.03104  0.800761  -0.0774595  0  -0.0774595  0  0  0
162  1.20161  1.03224  0.801338  -0.0715415  0  -0.0715415  0  0  0
163  1.20302  1.03377  0.802059  -0.0653802  0  -0.0653802  0  0  0
164  1.20488  1.03561  0.802906  -0.0591847  0  -0.0591847  0  0  0
165  1.20719  1.03776  0.803885  -0.0529384  0  -0.0529384  0  0  0
166  1.21  1.04026  0.805013  -0.0465619  0  -0.0465619  0  0  0
167  1.21325  1.04306  0.806268  -0.0402038  0  -0.0402038  0  0  0
168  1.21685  1.04608  0.807611  -0.0340305  0  -0.0340305  0  0  0
169  1.2208  1.04933  0.809049  -0.0279683  0  -0.0279683  0  0  0
170  1.225  1.05274  0.81055  -0.0221111  0  -0.0221111  0  0  0
171  1.22924  1.05613  0.812036  -0.0166931  0  -0.0166931  0  0  0
172  1.2335  1.0595  0.813511  -0.0116266  0  -0.0116266  0  0  0
173  1.23775  1.06284  0.814967  -0.00688225  0  -0.00688225  0  0  0
174  1.24193  1.0661  0.816387  -0.00246882  0  -0.00246882  0  0  0
175  1.24592  1.06919  0.817731  0.00154338  0  0.00154338  0  0  0
176  1.24973  1.07212  0.819006  0.00521294  0  0.00521294  0  0  0
177  1.2533  1.07486  0.820193  0.00852228  0  0.00852228  0  0  0
178  1.25655  1.07735  0.821273  0.0114509  0  0.0114509  0  0  0
179  1.25947  1.07957  0.822234  0.0139988  0  0.0139988  0  0  0
180  1.26204  1.08152  0.82308  0.0161953  0  0.0161953  0  0  0
181  1.26427  1.08322  0.823814  0.0180696  0  0.0180696  0  0  0
182  1.26615  1.08465  0.824431  0.0196217  0  0.0196217  0  0  0
183  1.26766  1.08579  0.824924  0.0208518  0  0.0208518  0  0  0
184  1.26882  1.08667  0.825304  0.0217889  0  0.0217889  0  0  0
185  1.26967  1.0873  0.825579  0.0224625  0  0.0224625  0  0  0
186  1.27018  1.08769  0.825746  0.0228725  0  0.0228725  0  0  0
187  1.27036  1.08783  0.825806  0.0230189  0  0.0230189  0  0  0
188  1.27033  1.0878  0.825794  0.0229896  0  0.0229896  0  0  0
189  1.27003  1.08758  0.825698  0.0227554  0  0.0227554  0  0  0
190  1.26952  1.08719  0.825531  0.0223454  0  0.0223454  0  0  0
191  1.26882  1.08667  0.825304  0.0217889  0  0.0217889  0  0  0
192  1.26795  1.08601  0.825019  0.021086  0  0.021086  0  0  0
193  1.26698  1.08527  0.8247  0.0202953  0  0.0202953  0  0  0
194  1.2659  1.08446  0.824349  0.0194167  0  0.0194167  0  0  0
195  1.26473  1.08357  0.823965  0.0184503  0  0.0184503  0  0  0
196  1.26353  1.08266  0.823572  0.0174546  0  0.0174546  0  0  0
197  1.26231  1.08174  0.823171  0.0164295  0  0.0164295  0  0  0
198  1.26104  1.08076  0.822751  0.015346  0  0.015346  0  0  0
199  1.25977  1.0798  0.822335  0.0142624  0  0.0142624  0  0  0
200  1.25849  1.07882  0.821912  0.0131495  0  0.0131495  0  0  0
201  1.25728  1.07791  0.821514  0.0120952  0  0.0120952  0  0  0
202  1.25609  1.077  0.82112  0.0110409  0  0.0110409  0  0  0
203  1.25498  1.07615  0.820751  0.0100452  0  0.0100452  0  0  0
204  1.25391  1.07533  0.820396  0.00907872  0  0.00907872  0  0  0
205  1.25288  1.07454  0.820055  0.00814156  0  0.00814156  0  0  0
206  1.25193  1.07381  0.819737  0.00726297  0  0.00726297  0  0  0
207  1.25104  1.07313  0.819443  0.00644296  0  0.00644296  0  0  0
208  1.25023  1.0725  0.819172  0.00568152  0  0.00568152  0  0  0
209  1.24948  1.07193  0.818924  0.00497865  0  0.00497865  0  0  0
210  1.24881  1.07141  0.818697  0.00433435  0  0.00433435  0  0  0
211  1.24819  1.07094  0.818492  0.00374863  0  0.00374863  0  0  0
212  1.24765  1.07052  0.818309  0.00322148  0  0.00322148  0  0  0
213  1.24716  1.07014  0.818146  0.00274997  0  0.00274997  0  0  0
214  1.24673  1.06981  0.818001  0.00233118  0  0.00233118  0  0  0
215  1.24635  1.06952  0.817875  0.00196217  0  0.00196217  0  0  0
216  1.24604  1.06928  0.81777  0.0016576  0  0.0016576  0  0  0
217  1.24577  1.06907  0.81768  0.00139402  0  0.00139402  0  0  0
218  1.24555  1.0689  0.817608  0.00118023  0  0.00118023  0  0  0
219  1.2454  1.06878  0.817556  0.00102794  0  0.00102794  0  0  0
220  1.24528  1.06869  0.817516  0.0009108  0  0.0009108  0  0  0
221  1.24518  1.06862  0.817483  0.000814156  0  0.000814156  0  0  0
222  1.24511  1.06856  0.817459  0.000743869  0  0.000743869  0  0  0
223  1.24507  1.06853  0.817445  0.000702868  0  0.000702868  0  0  0
224  1.24504  1.06851  0.817435  0.000673582  0  0.000673582  0  0  0
225  1.24505  1.06851  0.817437  0.000679439  0  0.000679439  0  0  0
226  1.24508  1.06854  0.817449  0.000714583  0  0.000714583  0  0  0
227  1.24513  1.06858  0.817466  0.000764369  0  0.000764369  0  0  0
228  1.24519  1.06862  0.817486  0.000822942  0  0.000822942  0  0  0
229  1.24437  1.06798  0.817208  -1.60604e-17  0  -1.60604e-17  0  0  0
230  1.24437  1.06798  0.817208  -1.60604e-17  0  -1.60604e-17  0  0  0
231  1.24437  1.06798  0.817208  -1.60604e-17  0  -1.60604e-17  0  0  0
232  1.24437  1.06798  0.817208  -1.60604e-17  0  -1.60604e-17  0  0  0
233  1.24437  1.06798  0.817208  -1.60604e-17  0  -1.60604e-17  0  0  0
234  1.24437  1.06798  0.817208  -1.60604e-17  0  -1.60604e-17  0  0  0
235  1.24437  1.06798  0.817208  -1.60604e-17  0  -1.60604e-17  0  0  0
236  1.24437  1.06798  0.817208  -1.60604e-17  0  -1.60604e-17  0  0  0
237  1.24437  1.06798  0.817208  -1.60604e-17  0  -1.60604e-17  0  0  0
238  1.24437  1.06798  0.817208  -1.60604e-17  0  -1.60604e-17  0  0  0
239  1.24437  1.06798  0.817208  -1.60604e-17  0  -1.60604e-17  0  0  0
240  1.24437  1.06798  0.817208  -1.60604e-17  0  -1.60604e-17  0  0  0
241  1.24437  1.06798  0.817208  -1.60604e-17  0  -1.60604e-17  0  0  0
242  1.24437  1.06798  0.817208  -1.60604e-17  0  -1.60604e-17  0  0  0
243  1.24437  1.06798  0.817208  -1.60604e-17  0  -1.60604e-17  0  0  0
244  1.24437  1.06798  0.817208  -1.60604e-17  0  -1.60604e-17  0  0  0
245  1.24437  1.06798  0.817208  -1.60604e-17  0  -1.60604e-17  0  0  0
246  1.24437  1.06798  0.817208  -1.60604e-17  0  -1.60604e-17  0  0  0
247  1.24437  1.06798  0.817208  -1.60604e-17  0  -1.60604e-17  0  0  0
248  1.24437  1.06798  0.817208  -1.60604e-17  0  -1.60604e-17  0  0  0
249  1.24437  1.06798  0.817208  -1.60604e-17  0  -1.60604e-17  0  0  0
250  1.24437  1.06798  0.817208  -1.60604e-17  0  -1.60604e-17  0  0  0
