2 2.8639 
4 2.86393 
6 2.86372 
8 2.86386 
10 2.86393 
12 2.86367 
14 2.8636 
16 2.86368 
18 2.86368 
20 2.86363 
22 2.8637 
24 2.8637 
26 2.86356 
28 2.86363 
30 2.86364 
32 2.8636 
34 2.86373 
36 2.86372 
38 2.86382 
40 2.86394 
42 2.86381 
44 2.86358 
46 2.86374 
48 2.86362 
50 2.86364 
52 2.8638 
54 2.86382 
56 2.86382 
58 2.86365 
60 2.86386 
62 2.86378 
64 2.86381 
66 2.86376 
68 2.8637 
70 2.86354 
72 2.8636 
74 2.86356 
76 2.86363 
78 2.8635 
80 2.86355 
82 2.86359 
84 2.86357 
86 2.86374 
88 2.86352 
90 2.86351 
92 2.86349 
94 2.86349 
96 2.86351 
98 2.8634 
100 2.86361 
102 2.8636 
104 2.86363 
106 2.86367 
108 2.86373 
110 2.8638 
112 2.86381 
114 2.86376 
116 2.86398 
118 2.8639 
120 2.86393 
122 2.86391 
124 2.86394 
126 2.8638 
128 2.86385 
130 2.86413 
132 2.8641 
134 2.86399 
136 2.86409 
138 2.86416 
140 2.864 
142 2.86402 
144 2.864 
146 2.86399 
148 2.86398 
150 2.86387 
152 2.86401 
154 2.86407 
156 2.86408 
158 2.864 
160 2.86382 
162 2.86387 
164 2.86387 
166 2.86366 
168 2.86379 
170 2.86387 
172 2.86361 
174 2.86352 
176 2.86362 
178 2.86361 
180 2.86356 
182 2.86364 
184 2.86361 
186 2.86346 
188 2.86356 
190 2.86356 
192 2.86352 
194 2.86366 
196 2.86365 
198 2.86375 
200 2.86385 
202 2.86373 
204 2.86349 
206 2.86365 
208 2.86355 
210 2.86356 
212 2.86372 
214 2.86375 
216 2.86374 
218 2.86358 
220 2.86378 
222 2.86366 
224 2.86372 
226 2.86368 
228 2.86362 
230 2.86347 
232 2.86353 
234 2.86347 
236 2.86354 
238 2.86343 
240 2.86348 
242 2.86352 
244 2.86348 
246 2.86366 
248 2.86345 
250 2.86341 
252 2.86343 
254 2.8634 
256 2.86342 
258 2.86336 
260 2.86357 
262 2.86357 
264 2.86358 
266 2.86363 
268 2.86371 
270 2.86377 
272 2.86378 
274 2.86375 
276 2.86391 
278 2.86387 
280 2.86389 
282 2.86388 
284 2.8639 
286 2.86378 
288 2.86384 
290 2.86407 
292 2.86405 
294 2.86391 
296 2.86403 
298 2.86411 
300 2.86394 
302 2.86396 
304 2.86395 
306 2.86399 
308 2.86397 
310 2.86388 
312 2.86394 
314 2.86408 
316 2.86402 
318 2.86394 
320 2.86384 
322 2.86387 
324 2.86388 
326 2.86369 
328 2.86374 
330 2.86389 
332 2.86361 
334 2.8635 
336 2.86361 
338 2.86361 
340 2.86354 
342 2.86365 
344 2.86362 
346 2.86346 
348 2.8636 
350 2.86363 
352 2.86351 
354 2.86363 
356 2.86359 
358 2.86371 
360 2.86381 
362 2.86368 
364 2.86348 
366 2.86363 
368 2.86362 
370 2.86353 
372 2.86372 
374 2.86377 
376 2.86369 
378 2.86356 
380 2.86376 
382 2.86364 
384 2.86373 
386 2.86365 
388 2.86361 
390 2.86352 
392 2.86353 
394 2.86346 
396 2.86355 
398 2.8634 
400 2.86346 
402 2.86356 
404 2.86357 
406 2.86372 
408 2.86345 
410 2.86343 
412 2.86346 
414 2.86348 
416 2.86343 
418 2.86347 
420 2.86369 
422 2.8636 
424 2.86363 
426 2.86375 
428 2.86373 
430 2.86382 
432 2.86377 
434 2.86383 
436 2.86397 
438 2.86397 
440 2.86393 
442 2.86394 
444 2.86389 
446 2.86384 
448 2.86394 
450 2.86418 
452 2.86418 
454 2.86396 
456 2.86416 
458 2.86411 
460 2.86393 
462 2.86399 
464 2.86401 
466 2.86411 
468 2.86406 
470 2.86404 
472 2.86399 
474 2.86406 
476 2.86401 
478 2.86394 
480 2.86384 
482 2.86392 
484 2.86388 
486 2.86376 
488 2.86376 
490 2.86372 
492 2.86359 
494 2.86353 
496 2.86359 
498 2.86366 
500 2.86369 
502 2.86375 
504 2.8636 
506 2.86362 
508 2.8637 
510 2.86373 
512 2.86362 
514 2.86363 
516 2.86365 
518 2.86375 
520 2.86383 
522 2.8637 
524 2.86352 
526 2.86362 
528 2.86357 
530 2.86362 
532 2.86376 
534 2.86381 
536 2.86365 
538 2.86356 
540 2.86359 
542 2.86364 
544 2.86377 
546 2.86377 
548 2.86369 
550 2.86352 
552 2.86357 
554 2.86351 
556 2.86347 
558 2.86351 
560 2.86357 
562 2.86359 
564 2.86354 
566 2.86363 
568 2.86335 
570 2.86344 
572 2.8634 
574 2.86341 
576 2.8635 
578 2.86344 
580 2.86356 
582 2.86367 
584 2.86371 
586 2.86367 
588 2.86371 
590 2.86372 
592 2.86365 
594 2.86369 
596 2.86366 
598 2.86383 
600 2.86392 
602 2.86384 
604 2.86388 
606 2.86386 
608 2.86383 
610 2.8642 
612 2.86414 
614 2.86392 
616 2.86402 
618 2.86404 
620 2.86401 
622 2.86396 
624 2.86393 
626 2.86402 
628 2.86404 
630 2.86394 
632 2.86403 
634 2.86398 
636 2.86379 
638 2.86379 
640 2.86358 
642 2.86374 
644 2.86357 
646 2.86348 
648 2.8636 
650 2.8636 
652 2.86365 
654 2.86356 
656 2.86358 
658 2.8635 
660 2.86348 
662 2.86355 
664 2.86341 
666 2.8635 
668 2.86353 
670 2.86358 
672 2.8636 
674 2.86373 
676 2.86364 
678 2.8639 
680 2.86389 
682 2.86371 
684 2.86344 
686 2.86358 
688 2.8637 
690 2.86384 
692 2.86389 
694 2.86402 
696 2.8639 
698 2.86367 
700 2.86373 
702 2.8639 
704 2.86402 
706 2.86389 
708 2.86376 
710 2.86341 
712 2.8635 
714 2.8635 
716 2.86374 
718 2.86367 
720 2.86363 
722 2.86362 
724 2.86351 
726 2.86357 
728 2.86361 
730 2.86357 
732 2.86359 
734 2.86366 
736 2.8638 
738 2.86373 
740 2.86387 
742 2.86408 
744 2.86403 
746 2.86406 
748 2.86422 
750 2.8641 
752 2.86414 
754 2.86404 
756 2.86403 
758 2.86401 
760 2.8642 
762 2.86408 
764 2.86404 
766 2.86417 
768 2.8641 
770 2.86425 
772 2.86416 
774 2.86408 
776 2.86394 
778 2.86391 
780 2.86385 
782 2.86391 
784 2.86398 
786 2.86406 
788 2.86388 
790 2.86392 
792 2.864 
794 2.86403 
796 2.86411 
798 2.86403 
800 2.86399 
802 2.86386 
804 2.86393 
806 2.86401 
808 2.86386 
810 2.86391 
812 2.86378 
814 2.86384 
816 2.8636 
818 2.86361 
820 2.86372 
822 2.86361 
824 2.8637 
826 2.8637 
828 2.86375 
830 2.86372 
832 2.86365 
834 2.86372 
836 2.86379 
838 2.86401 
840 2.86396 
842 2.8639 
844 2.86388 
846 2.86407 
848 2.86398 
850 2.86388 
852 2.86384 
854 2.86405 
856 2.8641 
858 2.8642 
860 2.86417 
862 2.86429 
864 2.86412 
866 2.86407 
868 2.86409 
870 2.86394 
872 2.86384 
874 2.86389 
876 2.86389 
878 2.8637 
880 2.86385 
882 2.86396 
884 2.86399 
886 2.86393 
888 2.86398 
890 2.86386 
892 2.86397 
894 2.86393 
896 2.86425 
898 2.86429 
900 2.86418 
902 2.86401 
904 2.86405 
906 2.86411 
908 2.86415 
910 2.86424 
912 2.86431 
914 2.86421 
916 2.86422 
918 2.86423 
920 2.86434 
922 2.8644 
924 2.86445 
926 2.86437 
928 2.86436 
930 2.86423 
932 2.8643 
934 2.86418 
936 2.86421 
938 2.86428 
940 2.86438 
942 2.86442 
944 2.86434 
946 2.86434 
948 2.8643 
950 2.86427 
952 2.86429 
954 2.86435 
956 2.86436 
958 2.86442 
960 2.86433 
962 2.86432 
964 2.8646 
966 2.86451 
968 2.86431 
970 2.8642 
972 2.86426 
974 2.8643 
976 2.86434 
978 2.86435 
980 2.86452 
982 2.86447 
984 2.86443 
986 2.8644 
988 2.86437 
990 2.8642 
992 2.86415 
994 2.86399 
996 2.86406 
998 2.86413 
1000 2.86415 
1002 2.86402 
1004 2.86391 
1006 2.86381 
1008 2.86369 
1010 2.86366 
1012 2.86351 
1014 2.86344 
1016 2.86361 
1018 2.86359 
1020 2.86336 
1022 2.86355 
1024 2.86353 
1026 2.86351 
1028 2.86362 
1030 2.86359 
1032 2.86368 
1034 2.86391 
1036 2.86394 
1038 2.86384 
1040 2.86393 
1042 2.86389 
1044 2.86385 
1046 2.86375 
1048 2.86371 
1050 2.86389 
1052 2.86407 
1054 2.86418 
1056 2.86425 
1058 2.86421 
1060 2.86438 
1062 2.86428 
1064 2.86432 
1066 2.86432 
1068 2.86442 
1070 2.86456 
1072 2.86454 
1074 2.86447 
1076 2.86461 
1078 2.86484 
1080 2.86469 
1082 2.8646 
1084 2.86464 
1086 2.86468 
1088 2.86469 
1090 2.86474 
1092 2.86469 
1094 2.86455 
1096 2.86466 
1098 2.8646 
1100 2.86472 
1102 2.86465 
1104 2.86469 
1106 2.86481 
1108 2.86481 
1110 2.86486 
1112 2.8649 
1114 2.86506 
1116 2.86507 
1118 2.86487 
1120 2.86491 
1122 2.86506 
1124 2.86497 
1126 2.86488 
1128 2.86476 
1130 2.86479 
1132 2.86492 
1134 2.86485 
1136 2.86479 
1138 2.86466 
1140 2.86475 
1142 2.86478 
1144 2.86481 
1146 2.86475 
1148 2.86458 
1150 2.86451 
1152 2.86445 
1154 2.86449 
1156 2.86448 
1158 2.86465 
1160 2.86462 
1162 2.86467 
1164 2.86476 
1166 2.86458 
1168 2.86465 
1170 2.86463 
1172 2.86489 
1174 2.86485 
1176 2.86469 
1178 2.86476 
1180 2.8648 
1182 2.86471 
1184 2.86461 
1186 2.86442 
1188 2.86435 
1190 2.86423 
1192 2.86424 
1194 2.86427 
1196 2.86428 
1198 2.8642 
1200 2.86418 
1202 2.86427 
1204 2.86423 
1206 2.86412 
1208 2.86417 
1210 2.86415 
1212 2.86399 
1214 2.86392 
1216 2.86387 
1218 2.86382 
1220 2.86381 
1222 2.86399 
1224 2.86395 
1226 2.86396 
1228 2.86423 
1230 2.86422 
1232 2.86421 
1234 2.86421 
1236 2.86431 
1238 2.86432 
1240 2.86442 
1242 2.86433 
1244 2.86449 
1246 2.8645 
1248 2.86458 
1250 2.86462 
1252 2.86456 
1254 2.86465 
1256 2.86468 
1258 2.8648 
1260 2.8648 
1262 2.86459 
1264 2.86475 
1266 2.8648 
1268 2.86466 
1270 2.86466 
1272 2.86463 
1274 2.86443 
1276 2.86447 
1278 2.86429 
1280 2.86438 
1282 2.86465 
1284 2.86478 
1286 2.86484 
1288 2.86496 
1290 2.86504 
1292 2.86489 
1294 2.86503 
1296 2.86498 
1298 2.86486 
1300 2.86501 
1302 2.86513 
1304 2.86515 
1306 2.86525 
1308 2.86515 
1310 2.86511 
1312 2.86503 
1314 2.86505 
1316 2.86507 
1318 2.86505 
1320 2.86522 
1322 2.86517 
1324 2.86508 
1326 2.86523 
1328 2.86496 
1330 2.86518 
1332 2.86509 
1334 2.86498 
1336 2.86496 
1338 2.86479 
1340 2.86478 
1342 2.86485 
1344 2.86489 
1346 2.86486 
1348 2.86464 
1350 2.86456 
1352 2.86453 
1354 2.86453 
1356 2.86443 
1358 2.86456 
1360 2.86467 
1362 2.86474 
1364 2.86487 
1366 2.86482 
1368 2.8647 
1370 2.86474 
1372 2.86499 
1374 2.86501 
1376 2.86512 
1378 2.86511 
1380 2.86517 
1382 2.86519 
1384 2.86524 
1386 2.86509 
1388 2.86516 
1390 2.86502 
1392 2.86499 
1394 2.86484 
1396 2.86484 
1398 2.8648 
1400 2.86479 
1402 2.86486 
1404 2.86503 
1406 2.86491 
1408 2.8648 
1410 2.86476 
1412 2.86492 
1414 2.86492 
1416 2.86492 
1418 2.86482 
1420 2.86495 
1422 2.86503 
1424 2.8649 
1426 2.86495 
1428 2.86491 
1430 2.86478 
1432 2.86483 
1434 2.86477 
1436 2.86471 
1438 2.86481 
1440 2.8647 
1442 2.86478 
1444 2.86469 
1446 2.86472 
1448 2.86479 
1450 2.86477 
1452 2.86474 
1454 2.86467 
1456 2.86455 
1458 2.86463 
1460 2.86465 
1462 2.86462 
1464 2.86464 
1466 2.86461 
1468 2.86448 
1470 2.86448 
1472 2.86445 
1474 2.86453 
1476 2.86443 
1478 2.86444 
1480 2.86422 
1482 2.86423 
1484 2.86414 
1486 2.86403 
1488 2.86388 
1490 2.86385 
1492 2.86387 
1494 2.86402 
1496 2.86401 
1498 2.86408 
1500 2.86414 
1502 2.86405 
1504 2.86418 
1506 2.8644 
1508 2.86439 
1510 2.86428 
1512 2.8644 
1514 2.86436 
1516 2.86457 
1518 2.8647 
1520 2.86456 
1522 2.86446 
1524 2.86459 
1526 2.86464 
1528 2.86461 
1530 2.8645 
1532 2.86433 
1534 2.86425 
1536 2.8644 
1538 2.86451 
1540 2.8645 
1542 2.86431 
1544 2.86441 
1546 2.86446 
1548 2.86433 
1550 2.86427 
1552 2.86442 
1554 2.86443 
1556 2.86449 
1558 2.86448 
1560 2.86438 
1562 2.86421 
1564 2.86424 
1566 2.86428 
1568 2.86428 
1570 2.86439 
1572 2.86449 
1574 2.86461 
1576 2.86462 
1578 2.86451 
1580 2.86466 
1582 2.86463 
1584 2.86456 
1586 2.86452 
1588 2.86455 
1590 2.86462 
1592 2.86463 
1594 2.86468 
1596 2.86468 
1598 2.86484 
1600 2.86498 
1602 2.86499 
1604 2.86473 
1606 2.86476 
1608 2.86492 
1610 2.86519 
1612 2.86525 
1614 2.86525 
1616 2.86537 
1618 2.86539 
1620 2.8653 
1622 2.86525 
1624 2.86519 
1626 2.86509 
1628 2.86498 
1630 2.86508 
1632 2.86503 
1634 2.86495 
1636 2.86502 
1638 2.86505 
1640 2.86535 
1642 2.86553 
1644 2.86537 
1646 2.86532 
1648 2.86517 
1650 2.86524 
1652 2.86521 
1654 2.86519 
1656 2.86515 
1658 2.86516 
1660 2.8653 
1662 2.86534 
1664 2.86531 
1666 2.86528 
1668 2.86529 
1670 2.8653 
1672 2.86513 
1674 2.86503 
1676 2.86517 
1678 2.86506 
1680 2.86518 
1682 2.86528 
1684 2.8651 
1686 2.86507 
1688 2.86506 
1690 2.86503 
1692 2.86504 
1694 2.86498 
1696 2.86523 
1698 2.8652 
1700 2.86525 
1702 2.86525 
1704 2.86512 
1706 2.86514 
1708 2.86504 
1710 2.86515 
1712 2.86541 
1714 2.8654 
1716 2.86528 
1718 2.8653 
1720 2.86526 
1722 2.86526 
1724 2.86527 
1726 2.86537 
1728 2.86536 
1730 2.8654 
1732 2.86559 
1734 2.86563 
1736 2.86563 
1738 2.8654 
1740 2.86556 
1742 2.86565 
1744 2.86574 
1746 2.86571 
1748 2.8657 
1750 2.86544 
1752 2.86546 
1754 2.86552 
1756 2.86557 
1758 2.86557 
1760 2.86562 
1762 2.86553 
1764 2.86556 
1766 2.86553 
1768 2.86543 
1770 2.86542 
1772 2.86553 
1774 2.86542 
1776 2.8653 
1778 2.86516 
1780 2.86513 
1782 2.8651 
1784 2.86508 
1786 2.86512 
1788 2.86501 
1790 2.86509 
1792 2.86507 
1794 2.86527 
1796 2.86532 
1798 2.86518 
1800 2.8652 
1802 2.86532 
1804 2.86543 
1806 2.86526 
1808 2.86535 
1810 2.86549 
1812 2.86551 
1814 2.86526 
1816 2.86504 
1818 2.86501 
1820 2.86522 
1822 2.86513 
1824 2.86503 
1826 2.86509 
1828 2.86522 
1830 2.86528 
1832 2.86529 
1834 2.86518 
1836 2.86522 
1838 2.86511 
1840 2.86521 
1842 2.86532 
1844 2.8654 
1846 2.86544 
1848 2.86538 
1850 2.86544 
1852 2.86553 
1854 2.86571 
1856 2.86559 
1858 2.86556 
1860 2.86552 
1862 2.86539 
1864 2.86547 
1866 2.86555 
1868 2.86538 
1870 2.86529 
1872 2.86525 
1874 2.86542 
1876 2.86546 
1878 2.86529 
1880 2.86521 
1882 2.86509 
1884 2.86484 
1886 2.86507 
1888 2.86518 
1890 2.86531 
1892 2.86506 
1894 2.86501 
1896 2.86517 
1898 2.86507 
1900 2.86516 
1902 2.865 
1904 2.86493 
1906 2.86494 
1908 2.86518 
1910 2.86525 
1912 2.865 
1914 2.86501 
1916 2.86483 
1918 2.86487 
1920 2.86499 
1922 2.86505 
1924 2.865 
1926 2.86516 
1928 2.8653 
1930 2.86526 
1932 2.86522 
1934 2.86514 
1936 2.86525 
1938 2.86533 
1940 2.86534 
1942 2.86527 
1944 2.86532 
1946 2.86534 
1948 2.86542 
1950 2.86538 
1952 2.86538 
1954 2.86521 
1956 2.86533 
1958 2.86519 
1960 2.86541 
1962 2.86536 
1964 2.86541 
1966 2.86555 
1968 2.86551 
1970 2.86549 
1972 2.86543 
1974 2.86561 
1976 2.86578 
1978 2.86573 
1980 2.86587 
1982 2.86575 
1984 2.86553 
1986 2.86551 
1988 2.86556 
1990 2.86552 
1992 2.86563 
1994 2.86561 
1996 2.86538 
1998 2.86534 
2000 2.86523 
2002 2.86523 
2004 2.86533 
2006 2.86528 
2008 2.86521 
2010 2.86524 
2012 2.8651 
2014 2.86504 
2016 2.86525 
2018 2.86532 
2020 2.86555 
2022 2.86555 
2024 2.86541 
2026 2.86524 
2028 2.8653 
2030 2.86541 
2032 2.8655 
2034 2.86531 
2036 2.86528 
2038 2.86515 
2040 2.8651 
2042 2.86509 
2044 2.86517 
2046 2.86513 
2048 2.8651 
2050 2.8651 
2052 2.8652 
2054 2.86525 
2056 2.86534 
2058 2.86539 
2060 2.86512 
2062 2.86532 
2064 2.86543 
2066 2.86554 
2068 2.86546 
2070 2.8654 
2072 2.86552 
2074 2.86552 
2076 2.86539 
2078 2.86537 
2080 2.86534 
2082 2.86542 
2084 2.86543 
2086 2.8653 
2088 2.86504 
2090 2.865 
2092 2.86501 
2094 2.8651 
2096 2.865 
2098 2.8651 
2100 2.86515 
2102 2.86517 
2104 2.86494 
2106 2.86498 
2108 2.865 
2110 2.86508 
2112 2.86511 
2114 2.86516 
2116 2.86528 
2118 2.86525 
2120 2.86508 
2122 2.86515 
2124 2.86519 
2126 2.86524 
2128 2.86524 
2130 2.86546 
2132 2.86545 
2134 2.86559 
2136 2.86533 
2138 2.86532 
2140 2.86535 
2142 2.86527 
2144 2.86534 
2146 2.86538 
2148 2.86547 
2150 2.86543 
2152 2.8656 
2154 2.8656 
2156 2.86543 
2158 2.86539 
2160 2.86543 
2162 2.86549 
2164 2.86543 
2166 2.86552 
2168 2.86556 
2170 2.86553 
2172 2.86544 
2174 2.86545 
2176 2.8655 
2178 2.86561 
2180 2.86571 
2182 2.86566 
2184 2.86555 
2186 2.8656 
2188 2.86551 
2190 2.86561 
2192 2.86547 
2194 2.86549 
2196 2.86543 
2198 2.86543 
2200 2.86552 
2202 2.86555 
2204 2.86528 
2206 2.86534 
2208 2.86549 
2210 2.86553 
2212 2.86551 
2214 2.86579 
2216 2.86576 
2218 2.86571 
2220 2.86568 
2222 2.86586 
2224 2.86587 
2226 2.86588 
2228 2.86585 
2230 2.8658 
2232 2.86567 
2234 2.86551 
2236 2.86536 
2238 2.86552 
2240 2.86556 
2242 2.86555 
2244 2.86558 
2246 2.86583 
2248 2.8658 
2250 2.86562 
2252 2.86568 
2254 2.86561 
2256 2.86544 
2258 2.86515 
2260 2.8651 
2262 2.86504 
2264 2.8653 
2266 2.86526 
2268 2.86532 
2270 2.86515 
2272 2.86544 
2274 2.86532 
2276 2.86534 
2278 2.86548 
2280 2.86556 
2282 2.86571 
2284 2.8658 
2286 2.86581 
2288 2.86558 
2290 2.86575 
2292 2.86584 
2294 2.86557 
2296 2.86557 
2298 2.86584 
2300 2.86566 
2302 2.86568 
2304 2.86569 
2306 2.86558 
2308 2.86543 
2310 2.86547 
2312 2.8654 
2314 2.86537 
2316 2.86537 
2318 2.86532 
2320 2.86516 
2322 2.86527 
2324 2.86526 
2326 2.8654 
2328 2.86552 
2330 2.86532 
2332 2.86547 
2334 2.86542 
2336 2.86518 
2338 2.86534 
2340 2.86547 
2342 2.86532 
2344 2.86534 
2346 2.86523 
2348 2.86519 
2350 2.86524 
2352 2.8654 
2354 2.86532 
2356 2.86531 
2358 2.86537 
2360 2.86548 
2362 2.86547 
2364 2.86549 
2366 2.86536 
2368 2.86533 
2370 2.86556 
2372 2.86555 
2374 2.86546 
2376 2.86539 
2378 2.86532 
2380 2.86557 
2382 2.86553 
2384 2.86547 
2386 2.86561 
2388 2.86561 
2390 2.86548 
2392 2.86557 
2394 2.86543 
2396 2.86554 
2398 2.86557 
2400 2.86561 
2402 2.86538 
2404 2.8654 
2406 2.86533 
2408 2.86541 
2410 2.86561 
2412 2.86547 
2414 2.86533 
2416 2.86553 
2418 2.86572 
2420 2.86567 
2422 2.86562 
2424 2.8655 
2426 2.86562 
2428 2.86552 
2430 2.86552 
2432 2.86544 
2434 2.86546 
2436 2.86545 
2438 2.86563 
2440 2.86569 
2442 2.86564 
2444 2.86551 
2446 2.86535 
2448 2.86531 
2450 2.8652 
2452 2.86526 
2454 2.86532 
2456 2.86536 
2458 2.86528 
2460 2.86527 
2462 2.86519 
2464 2.86521 
2466 2.86519 
2468 2.86526 
2470 2.86515 
2472 2.86516 
2474 2.8651 
2476 2.86524 
2478 2.86525 
2480 2.86524 
2482 2.86534 
2484 2.8654 
2486 2.86546 
2488 2.86552 
2490 2.86552 
2492 2.86569 
2494 2.86575 
2496 2.8659 
2498 2.86577 
2500 2.86606 
2502 2.86604 
2504 2.86588 
2506 2.86572 
2508 2.86554 
2510 2.86551 
2512 2.86553 
2514 2.86565 
2516 2.8659 
2518 2.86594 
2520 2.86602 
2522 2.86618 
2524 2.86622 
2526 2.8662 
2528 2.86614 
2530 2.86612 
2532 2.86603 
2534 2.86615 
2536 2.8663 
2538 2.86659 
2540 2.86678 
2542 2.86681 
2544 2.86686 
2546 2.86694 
2548 2.86693 
2550 2.8668 
2552 2.86681 
2554 2.86677 
2556 2.86687 
2558 2.8669 
2560 2.86693 
2562 2.86686 
2564 2.86672 
2566 2.86678 
2568 2.8667 
2570 2.86664 
2572 2.86663 
2574 2.86668 
2576 2.86643 
2578 2.86645 
2580 2.86645 
2582 2.86647 
2584 2.86628 
2586 2.8663 
2588 2.8663 
2590 2.86619 
2592 2.86615 
2594 2.86612 
2596 2.86613 
2598 2.86603 
2600 2.86604 
2602 2.86601 
2604 2.86599 
2606 2.86595 
2608 2.86591 
2610 2.86593 
2612 2.86598 
2614 2.8659 
2616 2.86585 
2618 2.86583 
2620 2.8657 
2622 2.86576 
2624 2.86572 
2626 2.8656 
2628 2.86576 
2630 2.86564 
2632 2.86583 
2634 2.8657 
2636 2.86554 
2638 2.86553 
2640 2.86562 
2642 2.86576 
2644 2.86577 
2646 2.86578 
2648 2.86578 
2650 2.86551 
2652 2.86565 
2654 2.86575 
2656 2.86578 
2658 2.86599 
2660 2.86597 
2662 2.8659 
2664 2.86599 
2666 2.86587 
2668 2.86613 
2670 2.86621 
2672 2.86615 
2674 2.86602 
2676 2.86614 
2678 2.86599 
2680 2.866 
2682 2.86609 
2684 2.86608 
2686 2.86623 
2688 2.8663 
2690 2.86639 
2692 2.86639 
2694 2.86638 
2696 2.86626 
2698 2.86642 
2700 2.86637 
2702 2.86628 
2704 2.86627 
2706 2.86626 
2708 2.86645 
2710 2.86654 
2712 2.86661 
2714 2.86633 
2716 2.86644 
2718 2.86623 
2720 2.86639 
2722 2.8664 
2724 2.86633 
2726 2.86638 
2728 2.86622 
2730 2.8663 
2732 2.86623 
2734 2.86616 
2736 2.86622 
2738 2.8662 
2740 2.86607 
2742 2.86608 
2744 2.86609 
2746 2.86605 
2748 2.86606 
2750 2.86595 
2752 2.866 
2754 2.86599 
2756 2.86609 
2758 2.86599 
2760 2.86623 
2762 2.86616 
2764 2.86615 
2766 2.86615 
2768 2.86601 
2770 2.866 
2772 2.86616 
2774 2.86622 
2776 2.86612 
2778 2.86626 
2780 2.86631 
2782 2.86652 
2784 2.86667 
2786 2.86664 
2788 2.86645 
2790 2.86658 
2792 2.86678 
2794 2.86653 
2796 2.86656 
2798 2.86657 
2800 2.86638 
2802 2.8664 
2804 2.86642 
2806 2.86622 
2808 2.86616 
2810 2.86611 
2812 2.8661 
2814 2.86596 
2816 2.86577 
2818 2.86577 
2820 2.86577 
2822 2.86567 
2824 2.86582 
2826 2.86559 
2828 2.8654 
2830 2.86562 
2832 2.86557 
2834 2.86538 
2836 2.86546 
2838 2.86556 
2840 2.8655 
2842 2.86553 
2844 2.86557 
2846 2.86546 
2848 2.86547 
2850 2.86535 
2852 2.8652 
2854 2.86513 
2856 2.86518 
2858 2.86505 
2860 2.8652 
2862 2.86515 
2864 2.86522 
2866 2.86542 
2868 2.86537 
2870 2.86528 
2872 2.8655 
2874 2.86559 
2876 2.86559 
2878 2.8654 
2880 2.86541 
2882 2.86546 
2884 2.86562 
2886 2.86556 
2888 2.86563 
2890 2.86559 
2892 2.86576 
2894 2.86579 
2896 2.86564 
2898 2.86566 
2900 2.8656 
2902 2.86535 
2904 2.86535 
2906 2.86534 
2908 2.86539 
2910 2.86542 
2912 2.86543 
2914 2.86534 
2916 2.86548 
2918 2.86544 
2920 2.86534 
2922 2.86516 
2924 2.86513 
2926 2.86519 
2928 2.86534 
2930 2.86533 
2932 2.86536 
2934 2.86534 
2936 2.86533 
2938 2.8654 
2940 2.86542 
2942 2.86549 
2944 2.86537 
2946 2.86554 
2948 2.86538 
2950 2.8654 
2952 2.86531 
2954 2.86537 
2956 2.86531 
2958 2.86532 
2960 2.86525 
2962 2.86534 
2964 2.86531 
2966 2.86521 
2968 2.8653 
2970 2.86528 
2972 2.86538 
2974 2.86512 
2976 2.86522 
2978 2.86537 
2980 2.8653 
2982 2.86563 
2984 2.86566 
2986 2.86575 
2988 2.86566 
2990 2.86577 
2992 2.86605 
2994 2.8658 
2996 2.86567 
2998 2.86566 
3000 2.86549 
3002 2.8655 
3004 2.86553 
3006 2.8656 
3008 2.86576 
3010 2.8656 
3012 2.86571 
3014 2.8658 
3016 2.86602 
3018 2.86599 
3020 2.866 
3022 2.86608 
3024 2.86614 
3026 2.86644 
3028 2.86625 
3030 2.86642 
3032 2.86631 
3034 2.86628 
3036 2.86624 
3038 2.86613 
3040 2.86603 
3042 2.86602 
3044 2.86595 
3046 2.86585 
3048 2.86575 
3050 2.86588 
3052 2.86591 
3054 2.86579 
3056 2.86582 
3058 2.8657 
3060 2.8657 
3062 2.86582 
3064 2.86598 
3066 2.86599 
3068 2.86601 
3070 2.8659 
3072 2.86592 
3074 2.86587 
3076 2.86567 
3078 2.8657 
3080 2.86591 
3082 2.86591 
3084 2.86594 
3086 2.86595 
3088 2.86592 
3090 2.86605 
3092 2.8661 
3094 2.86595 
3096 2.8659 
3098 2.86593 
3100 2.86617 
3102 2.8662 
3104 2.86629 
3106 2.86617 
3108 2.86614 
3110 2.86605 
3112 2.86596 
3114 2.86574 
3116 2.86569 
3118 2.86556 
3120 2.86573 
3122 2.86578 
3124 2.86589 
3126 2.86588 
3128 2.86581 
3130 2.86568 
3132 2.8657 
3134 2.86558 
3136 2.86562 
3138 2.86557 
3140 2.86573 
3142 2.86579 
3144 2.86597 
3146 2.86589 
3148 2.86607 
3150 2.86593 
3152 2.86576 
3154 2.86583 
3156 2.86581 
3158 2.86575 
3160 2.86593 
3162 2.8662 
3164 2.86568 
3166 2.86601 
3168 2.86602 
3170 2.86589 
3172 2.86592 
3174 2.86593 
3176 2.866 
3178 2.86587 
3180 2.86605 
3182 2.86601 
3184 2.86596 
3186 2.86604 
3188 2.86617 
3190 2.86619 
3192 2.86624 
3194 2.86627 
3196 2.86625 
3198 2.86626 
3200 2.86621 
3202 2.86591 
3204 2.86594 
3206 2.86608 
3208 2.86598 
3210 2.86592 
3212 2.86586 
3214 2.8658 
3216 2.86578 
3218 2.86576 
3220 2.86575 
3222 2.86585 
3224 2.86582 
3226 2.86582 
3228 2.86603 
3230 2.86599 
3232 2.86624 
3234 2.86606 
3236 2.86592 
3238 2.86585 
3240 2.86572 
3242 2.86571 
3244 2.8656 
3246 2.8657 
3248 2.86556 
3250 2.8656 
3252 2.86556 
3254 2.86545 
3256 2.86548 
3258 2.86559 
3260 2.86534 
3262 2.86525 
3264 2.86509 
3266 2.86508 
3268 2.865 
3270 2.8651 
3272 2.86502 
3274 2.86503 
3276 2.865 
3278 2.86497 
3280 2.86489 
3282 2.86501 
3284 2.8651 
3286 2.86513 
3288 2.86515 
3290 2.86529 
3292 2.8653 
3294 2.86524 
3296 2.86538 
3298 2.86535 
3300 2.86513 
3302 2.86507 
3304 2.86501 
3306 2.86504 
3308 2.86522 
3310 2.86507 
3312 2.86514 
3314 2.86516 
3316 2.86499 
3318 2.86485 
3320 2.86488 
3322 2.86509 
3324 2.86507 
3326 2.86509 
3328 2.86511 
3330 2.86515 
3332 2.86509 
3334 2.86528 
3336 2.86532 
3338 2.86549 
3340 2.86556 
3342 2.86552 
3344 2.86562 
3346 2.86565 
3348 2.86571 
3350 2.86584 
3352 2.86585 
3354 2.86576 
3356 2.8658 
3358 2.86579 
3360 2.86569 
3362 2.86577 
3364 2.86574 
3366 2.86589 
3368 2.86589 
3370 2.86576 
3372 2.86574 
3374 2.86585 
3376 2.86591 
3378 2.86575 
3380 2.86572 
3382 2.86589 
3384 2.86591 
3386 2.866 
3388 2.866 
3390 2.86598 
3392 2.86598 
3394 2.86585 
3396 2.86586 
3398 2.86579 
3400 2.86571 
3402 2.86573 
3404 2.86587 
3406 2.86587 
3408 2.86598 
3410 2.86581 
3412 2.86579 
3414 2.86576 
3416 2.86606 
3418 2.86594 
3420 2.86594 
3422 2.86599 
3424 2.86606 
3426 2.86618 
3428 2.86609 
3430 2.866 
3432 2.86618 
3434 2.8664 
3436 2.86638 
3438 2.86654 
3440 2.86666 
3442 2.86653 
3444 2.86657 
3446 2.86648 
3448 2.86656 
3450 2.86664 
3452 2.86663 
3454 2.86673 
3456 2.86669 
3458 2.86666 
3460 2.86649 
3462 2.86646 
3464 2.86638 
3466 2.86643 
3468 2.86646 
3470 2.86628 
3472 2.8662 
3474 2.86601 
3476 2.86598 
3478 2.86592 
3480 2.86568 
3482 2.86589 
3484 2.86595 
3486 2.86602 
3488 2.8661 
3490 2.86601 
3492 2.86618 
3494 2.86628 
3496 2.86629 
3498 2.86604 
3500 2.8659 
3502 2.86573 
3504 2.8656 
3506 2.86575 
3508 2.86578 
3510 2.86569 
3512 2.86568 
3514 2.86549 
3516 2.86547 
3518 2.86559 
3520 2.86565 
3522 2.8658 
3524 2.86584 
3526 2.86583 
3528 2.8657 
3530 2.86557 
3532 2.86558 
3534 2.86551 
3536 2.86551 
3538 2.86537 
3540 2.86559 
3542 2.86562 
3544 2.86573 
3546 2.86575 
3548 2.8659 
3550 2.86582 
3552 2.86592 
3554 2.86573 
3556 2.86576 
3558 2.86579 
3560 2.86597 
3562 2.86595 
3564 2.86601 
3566 2.86601 
3568 2.86602 
3570 2.86582 
3572 2.86577 
3574 2.8658 
3576 2.86581 
3578 2.86573 
3580 2.86591 
3582 2.86604 
3584 2.86599 
3586 2.86613 
3588 2.866 
3590 2.86583 
3592 2.86591 
3594 2.86583 
3596 2.86581 
3598 2.86587 
3600 2.86593 
3602 2.86584 
3604 2.86598 
3606 2.86579 
3608 2.86582 
3610 2.86582 
3612 2.86578 
3614 2.86569 
3616 2.8658 
3618 2.86573 
3620 2.8656 
3622 2.86545 
3624 2.86572 
3626 2.86585 
3628 2.86589 
3630 2.86589 
3632 2.86575 
3634 2.86554 
3636 2.86561 
3638 2.86539 
3640 2.86548 
3642 2.86543 
3644 2.86539 
3646 2.8655 
3648 2.86556 
3650 2.86561 
3652 2.86567 
3654 2.8656 
3656 2.86561 
3658 2.86566 
3660 2.86572 
3662 2.86557 
3664 2.86574 
3666 2.8657 
3668 2.86565 
3670 2.86572 
3672 2.86594 
3674 2.8661 
3676 2.86597 
3678 2.86586 
3680 2.86584 
3682 2.8658 
3684 2.86583 
3686 2.86564 
3688 2.86561 
3690 2.86559 
3692 2.86569 
3694 2.86572 
3696 2.86571 
3698 2.86577 
3700 2.8658 
3702 2.86587 
3704 2.86582 
3706 2.86578 
3708 2.86589 
3710 2.86572 
3712 2.86589 
3714 2.86586 
3716 2.8659 
3718 2.86593 
3720 2.86591 
3722 2.86607 
3724 2.86602 
3726 2.86586 
3728 2.86602 
3730 2.86622 
3732 2.86624 
3734 2.86622 
3736 2.86626 
3738 2.86621 
3740 2.86631 
3742 2.86633 
3744 2.86636 
3746 2.86628 
3748 2.86628 
3750 2.86637 
3752 2.86621 
3754 2.86634 
3756 2.86636 
3758 2.86649 
3760 2.86638 
3762 2.86644 
3764 2.86622 
3766 2.86611 
3768 2.866 
3770 2.86595 
3772 2.86577 
3774 2.86579 
3776 2.86581 
3778 2.86573 
3780 2.8656 
3782 2.8655 
3784 2.86551 
3786 2.8655 
3788 2.86551 
3790 2.86547 
3792 2.86549 
3794 2.86528 
3796 2.86531 
3798 2.86526 
3800 2.86524 
3802 2.86525 
3804 2.86532 
3806 2.86539 
3808 2.86529 
3810 2.8654 
3812 2.86534 
3814 2.86523 
3816 2.86529 
3818 2.86537 
3820 2.8654 
3822 2.86556 
3824 2.86545 
3826 2.86528 
3828 2.86553 
3830 2.86561 
3832 2.86554 
3834 2.86569 
3836 2.86566 
3838 2.86561 
3840 2.86563 
3842 2.86556 
3844 2.8658 
3846 2.86585 
3848 2.86607 
3850 2.86599 
3852 2.86591 
3854 2.86594 
3856 2.86579 
3858 2.86585 
3860 2.86586 
3862 2.8659 
3864 2.86593 
3866 2.86601 
3868 2.86597 
3870 2.86606 
3872 2.86603 
3874 2.86597 
3876 2.86621 
3878 2.86626 
3880 2.86622 
3882 2.86618 
3884 2.86611 
3886 2.86617 
3888 2.86618 
3890 2.86616 
3892 2.8662 
3894 2.86634 
3896 2.8661 
3898 2.8661 
3900 2.86605 
3902 2.86604 
3904 2.86604 
3906 2.86608 
3908 2.86616 
3910 2.86607 
3912 2.86612 
3914 2.86624 
3916 2.86618 
3918 2.86605 
3920 2.86606 
3922 2.86583 
3924 2.86586 
3926 2.86602 
3928 2.86587 
3930 2.8657 
3932 2.86555 
3934 2.86538 
3936 2.86528 
3938 2.86531 
3940 2.86533 
3942 2.8654 
3944 2.8653 
3946 2.8654 
3948 2.86524 
3950 2.86541 
3952 2.86538 
3954 2.86517 
3956 2.86532 
3958 2.86549 
3960 2.86553 
3962 2.86534 
3964 2.8653 
3966 2.86529 
3968 2.86527 
3970 2.86526 
3972 2.86536 
3974 2.86537 
3976 2.86521 
3978 2.86528 
3980 2.86521 
3982 2.86526 
3984 2.86536 
3986 2.86534 
3988 2.86524 
3990 2.86522 
3992 2.86506 
3994 2.86524 
3996 2.86531 
3998 2.86546 
4000 2.86545 
4002 2.86532 
4004 2.86533 
4006 2.86549 
4008 2.86563 
4010 2.8658 
4012 2.8659 
4014 2.86586 
4016 2.86604 
4018 2.86609 
4020 2.86609 
4022 2.86606 
4024 2.86579 
4026 2.8659 
4028 2.86584 
4030 2.86587 
4032 2.86601 
4034 2.86606 
4036 2.86589 
4038 2.86583 
4040 2.86573 
4042 2.86585 
4044 2.8659 
4046 2.8658 
4048 2.86581 
4050 2.86583 
4052 2.86574 
4054 2.86586 
4056 2.86581 
4058 2.86576 
4060 2.86583 
4062 2.866 
4064 2.8658 
4066 2.86578 
4068 2.8658 
4070 2.86574 
4072 2.86567 
4074 2.86557 
4076 2.86566 
4078 2.86553 
4080 2.86543 
4082 2.86531 
4084 2.86529 
4086 2.86515 
4088 2.86505 
4090 2.8651 
4092 2.86519 
4094 2.86518 
4096 2.86522 
4098 2.86507 
4100 2.86513 
4102 2.86529 
4104 2.86538 
4106 2.86523 
4108 2.86496 
4110 2.86496 
4112 2.86514 
4114 2.8653 
4116 2.86533 
4118 2.8654 
4120 2.86535 
4122 2.86505 
4124 2.86508 
4126 2.86518 
4128 2.86519 
4130 2.86507 
4132 2.86512 
4134 2.86524 
4136 2.86532 
4138 2.86507 
4140 2.86505 
4142 2.86508 
4144 2.86495 
4146 2.865 
4148 2.8652 
4150 2.86518 
4152 2.86516 
4154 2.8651 
4156 2.86506 
4158 2.86515 
4160 2.86518 
4162 2.86529 
4164 2.86515 
4166 2.86514 
4168 2.86504 
4170 2.86503 
4172 2.86504 
4174 2.86505 
4176 2.86519 
4178 2.86505 
4180 2.8651 
4182 2.86504 
4184 2.86514 
4186 2.86513 
4188 2.86489 
4190 2.86495 
4192 2.86501 
4194 2.86528 
4196 2.86519 
4198 2.86531 
4200 2.86518 
4202 2.86536 
4204 2.86523 
4206 2.8652 
4208 2.8653 
4210 2.86522 
4212 2.86519 
4214 2.86528 
4216 2.86523 
4218 2.86534 
4220 2.86538 
4222 2.8654 
4224 2.86553 
4226 2.86546 
4228 2.86558 
4230 2.86562 
4232 2.86553 
4234 2.86546 
4236 2.86546 
4238 2.86544 
4240 2.86539 
4242 2.86544 
4244 2.86569 
4246 2.86561 
4248 2.86559 
4250 2.86562 
4252 2.86565 
4254 2.86568 
4256 2.86557 
4258 2.86545 
4260 2.86548 
4262 2.8655 
4264 2.86544 
4266 2.86539 
4268 2.86546 
4270 2.86538 
4272 2.86541 
4274 2.86542 
4276 2.8655 
4278 2.8657 
4280 2.86577 
4282 2.86587 
4284 2.86577 
4286 2.86574 
4288 2.86562 
4290 2.86549 
4292 2.86555 
4294 2.86548 
4296 2.86553 
4298 2.86553 
4300 2.86552 
4302 2.86549 
4304 2.86527 
4306 2.86531 
4308 2.86527 
4310 2.8654 
4312 2.86522 
4314 2.8654 
4316 2.86533 
4318 2.86525 
4320 2.8654 
4322 2.86548 
4324 2.86541 
4326 2.86551 
4328 2.86534 
4330 2.86532 
4332 2.86542 
4334 2.86546 
4336 2.86534 
4338 2.86526 
4340 2.86545 
4342 2.86564 
4344 2.86551 
4346 2.86559 
4348 2.86549 
4350 2.86539 
4352 2.86538 
4354 2.86511 
4356 2.8651 
4358 2.86507 
4360 2.86506 
4362 2.86512 
4364 2.86496 
4366 2.86505 
4368 2.86503 
4370 2.86502 
4372 2.86516 
4374 2.86535 
4376 2.86538 
4378 2.86545 
4380 2.86549 
4382 2.8654 
4384 2.86544 
4386 2.86533 
4388 2.86547 
4390 2.86551 
4392 2.86554 
4394 2.86548 
4396 2.86555 
4398 2.86549 
4400 2.8654 
4402 2.86528 
4404 2.86522 
4406 2.86509 
4408 2.86525 
4410 2.86522 
4412 2.86523 
4414 2.86525 
4416 2.86523 
4418 2.86513 
4420 2.86515 
4422 2.86504 
4424 2.8651 
4426 2.86526 
4428 2.86519 
4430 2.8652 
4432 2.86526 
4434 2.86522 
4436 2.86519 
4438 2.86522 
4440 2.86513 
4442 2.86533 
4444 2.86532 
4446 2.86533 
4448 2.86552 
4450 2.86563 
4452 2.86558 
4454 2.86552 
4456 2.86543 
4458 2.86528 
4460 2.8653 
4462 2.86537 
4464 2.86538 
4466 2.86534 
4468 2.86541 
4470 2.86546 
4472 2.86555 
4474 2.86549 
4476 2.86573 
4478 2.86575 
4480 2.86577 
4482 2.86572 
4484 2.86583 
4486 2.86576 
4488 2.8657 
4490 2.86573 
4492 2.86571 
4494 2.86575 
4496 2.86574 
4498 2.86587 
4500 2.8659 
4502 2.86579 
4504 2.86583 
4506 2.86575 
4508 2.86564 
4510 2.86556 
4512 2.86554 
4514 2.86546 
4516 2.86556 
4518 2.86557 
4520 2.86554 
4522 2.86557 
4524 2.86549 
4526 2.86535 
4528 2.86519 
4530 2.8652 
4532 2.86536 
4534 2.86538 
4536 2.86528 
4538 2.86551 
4540 2.86553 
4542 2.86553 
4544 2.8656 
4546 2.86548 
4548 2.86563 
4550 2.86567 
4552 2.86571 
4554 2.86567 
4556 2.86561 
4558 2.8657 
