0.01  0
0.02  0
0.03  0
0.04  0
0.05  0
0.06  0
0.07  0
0.08  0
0.09  0
0.1  0
0.11  0
0.12  0
0.13  0
0.14  0
0.15  0
0.16  0
0.17  0
0.18  0
0.19  0
0.2  0
0.21  0
0.22  0
0.23  0
0.24  0
0.25  0
0.26  0
0.27  0
0.28  0
0.29  0
0.3  0
0.31  0
0.32  0
0.33  0
0.34  0
0.35  0
0.36  0
0.37  0
0.38  0
0.39  0
0.4  0
0.41  0
0.42  0
0.43  0
0.44  0
0.45  0
0.46  0
0.47  0
0.48  0
0.49  0
0.5  0
0.51  0
0.52  0
0.53  0
0.54  0
0.55  0
0.56  0
0.57  0
0.58  0
0.59  0
0.6  0
0.61  0
0.62  0
0.63  0
0.64  0
0.65  0
0.66  0
0.67  0
0.68  0
0.69  0
0.7  0
0.71  0
0.72  0
0.73  0
0.74  0
0.75  0
0.76  0
0.77  0
0.78  0
0.79  0
0.8  0
0.81  0
0.82  0
0.83  0
0.84  0
0.85  0
0.86  0
0.87  0
0.88  0
0.89  0
0.9  0
0.91  0
0.92  0
0.93  0
0.94  0
0.95  0
0.96  0
0.97  0
0.98  0
0.99  0
1  0
1.01  0
1.02  0
1.03  0
1.04  0
1.05  0
1.06  0
1.07  0
1.08  0
1.09  0
1.1  0
1.11  0
1.12  0
1.13  0
1.14  0
1.15  0
1.16  0
1.17  0
1.18  0
1.19  0
1.2  0
1.21  0
1.22  0
1.23  0
1.24  0
1.25  0
1.26  0
1.27  0
1.28  0
1.29  0
1.3  0
1.31  0
1.32  0
1.33  0
1.34  0
1.35  0
1.36  0
1.37  0
1.38  0
1.39  0
1.4  0
1.41  0
1.42  0
1.43  0
1.44  0
1.45  0
1.46  0
1.47  0
1.48  0
1.49  0
1.5  0
1.51  0
1.52  0
1.53  0
1.54  0
1.55  0
1.56  0
1.57  0
1.58  0
1.59  0
1.6  0
1.61  0
1.62  0
1.63  0
1.64  0
1.65  0
1.66  0
1.67  0
1.68  0
1.69  0
1.7  0
1.71  0
1.72  0
1.73  0
1.74  0
1.75  0
1.76  0
1.77  0
1.78  0
1.79  0
1.8  0
1.81  0
1.82  0
1.83  0
1.84  0
1.85  0
1.86  0
1.87  0
1.88  0
1.89  0
1.9  0
1.91  0
1.92  0
1.93  0
1.94  0
1.95  0
1.96  0
1.97  0
1.98  0
1.99  0
2  0
2.01  0
2.02  0
2.03  0
2.04  0
2.05  0
2.06  0
2.07  0
2.08  0
2.09  0
2.1  0
2.11  0
2.12  0
2.13  0
2.14  0
2.15  0
2.16  0
2.17  0
2.18  0
2.19  0
2.2  0
2.21  0
2.22  0
2.23  0
2.24  0
2.25  0
2.26  0
2.27  0
2.28  0
2.29  0
2.3  0
2.31  0
2.32  0
2.33  0
2.34  0
2.35  0
2.36  0
2.37  0
2.38  0
2.39  0
2.4  0.000680255
2.41  0.000674622
2.42  0.00401435
2.43  0.00464494
2.44  0.00987202
2.45  0.0117499
2.46  0.013597
2.47  0.0173406
2.48  0.0286684
2.49  0.0448698
2.5  0.0583039
2.51  0.0783642
2.52  0.105509
2.53  0.140181
2.54  0.178556
2.55  0.237416
2.56  0.302528
2.57  0.37196
2.58  0.452081
2.59  0.534461
2.6  0.637009
2.61  0.758679
2.62  0.884756
2.63  1.01513
2.64  1.15025
2.65  1.30786
2.66  1.45753
2.67  1.62636
2.68  1.77954
2.69  1.94774
2.7  2.09888
2.71  2.21734
2.72  2.33135
2.73  2.47465
2.74  2.57092
2.75  2.60562
2.76  2.67679
2.77  2.70754
2.78  2.73018
2.79  2.71014
2.8  2.69181
2.81  2.67963
2.82  2.63948
2.83  2.56362
2.84  2.48876
2.85  2.43997
2.86  2.31755
2.87  2.21818
2.88  2.10218
2.89  1.99477
2.9  1.87108
2.91  1.75089
2.92  1.6222
2.93  1.51712
2.94  1.42023
2.95  1.31292
2.96  1.23877
2.97  1.14471
2.98  1.07615
2.99  1.0098
3  0.955623
3.01  0.895657
3.02  0.860092
3.03  0.792967
3.04  0.740696
3.05  0.705099
3.06  0.67832
3.07  0.665178
3.08  0.642279
3.09  0.627459
3.1  0.608331
3.11  0.597538
3.12  0.597739
3.13  0.600325
3.14  0.600879
3.15  0.601414
3.16  0.602714
3.17  0.596968
3.18  0.603681
3.19  0.591431
3.2  0.603046
3.21  0.609182
3.22  0.614096
3.23  0.626449
3.24  0.620721
3.25  0.619504
3.26  0.616447
3.27  0.61598
3.28  0.615508
3.29  0.628061
3.3  0.617065
3.31  0.626217
3.32  0.631693
3.33  0.621544
3.34  0.633282
3.35  0.64068
3.36  0.645201
3.37  0.650348
3.38  0.649593
3.39  0.652244
3.4  0.661293
3.41  0.657757
3.42  0.662626
3.43  0.671757
3.44  0.686399
3.45  0.692631
3.46  0.693215
3.47  0.697036
3.48  0.713419
3.49  0.721882
3.5  0.733436
3.51  0.729263
3.52  0.718168
3.53  0.718507
3.54  0.713828
3.55  0.713854
3.56  0.72098
3.57  0.724632
3.58  0.710501
3.59  0.706244
3.6  0.70928
3.61  0.715578
3.62  0.72658
3.63  0.730611
3.64  0.738432
3.65  0.745567
3.66  0.743546
3.67  0.742118
3.68  0.748506
3.69  0.754814
3.7  0.752171
3.71  0.755807
3.72  0.747502
3.73  0.746316
3.74  0.74121
3.75  0.730575
3.76  0.731128
3.77  0.737455
3.78  0.734655
3.79  0.741149
3.8  0.739967
3.81  0.740407
3.82  0.745128
3.83  0.745783
3.84  0.761567
3.85  0.771627
3.86  0.787094
3.87  0.805008
3.88  0.831055
3.89  0.852941
3.9  0.866605
3.91  0.884732
3.92  0.903173
3.93  0.924713
3.94  0.930626
3.95  0.958316
3.96  0.964476
3.97  0.972302
3.98  0.984738
3.99  0.97144
4  0.982017
4.01  0.98078
4.02  0.978574
4.03  0.97879
4.04  0.968909
4.05  0.949797
4.06  0.947501
4.07  0.932443
4.08  0.909753
4.09  0.892193
4.1  0.875026
4.11  0.862655
4.12  0.852471
4.13  0.833875
4.14  0.836939
4.15  0.830862
4.16  0.813288
4.17  0.803984
4.18  0.792068
4.19  0.802799
4.2  0.807422
4.21  0.800053
4.22  0.789445
4.23  0.788345
4.24  0.775041
4.25  0.770964
4.26  0.776417
4.27  0.78267
4.28  0.784578
4.29  0.782415
4.3  0.770727
4.31  0.775592
4.32  0.775365
4.33  0.775341
4.34  0.774892
4.35  0.781273
4.36  0.778724
4.37  0.773317
4.38  0.770811
4.39  0.769947
4.4  0.76888
4.41  0.773053
4.42  0.775174
4.43  0.777868
4.44  0.782319
4.45  0.78316
4.46  0.788122
4.47  0.789502
4.48  0.790081
4.49  0.785205
4.5  0.792748
4.51  0.784806
4.52  0.793036
4.53  0.79794
4.54  0.797471
4.55  0.794158
4.56  0.792187
4.57  0.793977
4.58  0.800974
4.59  0.81218
4.6  0.807542
4.61  0.82211
4.62  0.821309
4.63  0.819593
4.64  0.825528
4.65  0.821075
4.66  0.827659
4.67  0.826813
4.68  0.82382
4.69  0.824764
4.7  0.831191
4.71  0.827489
4.72  0.835594
4.73  0.835918
4.74  0.835708
4.75  0.843655
4.76  0.84046
4.77  0.8409
4.78  0.848018
4.79  0.852678
4.8  0.85304
4.81  0.856271
4.82  0.851879
4.83  0.853898
4.84  0.855391
4.85  0.851367
4.86  0.848199
4.87  0.850006
4.88  0.8434
4.89  0.843395
4.9  0.857907
4.91  0.860105
4.92  0.861468
4.93  0.857493
4.94  0.855791
4.95  0.868168
4.96  0.88442
4.97  0.897362
4.98  0.904664
4.99  0.899783
5  0.890388
5.01  0.888086
5.02  0.894658
5.03  0.89544
5.04  0.902842
5.05  0.906338
5.06  0.90077
5.07  0.889903
5.08  0.893539
5.09  0.903643
5.1  0.908539
5.11  0.91624
5.12  0.916252
5.13  0.931741
5.14  0.933162
5.15  0.928655
5.16  0.929032
5.17  0.946551
5.18  0.953998
5.19  0.955853
5.2  0.963483
5.21  0.966284
5.22  0.973514
5.23  0.973233
5.24  0.978226
5.25  0.991136
5.26  0.997426
5.27  0.999147
5.28  1.00548
5.29  1.00267
5.3  1.00126
5.31  1.0068
5.32  1.00814
5.33  1.02064
5.34  1.0329
5.35  1.0263
5.36  1.03339
5.37  1.03307
5.38  1.03248
5.39  1.04579
5.4  1.05374
5.41  1.06083
5.42  1.06612
5.43  1.06618
5.44  1.06584
5.45  1.06919
5.46  1.07132
5.47  1.07723
5.48  1.08609
5.49  1.09085
5.5  1.08857
5.51  1.08617
5.52  1.08224
5.53  1.07756
5.54  1.07788
5.55  1.08354
5.56  1.08193
5.57  1.07666
5.58  1.06714
5.59  1.06283
5.6  1.06266
5.61  1.0641
5.62  1.06776
5.63  1.06891
5.64  1.06439
5.65  1.05903
5.66  1.05859
5.67  1.06839
5.68  1.07362
5.69  1.07421
5.7  1.07599
5.71  1.07571
5.72  1.07303
5.73  1.07489
5.74  1.07555
5.75  1.08781
5.76  1.09242
5.77  1.08617
5.78  1.08781
5.79  1.09189
5.8  1.09837
5.81  1.10377
5.82  1.11154
5.83  1.10946
5.84  1.11945
5.85  1.12101
5.86  1.13134
5.87  1.13965
5.88  1.14394
5.89  1.14898
5.9  1.15083
5.91  1.15805
5.92  1.16442
5.93  1.17888
5.94  1.18058
5.95  1.18768
5.96  1.18326
5.97  1.18579
5.98  1.18851
5.99  1.19503
6  1.19943
6.01  1.20249
6.02  1.21536
6.03  1.21823
6.04  1.21839
6.05  1.2179
6.06  1.22221
6.07  1.2269
6.08  1.23294
6.09  1.23967
6.1  1.23803
6.11  1.23335
6.12  1.22148
6.13  1.2225
6.14  1.2233
6.15  1.22088
6.16  1.22704
6.17  1.23048
6.18  1.22783
6.19  1.2252
6.2  1.22757
6.21  1.22697
6.22  1.23052
6.23  1.23102
6.24  1.22748
6.25  1.22576
6.26  1.22025
6.27  1.21935
6.28  1.21537
6.29  1.21121
6.3  1.20845
6.31  1.20807
6.32  1.20513
6.33  1.19742
6.34  1.20105
6.35  1.20524
6.36  1.2001
6.37  1.19189
6.38  1.19692
6.39  1.19663
6.4  1.20198
6.41  1.19728
6.42  1.19222
6.43  1.18273
6.44  1.18435
6.45  1.17955
6.46  1.17628
6.47  1.17087
6.48  1.16325
6.49  1.15752
6.5  1.14989
6.51  1.14848
6.52  1.15344
6.53  1.15836
6.54  1.15254
6.55  1.14683
6.56  1.14224
6.57  1.14349
6.58  1.13884
6.59  1.13241
6.6  1.12745
6.61  1.11955
6.62  1.11439
6.63  1.11014
6.64  1.10528
6.65  1.10356
6.66  1.0991
6.67  1.08911
6.68  1.08752
6.69  1.08462
6.7  1.08357
6.71  1.082
6.72  1.07149
6.73  1.06736
6.74  1.06462
6.75  1.05872
6.76  1.06365
6.77  1.06188
6.78  1.06045
6.79  1.05639
6.8  1.05439
6.81  1.05915
6.82  1.05529
6.83  1.05834
6.84  1.05667
6.85  1.06018
6.86  1.06167
6.87  1.0683
6.88  1.07024
6.89  1.07556
6.9  1.07154
6.91  1.06934
6.92  1.07124
6.93  1.06342
6.94  1.05678
6.95  1.05196
6.96  1.04279
6.97  1.04093
6.98  1.03594
6.99  1.02327
7  1.02355
7.01  1.02222
7.02  1.01971
7.03  1.02046
7.04  1.02286
7.05  1.01972
7.06  1.02517
7.07  1.02509
7.08  1.02728
7.09  1.03764
7.1  1.03487
7.11  1.03328
7.12  1.03826
7.13  1.04483
7.14  1.04583
7.15  1.04957
7.16  1.04565
7.17  1.0454
7.18  1.04462
7.19  1.03975
7.2  1.04525
7.21  1.04544
7.22  1.04458
7.23  1.04259
7.24  1.04524
7.25  1.0481
7.26  1.04618
7.27  1.04768
7.28  1.05087
7.29  1.05182
7.3  1.04747
7.31  1.04959
7.32  1.05002
7.33  1.05226
7.34  1.04896
7.35  1.04618
7.36  1.05187
7.37  1.05025
7.38  1.04424
7.39  1.04916
7.4  1.05219
7.41  1.05128
7.42  1.05194
7.43  1.04833
7.44  1.04955
7.45  1.05111
7.46  1.04921
7.47  1.04626
7.48  1.05047
