0.01  0
0.02  0
0.03  0
0.04  0
0.05  0
0.06  0
0.07  0
0.08  0
0.09  0
0.1  0
0.11  0
0.12  0
0.13  0
0.14  0
0.15  0
0.16  0
0.17  0
0.18  0
0.19  0
0.2  0
0.21  0
0.22  0
0.23  0
0.24  0
0.25  0
0.26  0
0.27  0
0.28  0
0.29  0
0.3  0
0.31  0
0.32  0
0.33  0
0.34  0
0.35  0
0.36  0
0.37  0
0.38  0
0.39  0
0.4  0
0.41  0
0.42  0
0.43  0
0.44  0
0.45  0
0.46  0
0.47  0
0.48  0
0.49  0
0.5  0
0.51  0
0.52  0
0.53  0
0.54  0
0.55  0
0.56  0
0.57  0
0.58  0
0.59  0
0.6  0
0.61  0
0.62  0
0.63  0
0.64  0
0.65  0
0.66  0
0.67  0
0.68  0
0.69  0
0.7  0
0.71  0
0.72  0
0.73  0
0.74  0
0.75  0
0.76  0
0.77  0
0.78  0
0.79  0
0.8  0
0.81  0
0.82  0
0.83  0
0.84  0
0.85  0
0.86  0
0.87  0
0.88  0
0.89  0
0.9  0
0.91  0
0.92  0
0.93  0
0.94  0
0.95  0
0.96  0
0.97  0
0.98  0
0.99  0
1  0
1.01  0
1.02  0
1.03  0
1.04  0
1.05  0
1.06  0
1.07  0
1.08  0
1.09  0
1.1  0
1.11  0
1.12  0
1.13  0
1.14  0
1.15  0
1.16  0
1.17  0
1.18  0
1.19  0
1.2  0
1.21  0
1.22  0
1.23  0
1.24  0
1.25  0
1.26  0
1.27  0
1.28  0
1.29  0
1.3  0
1.31  0
1.32  0
1.33  0
1.34  0
1.35  0
1.36  0
1.37  0
1.38  0
1.39  0
1.4  0
1.41  0
1.42  0
1.43  0
1.44  0
1.45  0
1.46  0
1.47  0
1.48  0
1.49  0
1.5  0
1.51  0
1.52  0
1.53  0
1.54  0
1.55  0
1.56  0
1.57  0
1.58  0
1.59  0
1.6  0
1.61  0
1.62  0
1.63  0
1.64  0
1.65  0
1.66  0
1.67  0
1.68  0
1.69  0
1.7  0
1.71  0
1.72  0
1.73  0
1.74  0
1.75  0
1.76  0
1.77  0
1.78  0
1.79  0
1.8  0
1.81  0
1.82  0
1.83  0
1.84  0
1.85  0
1.86  0
1.87  0
1.88  0
1.89  0
1.9  0
1.91  0
1.92  0
1.93  0
1.94  0
1.95  0
1.96  0
1.97  0
1.98  0
1.99  0
2  0
2.01  0
2.02  0
2.03  0
2.04  0
2.05  0
2.06  0
2.07  0
2.08  0
2.09  0
2.1  0
2.11  0
2.12  0
2.13  0
2.14  0
2.15  0
2.16  0
2.17  0
2.18  0
2.19  0
2.2  0
2.21  0
2.22  0
2.23  0
2.24  0
2.25  0
2.26  0
2.27  0
2.28  0
2.29  0
2.3  0
2.31  0
2.32  0
2.33  0
2.34  0
2.35  0
2.36  0
2.37  0.000870763
2.38  0.00172692
2.39  0.0017125
2.4  0.00169826
2.41  0.00421049
2.42  0.00751637
2.43  0.00993952
2.44  0.0139658
2.45  0.0195558
2.46  0.0290957
2.47  0.0464976
2.48  0.0652089
2.49  0.0883519
2.5  0.125992
2.51  0.16303
2.52  0.209491
2.53  0.276608
2.54  0.370713
2.55  0.46785
2.56  0.589581
2.57  0.707927
2.58  0.840588
2.59  1.00983
2.6  1.18151
2.61  1.39361
2.62  1.62382
2.63  1.82929
2.64  2.04212
2.65  2.26702
2.66  2.47743
2.67  2.7059
2.68  2.91727
2.69  3.13963
2.7  3.32909
2.71  3.48105
2.72  3.64391
2.73  3.82202
2.74  3.90427
2.75  3.96065
2.76  4.05078
2.77  4.0694
2.78  4.09776
2.79  4.03577
2.8  3.99639
2.81  3.95994
2.82  3.85318
2.83  3.6947
2.84  3.57352
2.85  3.47683
2.86  3.28992
2.87  3.1364
2.88  2.95662
2.89  2.81674
2.9  2.62985
2.91  2.44373
2.92  2.25493
2.93  2.10682
2.94  1.96463
2.95  1.80746
2.96  1.68697
2.97  1.57582
2.98  1.46117
2.99  1.3595
3  1.28524
3.01  1.20276
3.02  1.14172
3.03  1.07027
3.04  0.995493
3.05  0.934822
3.06  0.875965
3.07  0.829271
3.08  0.800179
3.09  0.760175
3.1  0.726269
3.11  0.690253
3.12  0.662723
3.13  0.654002
3.14  0.67415
3.15  0.673327
3.16  0.687195
3.17  0.669725
3.18  0.664552
3.19  0.656547
3.2  0.653405
3.21  0.655037
3.22  0.665126
3.23  0.667109
3.24  0.642497
3.25  0.643179
3.26  0.638779
3.27  0.646771
3.28  0.649198
3.29  0.645258
3.3  0.644048
3.31  0.643287
3.32  0.650954
3.33  0.649697
3.34  0.658527
3.35  0.658088
3.36  0.652444
3.37  0.664943
3.38  0.666151
3.39  0.677548
3.4  0.6943
3.41  0.698226
3.42  0.689967
3.43  0.693849
3.44  0.69974
3.45  0.692813
3.46  0.700253
3.47  0.692974
3.48  0.697074
3.49  0.701116
3.5  0.68913
3.51  0.695928
3.52  0.69869
3.53  0.711222
3.54  0.713064
3.55  0.72186
3.56  0.723599
3.57  0.731064
3.58  0.737289
3.59  0.729772
3.6  0.735158
3.61  0.732592
3.62  0.72855
3.63  0.720458
3.64  0.734224
3.65  0.732042
3.66  0.733524
3.67  0.719001
3.68  0.712571
3.69  0.731344
3.7  0.739186
3.71  0.749065
3.72  0.752465
3.73  0.755818
3.74  0.738495
3.75  0.744995
3.76  0.746919
3.77  0.755695
3.78  0.755124
3.79  0.752166
3.8  0.756003
3.81  0.755746
3.82  0.772911
3.83  0.777882
3.84  0.800703
3.85  0.803148
3.86  0.814421
3.87  0.839935
3.88  0.8668
3.89  0.880773
3.9  0.903595
3.91  0.93289
3.92  0.954237
3.93  0.969654
3.94  0.987423
3.95  1.0144
3.96  1.02862
3.97  1.04331
3.98  1.05135
3.99  1.04885
4  1.03842
4.01  1.03325
4.02  1.0266
4.03  1.03115
4.04  1.01166
4.05  0.998325
4.06  0.988666
4.07  0.964621
4.08  0.943151
4.09  0.932112
4.1  0.923789
4.11  0.906848
4.12  0.879689
4.13  0.858229
4.14  0.858369
4.15  0.841741
4.16  0.826112
4.17  0.822998
4.18  0.827743
4.19  0.824911
4.2  0.81156
4.21  0.811849
4.22  0.814048
4.23  0.808563
4.24  0.789791
4.25  0.794473
4.26  0.796946
4.27  0.794022
4.28  0.787646
4.29  0.787965
4.3  0.793033
4.31  0.787514
4.32  0.7823
4.33  0.7873
4.34  0.803151
4.35  0.797653
4.36  0.797086
4.37  0.791137
4.38  0.788293
4.39  0.786737
4.4  0.78847
4.41  0.795461
4.42  0.804383
4.43  0.800506
4.44  0.799882
4.45  0.807405
4.46  0.810673
4.47  0.810967
4.48  0.802233
4.49  0.804001
4.5  0.80647
4.51  0.792557
4.52  0.795039
4.53  0.804165
4.54  0.803711
4.55  0.802781
4.56  0.802087
4.57  0.809587
4.58  0.830305
4.59  0.835048
4.6  0.84113
4.61  0.84623
4.62  0.846237
4.63  0.848518
4.64  0.855087
4.65  0.858878
4.66  0.868259
4.67  0.880019
4.68  0.866213
4.69  0.868971
4.7  0.866828
4.71  0.878584
4.72  0.885842
4.73  0.880133
4.74  0.876858
4.75  0.879023
4.76  0.878571
4.77  0.873817
4.78  0.877229
4.79  0.875701
4.8  0.868448
4.81  0.859133
4.82  0.861887
4.83  0.869643
4.84  0.876075
4.85  0.877872
4.86  0.879647
4.87  0.873976
4.88  0.880667
4.89  0.883205
4.9  0.887752
4.91  0.889212
4.92  0.882772
4.93  0.885433
4.94  0.876039
4.95  0.8743
4.96  0.874555
4.97  0.880544
4.98  0.87425
4.99  0.880374
5  0.885856
5.01  0.887194
5.02  0.894726
5.03  0.907024
5.04  0.913055
5.05  0.914046
5.06  0.904133
5.07  0.907039
5.08  0.915791
5.09  0.915405
5.1  0.91746
5.11  0.927921
5.12  0.922807
5.13  0.912522
5.14  0.919342
5.15  0.931819
5.16  0.940335
5.17  0.940543
5.18  0.948216
5.19  0.941298
5.2  0.941479
5.21  0.941652
5.22  0.94792
5.23  0.946445
5.24  0.941767
5.25  0.938005
5.26  0.928785
5.27  0.926672
5.28  0.930008
5.29  0.932088
5.3  0.938325
5.31  0.940345
5.32  0.943552
5.33  0.94914
5.34  0.954507
5.35  0.960341
5.36  0.979062
5.37  0.986614
5.38  0.984132
5.39  0.991764
5.4  0.995474
5.41  0.996142
5.42  0.994301
5.43  0.994126
5.44  0.999399
5.45  0.994417
5.46  0.990614
5.47  0.992226
5.48  0.989911
5.49  0.98858
5.5  0.986929
5.51  0.993499
5.52  0.996805
5.53  0.994642
5.54  0.988505
5.55  0.988122
5.56  0.987102
5.57  0.990655
5.58  0.991506
5.59  0.994848
5.6  0.997693
5.61  0.992896
5.62  0.99045
5.63  0.989249
5.64  0.994047
5.65  0.99191
5.66  0.996806
5.67  0.989793
5.68  0.991466
5.69  0.99025
5.7  0.99566
5.71  0.998176
5.72  0.99738
5.73  1.00567
5.74  1.00454
5.75  1.01333
5.76  1.01969
5.77  1.02586
5.78  1.03285
5.79  1.04213
5.8  1.0429
5.81  1.04655
5.82  1.05018
5.83  1.04788
5.84  1.05132
5.85  1.05916
5.86  1.06495
5.87  1.06345
5.88  1.07002
5.89  1.06809
5.9  1.07163
5.91  1.08299
5.92  1.09455
5.93  1.10366
5.94  1.11547
5.95  1.1131
5.96  1.11502
5.97  1.12117
5.98  1.11906
5.99  1.12896
6  1.13294
6.01  1.13581
6.02  1.13811
6.03  1.14752
6.04  1.14976
6.05  1.15639
6.06  1.15737
6.07  1.16524
6.08  1.1667
6.09  1.17118
6.1  1.17234
6.11  1.16274
6.12  1.16534
6.13  1.16193
6.14  1.16269
6.15  1.16383
6.16  1.17024
6.17  1.16824
6.18  1.17407
6.19  1.16964
6.2  1.16587
6.21  1.17239
6.22  1.17457
6.23  1.17193
6.24  1.17308
6.25  1.16883
6.26  1.16585
6.27  1.16922
6.28  1.16141
6.29  1.16489
6.3  1.17795
6.31  1.16869
6.32  1.16451
6.33  1.16401
6.34  1.16155
6.35  1.1619
6.36  1.15269
6.37  1.14268
6.38  1.14487
6.39  1.14189
6.4  1.132
6.41  1.14168
6.42  1.13457
6.43  1.13731
6.44  1.13319
6.45  1.13474
6.46  1.13498
6.47  1.13766
6.48  1.12716
6.49  1.12276
6.5  1.11769
6.51  1.11103
6.52  1.10417
6.53  1.09047
6.54  1.0876
6.55  1.08291
6.56  1.07495
6.57  1.06318
6.58  1.0621
6.59  1.05618
6.6  1.0495
6.61  1.04129
6.62  1.0464
6.63  1.04592
6.64  1.04088
6.65  1.03112
6.66  1.03012
6.67  1.02703
6.68  1.03021
6.69  1.02287
6.7  1.0184
6.71  1.01222
6.72  1.0052
6.73  1.00502
6.74  0.995153
6.75  0.99328
6.76  0.990878
6.77  0.994783
6.78  0.984828
6.79  0.984582
6.8  0.985179
6.81  0.987244
6.82  0.98372
6.83  0.975495
6.84  0.98038
6.85  0.984191
6.86  0.979765
6.87  0.977226
6.88  0.979243
6.89  0.976918
6.9  0.971417
6.91  0.966457
6.92  0.958354
6.93  0.959359
6.94  0.953245
6.95  0.952529
6.96  0.954842
6.97  0.956333
6.98  0.955401
6.99  0.954071
7  0.948153
7.01  0.948436
7.02  0.956454
7.03  0.952746
7.04  0.958923
7.05  0.955614
7.06  0.95075
7.07  0.950117
7.08  0.946557
7.09  0.947586
7.1  0.95792
7.11  0.960548
7.12  0.959203
7.13  0.961998
7.14  0.957962
7.15  0.956145
7.16  0.950519
7.17  0.950057
7.18  0.952536
7.19  0.951118
7.2  0.945365
7.21  0.945002
7.22  0.9437
7.23  0.942307
7.24  0.938773
7.25  0.931626
7.26  0.942887
7.27  0.935298
7.28  0.93633
7.29  0.933763
7.3  0.932216
7.31  0.93406
7.32  0.936622
7.33  0.9378
7.34  0.944869
7.35  0.950992
7.36  0.951028
7.37  0.95115
7.38  0.953782
7.39  0.957472
7.4  0.961317
7.41  0.955606
7.42  0.955875
7.43  0.956227
7.44  0.954454
7.45  0.948368
7.46  0.943455
7.47  0.946715
7.48  0.94471
