0.01  0	0.01  0
0.02  0	0.02  0
0.03  0	0.03  0
0.04  0	0.04  0
0.05  0	0.05  0
0.06  0	0.06  0
0.07  0	0.07  0
0.08  0	0.08  0
0.09  0	0.09  0
0.1  0	0.1  0
0.11  0	0.11  0
0.12  0	0.12  0
0.13  0	0.13  0
0.14  0	0.14  0
0.15  0	0.15  0
0.16  0	0.16  0
0.17  0	0.17  0
0.18  0	0.18  0
0.19  0	0.19  0
0.2  0	0.2  0
0.21  0	0.21  0
0.22  0	0.22  0
0.23  0	0.23  0
0.24  0	0.24  0
0.25  0	0.25  0
0.26  0	0.26  0
0.27  0	0.27  0
0.28  0	0.28  0
0.29  0	0.29  0
0.3  0	0.3  0
0.31  0	0.31  0
0.32  0	0.32  0
0.33  0	0.33  0
0.34  0	0.34  0
0.35  0	0.35  0
0.36  0	0.36  0
0.37  0	0.37  0
0.38  0	0.38  0
0.39  0	0.39  0
0.4  0	0.4  0
0.41  0	0.41  0
0.42  0	0.42  0
0.43  0	0.43  0
0.44  0	0.44  0
0.45  0	0.45  0
0.46  0	0.46  0
0.47  0	0.47  0
0.48  0	0.48  0
0.49  0	0.49  0
0.5  0	0.5  0
0.51  0	0.51  0
0.52  0	0.52  0
0.53  0	0.53  0
0.54  0	0.54  0
0.55  0	0.55  0
0.56  0	0.56  0
0.57  0	0.57  0
0.58  0	0.58  0
0.59  0	0.59  0
0.6  0	0.6  0
0.61  0	0.61  0
0.62  0	0.62  0
0.63  0	0.63  0
0.64  0	0.64  0
0.65  0	0.65  0
0.66  0	0.66  0
0.67  0	0.67  0
0.68  0	0.68  0
0.69  0	0.69  0
0.7  0	0.7  0
0.71  0	0.71  0
0.72  0	0.72  0
0.73  0	0.73  0
0.74  0	0.74  0
0.75  0	0.75  0
0.76  0	0.76  0
0.77  0	0.77  0
0.78  0	0.78  0
0.79  0	0.79  0
0.8  0	0.8  0
0.81  0	0.81  0
0.82  0	0.82  0
0.83  0	0.83  0
0.84  0	0.84  0
0.85  0	0.85  0
0.86  0	0.86  0
0.87  0	0.87  0
0.88  0	0.88  0
0.89  0	0.89  0
0.9  0	0.9  0
0.91  0	0.91  0
0.92  0	0.92  0
0.93  0	0.93  0
0.94  0	0.94  0
0.95  0	0.95  0
0.96  0	0.96  0
0.97  0	0.97  0
0.98  0	0.98  0
0.99  0	0.99  0
1  0	1  0
1.01  0	1.01  0
1.02  0	1.02  0
1.03  0	1.03  0
1.04  0	1.04  0
1.05  0	1.05  0
1.06  0	1.06  0
1.07  0	1.07  0
1.08  0	1.08  0
1.09  0	1.09  0
1.1  0	1.1  0
1.11  0	1.11  0
1.12  0	1.12  0
1.13  0	1.13  0
1.14  0	1.14  0
1.15  0	1.15  0
1.16  0	1.16  0
1.17  0	1.17  0
1.18  0	1.18  0
1.19  0	1.19  0
1.2  0	1.2  0
1.21  0	1.21  0
1.22  0	1.22  0
1.23  0	1.23  0
1.24  0	1.24  0
1.25  0	1.25  0
1.26  0	1.26  0
1.27  0	1.27  0
1.28  0	1.28  0
1.29  0	1.29  0
1.3  0	1.3  0
1.31  0	1.31  0
1.32  0	1.32  0
1.33  0	1.33  0
1.34  0	1.34  0
1.35  0	1.35  0
1.36  0	1.36  0
1.37  0	1.37  0
1.38  0	1.38  0
1.39  0	1.39  0
1.4  0	1.4  0
1.41  0	1.41  0
1.42  0	1.42  0
1.43  0	1.43  0
1.44  0	1.44  0
1.45  0	1.45  0
1.46  0	1.46  0
1.47  0	1.47  0
1.48  0	1.48  0
1.49  0	1.49  0
1.5  0	1.5  0
1.51  0	1.51  0
1.52  0	1.52  0
1.53  0	1.53  0
1.54  0	1.54  0
1.55  0	1.55  0
1.56  0	1.56  0
1.57  0	1.57  0
1.58  0	1.58  0
1.59  0	1.59  0
1.6  0	1.6  0
1.61  0	1.61  0
1.62  0	1.62  0
1.63  0	1.63  0
1.64  0	1.64  0
1.65  0	1.65  0
1.66  0	1.66  0
1.67  0	1.67  0
1.68  0	1.68  0
1.69  0	1.69  0
1.7  0	1.7  0
1.71  0	1.71  0
1.72  0	1.72  0
1.73  0	1.73  0
1.74  0	1.74  0
1.75  0	1.75  0
1.76  0	1.76  0
1.77  0	1.77  0
1.78  0	1.78  0
1.79  0	1.79  0
1.8  0	1.8  0
1.81  0	1.81  0
1.82  0	1.82  0
1.83  0	1.83  0
1.84  0	1.84  0
1.85  0	1.85  0
1.86  0	1.86  0
1.87  0	1.87  0
1.88  0	1.88  0
1.89  0	1.89  0
1.9  0	1.9  0
1.91  0	1.91  0
1.92  0	1.92  0
1.93  0	1.93  0
1.94  0	1.94  0
1.95  0	1.95  0
1.96  0	1.96  0
1.97  0	1.97  0
1.98  0	1.98  0
1.99  0	1.99  0
2  0	2  0
2.01  0	2.01  0
2.02  0	2.02  0
2.03  0	2.03  0
2.04  0	2.04  0
2.05  0	2.05  0
2.06  0	2.06  0
2.07  0	2.07  0
2.08  0	2.08  0
2.09  0	2.09  0
2.1  0	2.1  0
2.11  0	2.11  0
2.12  0	2.12  0
2.13  0	2.13  0
2.14  0	2.14  0
2.15  0	2.15  0
2.16  0	2.16  0
2.17  0	2.17  0
2.18  0	2.18  0
2.19  0	2.19  0
2.2  0	2.2  0
2.21  0	2.21  0
2.22  0	2.22  0
2.23  0	2.23  0
2.24  0	2.24  0
2.25  0	2.25  0
2.26  0	2.26  0
2.27  0	2.27  0
2.28  0	2.28  0
2.29  0	2.29  0
2.3  0	2.3  0
2.31  0.000701856	2.31  0.00056741
2.32  0.000695819	2.32  0.000562529
2.33  0.000689859	2.33  0.000557711
2.34  0.000683975	2.34  0.000552954
2.35  0.000678167	2.35  0.000548258
2.36  0.000672432	2.36  0.000543622
2.37  0.00133354	2.37  0.00107809
2.38  0.00132236	2.38  0.00106905
2.39  0.00196697	2.39  0.00159018
2.4  0.00195061	2.4  0.00157696
2.41  0.00257928	2.41  0.00208519
2.42  0.00447651	2.42  0.003102
2.43  0.00761098	2.43  0.00564028
2.44  0.0144684	2.44  0.0101712
2.45  0.0218378	2.45  0.0166457
2.46  0.0297059	2.46  0.0205132
2.47  0.0368323	2.47  0.0277917
2.48  0.0548039	2.48  0.0403674
2.49  0.0700699	2.49  0.0527407
2.5  0.0910826	2.5  0.0687906
2.51  0.120676	2.51  0.0941953
2.52  0.150387	2.52  0.122056
2.53  0.191328	2.53  0.15042
2.54  0.24207	2.54  0.18209
2.55  0.320233	2.55  0.224899
2.56  0.402885	2.56  0.280433
2.57  0.495017	2.57  0.347017
2.58  0.610467	2.58  0.427117
2.59  0.745897	2.59  0.513194
2.6  0.889756	2.6  0.61003
2.61  1.05778	2.61  0.714259
2.62  1.23522	2.62  0.826144
2.63  1.4029	2.63  0.947692
2.64  1.58467	2.64  1.08215
2.65  1.73059	2.65  1.21024
2.66  1.89545	2.66  1.3321
2.67  2.07619	2.67  1.46357
2.68  2.2573	2.68  1.58293
2.69  2.43723	2.69  1.71805
2.7  2.58309	2.7  1.83285
2.71  2.72113	2.71  1.95993
2.72  2.86669	2.72  2.07733
2.73  3.02362	2.73  2.1897
2.74  3.13977	2.74  2.29917
2.75  3.28684	2.75  2.38497
2.76  3.36533	2.76  2.46112
2.77  3.44211	2.77  2.53257
2.78  3.46682	2.78  2.57315
2.79  3.49301	2.79  2.61658
2.8  3.52591	2.8  2.66589
2.81  3.53548	2.81  2.67303
2.82  3.52976	2.82  2.67809
2.83  3.48101	2.83  2.67129
2.84  3.46118	2.84  2.65402
2.85  3.37608	2.85  2.63729
2.86  3.33099	2.86  2.6174
2.87  3.24325	2.87  2.56868
2.88  3.19232	2.88  2.54357
2.89  3.10794	2.89  2.49047
2.9  3.04201	2.9  2.44777
2.91  2.9486	2.91  2.39093
2.92  2.85553	2.92  2.3309
2.93  2.76758	2.93  2.27164
2.94  2.64479	2.94  2.21242
2.95  2.56794	2.95  2.15848
2.96  2.48008	2.96  2.09727
2.97  2.40397	2.97  2.04267
2.98  2.29424	2.98  1.97102
2.99  2.20728	2.99  1.90875
3  2.10437	3  1.83482
3.01  2.02882	3.01  1.78589
3.02  1.94108	3.02  1.73192
3.03  1.84589	3.03  1.67038
3.04  1.77054	3.04  1.60011
3.05  1.6881	3.05  1.54049
3.06  1.62189	3.06  1.49163
3.07  1.55729	3.07  1.44242
3.08  1.50022	3.08  1.4053
3.09  1.44228	3.09  1.36546
3.1  1.38622	3.1  1.32547
3.11  1.30491	3.11  1.2578
3.12  1.23962	3.12  1.21833
3.13  1.20266	3.13  1.1812
3.14  1.15513	3.14  1.14574
3.15  1.11195	3.15  1.10552
3.16  1.06141	3.16  1.06761
3.17  1.02156	3.17  1.0419
3.18  0.983662	3.18  1.0171
3.19  0.934812	3.19  0.988712
3.2  0.88509	3.2  0.953565
3.21  0.861411	3.21  0.944401
3.22  0.83259	3.22  0.920147
3.23  0.804827	3.23  0.900528
3.24  0.785239	3.24  0.88373
3.25  0.751694	3.25  0.872853
3.26  0.734051	3.26  0.859814
3.27  0.705401	3.27  0.834743
3.28  0.688226	3.28  0.822906
3.29  0.681973	3.29  0.807002
3.3  0.657899	3.3  0.792388
3.31  0.650853	3.31  0.787883
3.32  0.638444	3.32  0.785067
3.33  0.623807	3.33  0.771622
3.34  0.615378	3.34  0.765108
3.35  0.619051	3.35  0.753802
3.36  0.604756	3.36  0.747981
3.37  0.600183	3.37  0.756346
3.38  0.594342	3.38  0.745251
3.39  0.580412	3.39  0.741915
3.4  0.59223	3.4  0.749867
3.41  0.576523	3.41  0.741309
3.42  0.566432	3.42  0.736722
3.43  0.557404	3.43  0.744013
3.44  0.556067	3.44  0.742508
3.45  0.549701	3.45  0.739991
3.46  0.54778	3.46  0.747606
3.47  0.548671	3.47  0.738274
3.48  0.539955	3.48  0.745288
3.49  0.537173	3.49  0.747984
3.5  0.531356	3.5  0.743221
3.51  0.5487	3.51  0.746857
3.52  0.560398	3.52  0.746773
3.53  0.569851	3.53  0.74352
3.54  0.560061	3.54  0.747057
3.55  0.55483	3.55  0.755347
3.56  0.555559	3.56  0.74657
3.57  0.553332	3.57  0.752847
3.58  0.55872	3.58  0.751718
3.59  0.559389	3.59  0.746831
3.6  0.563221	3.6  0.75507
3.61  0.550047	3.61  0.760883
3.62  0.547584	3.62  0.762923
3.63  0.545139	3.63  0.762631
3.64  0.550345	3.64  0.76256
3.65  0.555205	3.65  0.763387
3.66  0.550777	3.66  0.761708
3.67  0.543887	3.67  0.757563
3.68  0.542871	3.68  0.746744
3.69  0.541583	3.69  0.74537
3.7  0.535924	3.7  0.737587
3.71  0.542834	3.71  0.729876
3.72  0.5318	3.72  0.723113
3.73  0.546181	3.73  0.723811
3.74  0.539515	3.74  0.722327
3.75  0.536642	3.75  0.719341
3.76  0.543858	3.76  0.723872
3.77  0.544402	3.77  0.720889
3.78  0.545981	3.78  0.723861
3.79  0.550926	3.79  0.725948
3.8  0.55218	3.8  0.726745
3.81  0.551349	3.81  0.736284
3.82  0.556679	3.82  0.739074
3.83  0.550202	3.83  0.73749
3.84  0.563849	3.84  0.745563
3.85  0.573557	3.85  0.749253
3.86  0.573857	3.86  0.752895
3.87  0.584148	3.87  0.765991
3.88  0.586365	3.88  0.776327
3.89  0.601174	3.89  0.790749
3.9  0.622718	3.9  0.800832
3.91  0.634236	3.91  0.804465
3.92  0.65367	3.92  0.815144
3.93  0.668049	3.93  0.830408
3.94  0.678897	3.94  0.828734
3.95  0.690346	3.95  0.833469
3.96  0.715523	3.96  0.847221
3.97  0.748279	3.97  0.862553
3.98  0.773841	3.98  0.873516
3.99  0.783847	3.99  0.881885
4  0.792104	4  0.901703
4.01  0.818902	4.01  0.921313
4.02  0.834764	4.02  0.934534
4.03  0.851611	4.03  0.946867
4.04  0.862086	4.04  0.962034
4.05  0.878155	4.05  0.975748
4.06  0.889285	4.06  0.985459
4.07  0.876781	4.07  0.985009
4.08  0.874288	4.08  0.988917
4.09  0.880541	4.09  0.984811
4.1  0.878256	4.1  0.970827
4.11  0.86135	4.11  0.954458
4.12  0.850775	4.12  0.94002
4.13  0.832827	4.13  0.929793
4.14  0.82422	4.14  0.92407
4.15  0.805683	4.15  0.912062
4.16  0.783635	4.16  0.897885
4.17  0.788712	4.17  0.889057
4.18  0.765223	4.18  0.874757
4.19  0.751975	4.19  0.869379
4.2  0.742453	4.2  0.86164
4.21  0.726886	4.21  0.852256
4.22  0.722394	4.22  0.850432
4.23  0.714168	4.23  0.843031
4.24  0.703304	4.24  0.827439
4.25  0.692533	4.25  0.814162
4.26  0.683714	4.26  0.808009
4.27  0.661001	4.27  0.784799
4.28  0.660574	4.28  0.781467
4.29  0.649969	4.29  0.770918
4.3  0.65019	4.3  0.765863
4.31  0.64516	4.31  0.762639
4.32  0.634551	4.32  0.75019
4.33  0.625031	4.33  0.736716
4.34  0.619371	4.34  0.737987
4.35  0.610391	4.35  0.736838
4.36  0.609761	4.36  0.725816
4.37  0.60364	4.37  0.729474
4.38  0.604205	4.38  0.725043
4.39  0.600095	4.39  0.732898
4.4  0.593308	4.4  0.728944
4.41  0.591584	4.41  0.723463
4.42  0.588335	4.42  0.728872
4.43  0.588926	4.43  0.738853
4.44  0.585326	4.44  0.741672
4.45  0.594613	4.45  0.751186
4.46  0.596845	4.46  0.762434
4.47  0.599051	4.47  0.764936
4.48  0.604963	4.48  0.765447
4.49  0.610446	4.49  0.76084
4.5  0.61051	4.5  0.763293
4.51  0.616275	4.51  0.769885
4.52  0.615384	4.52  0.766483
4.53  0.618876	4.53  0.764578
4.54  0.621967	4.54  0.764445
4.55  0.624482	4.55  0.759334
4.56  0.622287	4.56  0.75324
4.57  0.622794	4.57  0.756616
4.58  0.620256	4.58  0.757935
4.59  0.619689	4.59  0.765558
4.6  0.614697	4.6  0.761088
4.61  0.619787	4.61  0.76876
4.62  0.631671	4.62  0.777068
4.63  0.631216	4.63  0.775974
4.64  0.637892	4.64  0.776852
4.65  0.638962	4.65  0.777295
4.66  0.63536	4.66  0.778843
4.67  0.641915	4.67  0.779398
4.68  0.644818	4.68  0.784227
4.69  0.648541	4.69  0.786117
4.7  0.657822	4.7  0.801553
4.71  0.658745	4.71  0.801975
4.72  0.658647	4.72  0.807142
4.73  0.656869	4.73  0.814018
4.74  0.659601	4.74  0.817595
4.75  0.655167	4.75  0.822744
4.76  0.66002	4.76  0.835193
4.77  0.663017	4.77  0.843538
4.78  0.665819	4.78  0.848891
4.79  0.669571	4.79  0.843635
4.8  0.672961	4.8  0.841174
4.81  0.672432	4.81  0.84213
4.82  0.667549	4.82  0.843983
4.83  0.678112	4.83  0.846202
4.84  0.680109	4.84  0.852661
4.85  0.693707	4.85  0.856357
4.86  0.702747	4.86  0.852452
4.87  0.703181	4.87  0.849976
4.88  0.705334	4.88  0.856286
4.89  0.702922	4.89  0.858358
4.9  0.701304	4.9  0.865199
4.91  0.705441	4.91  0.869716
4.92  0.70861	4.92  0.867185
4.93  0.706355	4.93  0.875007
4.94  0.708409	4.94  0.871468
4.95  0.70448	4.95  0.874994
4.96  0.700424	4.96  0.878238
4.97  0.708676	4.97  0.885494
4.98  0.711874	4.98  0.891098
4.99  0.717446	4.99  0.900054
5  0.723718	5  0.90215
5.01  0.724711	5.01  0.903015
5.02  0.725096	5.02  0.904588
5.03  0.730209	5.03  0.914397
5.04  0.732327	5.04  0.928056
5.05  0.743528	5.05  0.941361
5.06  0.749076	5.06  0.948051
5.07  0.745687	5.07  0.954091
5.08  0.751461	5.08  0.957613
5.09  0.755017	5.09  0.965891
5.1  0.757818	5.1  0.972583
5.11  0.766186	5.11  0.98397
5.12  0.781912	5.12  0.996416
5.13  0.784701	5.13  0.994146
5.14  0.782926	5.14  0.999449
5.15  0.782007	5.15  0.996713
5.16  0.790091	5.16  1.00832
5.17  0.793062	5.17  1.01348
5.18  0.79447	5.18  1.01488
5.19  0.794748	5.19  1.02221
5.2  0.799728	5.2  1.02724
5.21  0.797764	5.21  1.03189
5.22  0.796223	5.22  1.04528
5.23  0.807421	5.23  1.05833
5.24  0.819618	5.24  1.06764
5.25  0.821662	5.25  1.08368
5.26  0.823414	5.26  1.08536
5.27  0.831215	5.27  1.09433
5.28  0.84231	5.28  1.10734
5.29  0.851307	5.29  1.11409
5.3  0.856497	5.3  1.12714
5.31  0.85779	5.31  1.14437
5.32  0.861714	5.32  1.14104
5.33  0.85822	5.33  1.14518
5.34  0.860525	5.34  1.14917
5.35  0.865424	5.35  1.15271
5.36  0.86663	5.36  1.1678
5.37  0.867301	5.37  1.17448
5.38  0.864986	5.38  1.18508
5.39  0.866807	5.39  1.18955
5.4  0.877213	5.4  1.19625
5.41  0.881523	5.41  1.19101
5.42  0.887707	5.42  1.20187
5.43  0.897143	5.43  1.21203
5.44  0.90549	5.44  1.21587
5.45  0.918815	5.45  1.22435
5.46  0.927638	5.46  1.22647
5.47  0.931384	5.47  1.23201
5.48  0.931604	5.48  1.22792
5.49  0.937533	5.49  1.23189
5.5  0.929794	5.5  1.23512
5.51  0.939374	5.51  1.24171
5.52  0.937695	5.52  1.2409
5.53  0.935041	5.53  1.23918
5.54  0.931425	5.54  1.24024
5.55  0.923208	5.55  1.23558
5.56  0.917346	5.56  1.23457
5.57  0.919004	5.57  1.23814
5.58  0.925336	5.58  1.24683
5.59  0.925384	5.59  1.24722
5.6  0.929845	5.6  1.24065
5.61  0.920583	5.61  1.24296
5.62  0.92146	5.62  1.25225
5.63  0.922679	5.63  1.25421
5.64  0.916584	5.64  1.24938
5.65  0.914047	5.65  1.25113
5.66  0.914678	5.66  1.24813
5.67  0.913667	5.67  1.24787
5.68  0.905694	5.68  1.24029
5.69  0.901241	5.69  1.23725
5.7  0.898081	5.7  1.23272
5.71  0.902175	5.71  1.22869
5.72  0.904861	5.72  1.22134
5.73  0.900223	5.73  1.21348
5.74  0.906751	5.74  1.2168
5.75  0.909716	5.75  1.21165
5.76  0.90498	5.76  1.21283
5.77  0.904321	5.77  1.20772
5.78  0.910611	5.78  1.20772
5.79  0.908027	5.79  1.21267
5.8  0.907125	5.8  1.2156
5.81  0.900455	5.81  1.21339
5.82  0.893935	5.82  1.20932
5.83  0.887896	5.83  1.21025
5.84  0.885627	5.84  1.20886
5.85  0.878443	5.85  1.21508
5.86  0.886572	5.86  1.20979
5.87  0.878445	5.87  1.20778
5.88  0.875785	5.88  1.20578
5.89  0.871626	5.89  1.20876
5.9  0.866307	5.9  1.20797
5.91  0.87217	5.91  1.20605
5.92  0.871043	5.92  1.21079
5.93  0.877693	5.93  1.21696
5.94  0.875165	5.94  1.21561
5.95  0.878361	5.95  1.21127
5.96  0.868563	5.96  1.21514
5.97  0.874377	5.97  1.21438
5.98  0.871665	5.98  1.21126
5.99  0.873454	5.99  1.20435
6  0.872001	6  1.20757
6.01  0.871176	6.01  1.20397
6.02  0.872418	6.02  1.20324
6.03  0.871174	6.03  1.20083
6.04  0.864596	6.04  1.2035
6.05  0.859592	6.05  1.20457
6.06  0.860633	6.06  1.20752
6.07  0.859121	6.07  1.20527
6.08  0.854068	6.08  1.20426
6.09  0.851972	6.09  1.20227
6.1  0.851295	6.1  1.20069
6.11  0.855533	6.11  1.20357
6.12  0.84764	6.12  1.2074
6.13  0.84677	6.13  1.19662
6.14  0.847094	6.14  1.18927
6.15  0.849589	6.15  1.18853
6.16  0.854137	6.16  1.18483
6.17  0.852649	6.17  1.18688
6.18  0.856462	6.18  1.18645
6.19  0.859562	6.19  1.19258
6.2  0.862053	6.2  1.18676
6.21  0.851801	6.21  1.18852
6.22  0.856711	6.22  1.17515
6.23  0.852612	6.23  1.18043
6.24  0.858154	6.24  1.18388
6.25  0.853013	6.25  1.18382
6.26  0.850959	6.26  1.18058
6.27  0.853772	6.27  1.17651
6.28  0.847731	6.28  1.17584
6.29  0.850434	6.29  1.17195
6.3  0.855662	6.3  1.17464
6.31  0.85869	6.31  1.17685
6.32  0.858694	6.32  1.18109
6.33  0.858881	6.33  1.18272
6.34  0.85608	6.34  1.18058
6.35  0.861467	6.35  1.17851
6.36  0.855519	6.36  1.18027
6.37  0.853297	6.37  1.1806
6.38  0.857433	6.38  1.17646
6.39  0.849431	6.39  1.16766
6.4  0.840104	6.4  1.17037
6.41  0.834659	6.41  1.16628
6.42  0.833242	6.42  1.17286
6.43  0.837265	6.43  1.17244
6.44  0.834848	6.44  1.17449
6.45  0.82974	6.45  1.17369
6.46  0.831302	6.46  1.1689
6.47  0.825961	6.47  1.16869
6.48  0.824216	6.48  1.17323
6.49  0.824168	6.49  1.1707
6.5  0.823584	6.5  1.16724
6.51  0.826623	6.51  1.16137
6.52  0.824794	6.52  1.15069
6.53  0.818669	6.53  1.14234
6.54  0.819407	6.54  1.14041
6.55  0.819787	6.55  1.13714
6.56  0.818857	6.56  1.13811
6.57  0.818014	6.57  1.13759
6.58  0.815703	6.58  1.1368
6.59  0.817024	6.59  1.14569
6.6  0.818247	6.6  1.14229
6.61  0.82023	6.61  1.14154
6.62  0.821685	6.62  1.14148
6.63  0.818697	6.63  1.14823
6.64  0.816912	6.64  1.14594
6.65  0.818777	6.65  1.14613
6.66  0.816489	6.66  1.14009
6.67  0.813116	6.67  1.1394
6.68  0.817482	6.68  1.13484
6.69  0.816546	6.69  1.12651
6.7  0.820618	6.7  1.1276
6.71  0.81834	6.71  1.12727
6.72  0.817897	6.72  1.12479
6.73  0.822662	6.73  1.12212
6.74  0.823273	6.74  1.11792
6.75  0.821493	6.75  1.11933
6.76  0.822179	6.76  1.11854
6.77  0.828005	6.77  1.11669
6.78  0.823853	6.78  1.11709
6.79  0.824759	6.79  1.11492
6.8  0.822011	6.8  1.11321
6.81  0.821456	6.81  1.11249
6.82  0.81615	6.82  1.11353
6.83  0.820024	6.83  1.10696
6.84  0.82099	6.84  1.10974
6.85  0.820031	6.85  1.10392
6.86  0.81613	6.86  1.10096
6.87  0.817327	6.87  1.0984
6.88  0.819146	6.88  1.09809
6.89  0.81677	6.89  1.09931
6.9  0.813539	6.9  1.0911
6.91  0.812755	6.91  1.08997
6.92  0.814631	6.92  1.08632
6.93  0.810332	6.93  1.08785
6.94  0.812897	6.94  1.08415
6.95  0.814979	6.95  1.08129
6.96  0.818128	6.96  1.08549
6.97  0.822335	6.97  1.08649
6.98  0.824593	6.98  1.085
6.99  0.824995	6.99  1.07998
7  0.824703	7  1.07955
7.01  0.828372	7.01  1.07863
7.02  0.834754	7.02  1.08164
7.03  0.833972	7.03  1.07581
7.04  0.826919	7.04  1.0796
7.05  0.82465	7.05  1.07958
7.06  0.831934	7.06  1.07665
7.07  0.825836	7.07  1.07615
7.08  0.822234	7.08  1.07148
7.09  0.820513	7.09  1.07189
7.1  0.818277	7.1  1.07236
7.11  0.815236	7.11  1.07288
7.12  0.809771	7.12  1.071
7.13  0.813763	7.13  1.07437
7.14  0.813322	7.14  1.07285
7.15  0.820133	7.15  1.07571
7.16  0.814921	7.16  1.07702
7.17  0.817458	7.17  1.07319
7.18  0.821866	7.18  1.08401
7.19  0.826898	7.19  1.08586
7.2  0.830383	7.2  1.08436
7.21  0.833916	7.21  1.08147
7.22  0.83908	7.22  1.07981
7.23  0.834324	7.23  1.07637
7.24  0.840024	7.24  1.07328
7.25  0.835499	7.25  1.07038
7.26  0.839594	7.26  1.07231
7.27  0.837286	7.27  1.07733
7.28  0.831595	7.28  1.07083
7.29  0.826074	7.29  1.07137
7.3  0.824163	7.3  1.07804
7.31  0.819877	7.31  1.07469
7.32  0.819316	7.32  1.07894
7.33  0.821822	7.33  1.08185
7.34  0.812911	7.34  1.08177
7.35  0.809799	7.35  1.08466
7.36  0.811472	7.36  1.07926
7.37  0.81396	7.37  1.07672
7.38  0.818288	7.38  1.07886
7.39  0.82355	7.39  1.08227
7.4  0.825635	7.4  1.0789
7.41  0.828114	7.41  1.07836
7.42  0.824931	7.42  1.07375
7.43  0.828343	7.43  1.07706
7.44  0.834913	7.44  1.08101
7.45  0.834698	7.45  1.07871
7.46  0.831317	7.46  1.08887
7.47  0.828154	7.47  1.08976
7.48  0.826476	7.48  1.08381
