0 0 0 0 0 0 0 0 0 0 0 
32 4.12143e-05 -8.8353e-05 3.69406e-05 0.000245782 8.5123e-06 6.94334e-05 4.50302e-05 0 0 0 
64 5.45002e-05 4.17859e-06 -7.50932e-05 0.000108588 -1.26484e-05 0.0001048 5.95464e-05 0 0 0 
96 -6.70093e-06 -0.00015596 -8.13508e-05 6.86466e-05 -7.48261e-05 4.91029e-05 -7.32133e-06 0 0 0 
128 1.95945e-05 0.000100873 -0.000121741 3.29889e-06 -1.85931e-05 4.05103e-05 2.14089e-05 0 0 0 
160 -1.99854e-05 -7.23018e-05 -0.000143489 -6.88793e-05 -8.68823e-05 2.59704e-05 -2.18359e-05 0 0 0 
192 -4.74587e-05 -3.64933e-05 -0.000207932 -3.90882e-05 -0.00011907 -3.52542e-06 -5.1853e-05 0 0 0 
224 -6.41611e-05 -0.000148631 -0.000171744 1.78328e-05 -0.000132069 -2.25099e-05 -7.0102e-05 0 0 0 
256 5.37556e-05 6.27279e-05 -0.000186838 6.66649e-05 -3.72724e-05 0.000127306 5.87329e-05 0 0 0 
288 -2.26879e-05 -1.46819e-05 -0.00023428 -0.000160731 -0.000115542 4.31425e-05 -2.47887e-05 0 0 0 
320 5.16591e-05 4.4013e-05 -0.00010719 7.72954e-05 -1.28447e-05 0.00010572 5.64422e-05 0 0 0 
352 3.85495e-05 9.3945e-05 -0.000176577 6.68344e-05 -4.02154e-05 9.54938e-05 4.21189e-05 0 0 0 
384 -2.29441e-05 -6.20879e-05 -0.000184263 8.04252e-05 -8.48007e-05 1.81934e-05 -2.50685e-05 0 0 0 
416 4.9478e-06 0.000165222 -0.000222828 -0.000211822 -6.34566e-05 5.10135e-05 5.40586e-06 0 0 0 
448 1.99719e-05 0.000106232 -0.000287285 -0.000216081 -0.000118399 0.000127561 2.1821e-05 0 0 0 
480 -6.11846e-05 1.28912e-05 -0.000279307 -3.87377e-05 -0.000133061 -2.50523e-05 -6.68499e-05 0 0 0 
512 -1.012e-05 3.84335e-05 -0.000215857 0.000165158 -6.5258e-05 2.20221e-05 -1.10573e-05 0 0 0 
544 5.25337e-06 -1.12705e-05 -0.000170573 -5.2099e-05 -0.000101549 7.91506e-05 5.73969e-06 0 0 0 
576 5.57681e-06 7.85258e-05 -0.000300153 -9.2792e-06 -0.000101694 8.40659e-05 6.09313e-06 0 0 0 
608 5.18775e-05 8.45709e-05 -0.000143741 -3.33922e-05 -4.33279e-05 0.000126445 5.66809e-05 0 0 0 
640 5.49863e-05 8.95909e-05 -0.000196804 -1.57615e-05 -5.95763e-05 0.000145552 6.00775e-05 0 0 0 
672 4.98373e-05 9.14251e-05 -0.000132973 0.00019396 5.30354e-06 8.18456e-05 5.44517e-05 0 0 0 
704 8.91154e-06 -1.01771e-05 -0.000199848 4.57912e-05 -8.16557e-05 7.32691e-05 9.73637e-06 0 0 0 
736 4.15661e-05 2.92365e-05 -7.8301e-05 -9.01028e-05 -3.86465e-05 9.95175e-05 4.54147e-05 0 0 0 
768 1.57905e-05 -4.66842e-05 -0.000206882 -5.70032e-05 -0.000121428 0.000123705 1.72525e-05 0 0 0 
800 6.03408e-05 -8.88227e-06 -0.000128336 -3.35553e-05 -8.36614e-05 0.000178857 6.59279e-05 0 0 0 
832 -3.36558e-05 -5.35738e-05 -0.000199429 -0.00020856 -0.000157349 5.8254e-05 -3.67721e-05 0 0 0 
864 8.02066e-06 -7.31865e-05 -0.00016948 -0.00020512 -0.00013959 0.00012004 8.76314e-06 0 0 0 
896 -9.93944e-06 -5.95608e-05 -0.000207044 -0.000166288 -0.000162937 0.000102806 -1.08597e-05 0 0 0 
928 -4.71138e-05 -9.46576e-05 -0.000242118 -0.000518899 -0.000229267 8.71336e-05 -5.14763e-05 0 0 0 
960 -8.63615e-05 -0.000179528 -0.00030084 -0.000566834 -0.000315127 7.52788e-05 -9.4358e-05 0 0 0 
992 -5.59374e-05 -0.000217325 -0.000296157 -0.000661725 -0.000325742 0.000146636 -6.11167e-05 0 0 0 
1024 -7.59936e-05 -0.000313897 -0.000256526 -0.00072167 -0.000373438 0.000137255 -8.303e-05 0 0 0 
1056 -6.72976e-05 -0.000368217 -0.000250177 -0.000943853 -0.000440461 0.000212938 -7.35289e-05 0 0 0 
1088 -0.000104052 -0.000500458 -0.000209885 -0.00113951 -0.000481221 0.000171261 -0.000113687 0 0 0 
1120 -0.000181335 -0.000664575 -0.000199043 -0.00134316 -0.00057413 9.73796e-05 -0.000198126 0 0 0 
1152 -0.000219775 -0.000843968 -0.000344701 -0.00129723 -0.000699693 0.000122464 -0.000240125 0 0 0 
1184 -0.000149225 -0.000815464 -0.000129074 -0.00109331 -0.000569254 0.000154112 -0.000163042 0 0 0 
1216 -0.000207187 -0.000767694 -0.000172301 -0.00131731 -0.000590073 6.12952e-05 -0.000226371 0 0 0 
1248 -0.000217839 -0.000733443 -0.000174126 -0.00102736 -0.00053137 -1.32451e-05 -0.000238009 0 0 0 
1280 -0.000154165 -0.000557774 -9.17745e-05 -0.00104319 -0.000421123 2.37046e-05 -0.00016844 0 0 0 
1312 -0.000242811 -0.00052388 -0.000131455 -0.000575839 -0.000375717 -0.000176554 -0.000265293 0 0 0 
1344 -0.000406454 -0.000482763 -0.000407408 -0.000804864 -0.000517737 -0.000389085 -0.000444088 0 0 0 
1376 -0.00053635 -0.000775595 -0.000413708 -0.000780397 -0.000618271 -0.000564899 -0.000586012 0 0 0 
1408 -0.000703304 -0.00113634 -0.000686003 -0.000886728 -0.000911 -0.00065973 -0.000768425 0 0 0 
1440 -0.000805374 -0.00147488 -0.00075496 -0.00118371 -0.00110203 -0.000711493 -0.000879946 0 0 0 
1472 -0.000995434 -0.00208318 -0.00084126 -0.00167019 -0.00144057 -0.000819324 -0.0010876 0 0 0 
1504 -0.00100244 -0.00223881 -0.000761372 -0.00204596 -0.0015179 -0.000772069 -0.00109526 0 0 0 
1536 -0.00101529 -0.00240347 -0.000905139 -0.0021258 -0.00167398 -0.000670554 -0.0011093 0 0 0 
1568 -0.00090994 -0.00223132 -0.000807411 -0.00226815 -0.00157407 -0.000545846 -0.000994194 0 0 0 
1600 -0.000851503 -0.00227169 -0.000966441 -0.0022173 -0.0016652 -0.00035899 -0.000930345 0 0 0 
1632 -0.000724431 -0.00185773 -0.000759571 -0.00192924 -0.00137594 -0.000338057 -0.000791508 0 0 0 
1664 -0.000647692 -0.00163027 -0.000751374 -0.00175021 -0.00125679 -0.000280109 -0.000707664 0 0 0 
1696 -0.000549534 -0.00139067 -0.000652631 -0.00167876 -0.00110095 -0.000216025 -0.000600417 0 0 0 
1728 -0.000500236 -0.00110354 -0.000712927 -0.00147958 -0.00100395 -0.000195796 -0.000546554 0 0 0 
1760 -0.000470556 -0.000964263 -0.000588533 -0.00155998 -0.000901842 -0.000217525 -0.000514126 0 0 0 
1792 -0.000483211 -0.00110985 -0.000662298 -0.00141206 -0.00097626 -0.000178699 -0.000527953 0 0 0 
1824 -0.000448307 -0.000865866 -0.000643628 -0.00133792 -0.000850643 -0.000208465 -0.000489817 0 0 0 
1856 -0.000366589 -0.000775408 -0.000568425 -0.00128047 -0.000786899 -0.000102428 -0.000400533 0 0 0 
1888 -0.000350259 -0.000729206 -0.000530854 -0.00121525 -0.000723192 -0.00010778 -0.00038269 0 0 0 
1920 -0.000373199 -0.000806643 -0.000483972 -0.00138818 -0.000755459 -0.000138683 -0.000407755 0 0 0 
1952 -0.0002718 -0.000715205 -0.000399298 -0.00116359 -0.000647959 -2.90202e-05 -0.000296966 0 0 0 
1984 -0.000237519 -0.000633455 -0.000340245 -0.00120197 -0.000611595 1.19153e-05 -0.000259512 0 0 0 
2016 -0.000264655 -0.000646414 -0.000419092 -0.00104414 -0.000623432 -3.77681e-05 -0.00028916 0 0 0 
2048 -0.000218396 -0.000604362 -0.000335578 -0.00116972 -0.000588013 2.35274e-05 -0.000238618 0 0 0 
2080 -0.000200693 -0.000498974 -0.000361609 -0.000926287 -0.000541115 2.42266e-05 -0.000219275 0 0 0 
2112 -0.00021858 -0.000484364 -0.000241452 -0.00103169 -0.000504957 -4.42299e-05 -0.000238819 0 0 0 
2144 -0.000158901 -0.000445744 -0.000247303 -0.000960094 -0.000465274 3.84918e-05 -0.000173614 0 0 0 
2176 -8.33409e-05 -0.000412292 -0.000122259 -0.000846058 -0.000386197 0.000135293 -9.10577e-05 0 0 0 
2208 -8.96625e-05 -0.000418876 -0.000212833 -0.000767583 -0.000406447 0.000139747 -9.79645e-05 0 0 0 
2240 -0.000135109 -0.000348304 -0.000201175 -0.000710931 -0.000375827 2.0073e-05 -0.000147619 0 0 0 
2272 -7.44476e-05 -0.000472051 -0.000136938 -0.000783253 -0.000383535 0.000149923 -8.13409e-05 0 0 0 
2304 -7.85207e-05 -0.000431931 -0.000202445 -0.000806047 -0.000413437 0.000158634 -8.57912e-05 0 0 0 
2336 -0.00016075 -0.000450828 -0.000299427 -0.000906131 -0.000473555 4.96022e-05 -0.000175634 0 0 0 
2368 -9.45577e-05 -0.000524056 -0.000131291 -0.000513009 -0.00036674 0.000102225 -0.000103313 0 0 0 
2400 -0.000118755 -0.000447287 -0.000190176 -0.000929995 -0.000441534 0.000106029 -0.000129751 0 0 0 
2432 -8.62663e-05 -0.000385372 -0.000149465 -0.000981872 -0.000402036 0.000137193 -9.4254e-05 0 0 0 
2464 -0.000100569 -0.000434575 -0.000183282 -0.00086934 -0.000413893 0.000119344 -0.000109881 0 0 0 
2496 -7.32914e-05 -0.000452229 -3.01793e-05 -0.000831135 -0.000342288 0.000113188 -8.00777e-05 0 0 0 
2528 -5.60041e-05 -0.000426482 -2.30847e-05 -0.000747751 -0.000329787 0.00014389 -6.11899e-05 0 0 0 
2560 -6.97384e-05 -0.000412041 -5.99271e-05 -0.000826253 -0.000333649 0.000112031 -7.61957e-05 0 0 0 
2592 -8.83342e-05 -0.000349077 -6.82582e-05 -0.000812681 -0.000319564 7.07436e-05 -9.65134e-05 0 0 0 
2624 -7.02084e-05 -0.000384694 -0.000141278 -0.000439576 -0.00031348 0.000100871 -7.67093e-05 0 0 0 
2656 -7.96954e-05 -0.000396098 -9.82582e-05 -0.00100373 -0.000371971 0.000122957 -8.70747e-05 0 0 0 
2688 5.34394e-06 -0.000205831 2.30873e-05 -0.000647834 -0.000196187 0.000151036 5.83885e-06 0 0 0 
2720 -3.21495e-05 -0.000283281 -4.45679e-06 -0.000845455 -0.000258337 0.000127198 -3.51262e-05 0 0 0 
2752 -6.27873e-06 -0.000287967 5.13527e-05 -0.00101228 -0.000263343 0.000180564 -6.86032e-06 0 0 0 
2784 -1.6252e-05 -0.00032522 -5.55008e-06 -0.000717188 -0.000258683 0.000157701 -1.77569e-05 0 0 0 
2816 3.31286e-05 -0.000237309 9.6757e-05 -0.000718019 -0.00017393 0.000190927 3.61959e-05 0 0 0 
2848 7.55429e-06 -0.000274479 0.000113814 -0.000785165 -0.000207045 0.000170373 8.25385e-06 0 0 0 
2880 -5.85873e-05 -0.000378327 1.17646e-05 -0.000673276 -0.000242164 7.47326e-05 -6.40121e-05 0 0 0 
2912 -5.8008e-06 -0.00023638 6.476e-05 -0.000416062 -0.000156969 0.000101997 -6.33789e-06 0 0 0 
2944 -2.4635e-05 -0.000148824 0.000100135 -0.000757462 -0.000157408 6.84088e-05 -2.69161e-05 0 0 0 
2976 3.84653e-06 -0.000203018 0.000111596 -0.000600549 -0.000136522 0.000115534 4.2026e-06 0 0 0 
3008 -6.82039e-06 -0.000334287 6.29034e-05 -0.000658354 -0.000207274 0.000146791 -7.45203e-06 0 0 0 
3040 -1.41326e-05 -0.000142986 0.000144142 -0.000682415 -0.00011361 5.78864e-05 -1.54414e-05 0 0 0 
3072 1.02231e-05 -0.000307417 0.000200536 -0.000594143 -0.00012828 0.000118655 1.11696e-05 0 0 0 
3104 3.05363e-05 -0.00031734 0.00021793 -0.000692779 -0.000154325 0.000180023 3.33635e-05 0 0 0 
3136 4.35412e-05 -0.000375352 0.000233545 -0.000743225 -0.000164 0.000205185 4.75726e-05 0 0 0 
3168 3.68914e-06 -0.000298501 8.36118e-05 -0.000744605 -0.000212278 0.000174558 4.03069e-06 0 0 0 
