0 0 0 0 0 0 0 0 0 0 0 0 0 0 0 0 0 0 0 0 0 0 0 0 0 0 0 0 0 0 0 0 0 0 0 0 0 0 0 0 0 0 
32 0.00156692 -0.00364614 0.00364615 0.000105368 -0.00319568 0.00319567 0.000156751 -0.00389598 0.00389598 0.000237517 -0.00427439 0.00427439 0.000165947 -0.00271357 0.00271357 0.000751271 -0.00174005 0.00174005 0.00101339 -0.00326998 0.00326998 0.000154364 -0.00278069 0.00278068 0.000553522 -0.00450591 0.00450591 0.000264546 0.000253438 -0.000367277 0.000775167 0.000265435 0.000135382 0.000591267 8.74719e-05 0.000196452 0.000206443 0.000392706 0.000371179 0.000440658 0.000331237 
64 0.00117538 -0.00213843 0.00213844 4.33074e-05 -0.00113431 0.00113431 9.34351e-05 -0.00244737 0.00244737 0.00024519 -0.00306357 0.00306357 8.09745e-05 -0.000798618 0.000798619 0.000402084 -0.0025322 0.0025322 0.000538821 -0.00225659 0.00225659 0.000313014 -0.00122402 0.00122402 0.000636545 -0.0018644 0.0018644 0.000402479 0.000164684 -0.000286597 0.000690814 0.00055018 0.000458074 0.000528883 -0.000254344 0.000380281 0.000282482 0.000501845 -0.000101096 0.000405228 -0.000115635 
96 0.00151528 -0.00179985 0.00179986 0.000234204 -0.00196444 0.00196444 6.28642e-05 -0.00218034 0.00218034 0.000274197 -0.00256318 0.00256318 0.000130788 -0.00267524 0.00267525 0.000505928 -0.0017385 0.00173851 0.000802993 -0.00209488 0.00209488 0.000423158 -0.000848987 0.000848984 0.000712274 -0.00110971 0.00110971 8.74707e-05 2.66938e-05 -0.00120887 0.000364571 0.000442833 0.000139345 0.00113921 -0.000169797 0.000320666 8.67648e-05 -0.000364754 -1.5384e-05 -0.000447227 -4.81307e-05 
128 0.00167045 -0.00204237 0.00204238 0.00022957 -0.00213323 0.00213323 8.24938e-05 -0.00206563 0.00206563 0.000314065 -0.00300068 0.00300068 0.000167627 -0.00222842 0.00222842 0.000550358 -0.00257266 0.00257266 0.000862422 -0.0022747 0.0022747 0.000532387 -0.00127415 0.00127415 0.000808021 -0.00141928 0.00141928 -7.00449e-05 0.000223624 -0.000657491 0.00023598 -0.000115454 0.000474949 0.000565712 -0.000180851 -3.78157e-05 0.000269938 5.62125e-05 0.000226344 -5.24555e-05 0.000195597 
160 0.00180566 -0.00183648 0.00183649 0.000371096 -0.00194075 0.00194075 0.00012566 -0.0015589 0.0015589 0.00029949 -0.00263768 0.00263768 0.000168507 -0.00169126 0.00169126 0.000512123 -0.00296038 0.00296039 0.00100888 -0.00199307 0.00199307 0.000569317 -0.00144245 0.00144245 0.000796777 -0.00146634 0.00146634 -0.000372287 0.000204163 -0.00129002 0.000401102 -0.000374602 0.000116855 0.000620341 0.000227616 -0.000262137 0.000182856 -0.000585588 0.000407684 -0.000590974 0.000371096 
192 0.00178724 -0.00152102 0.00152102 0.000344239 -0.00142662 0.00142662 0.000169524 -0.00193145 0.00193145 0.000286983 -0.00122762 0.00122762 0.000192733 -0.00197048 0.00197048 0.00054049 -0.00152464 0.00152464 0.00105425 -0.00182194 0.00182194 0.00054248 -0.000769175 0.000769174 0.000732978 -0.000724975 0.000724977 -0.000570898 0.000330806 -0.00131143 0.000953452 -0.000622058 0.000562216 0.000618169 0.000229992 -0.000425899 0.000556486 -0.00087068 -0.000102799 -0.000758401 -0.000190835 
224 0.00140141 -0.00244103 0.00244103 0.000215466 -0.00299808 0.00299808 -1.66115e-05 -0.00213527 0.00213528 0.00018812 -0.00323724 0.00323724 0.000103343 -0.00308877 0.00308877 0.000589679 -0.00299622 0.00299622 0.000788529 -0.0026411 0.0026411 0.000466042 -0.00188908 0.00188907 0.000612874 -0.00188083 0.00188082 -0.000551207 0.000123144 -0.000600934 0.00113414 -0.000484307 0.000139637 -0.000108044 -1.02996e-05 -0.000405773 0.000274994 -0.000929 -0.000230872 -0.000787265 -0.000246866 
256 0.00173696 -0.00188686 0.00188687 0.000282091 -0.00273154 0.00273154 0.000306623 -0.00204613 0.00204613 0.000222673 -0.00169776 0.00169776 0.0001275 -0.00221906 0.00221906 0.000560339 -0.0016295 0.0016295 0.00114905 -0.00215241 0.00215242 0.000456122 -0.00127149 0.00127148 0.000587901 -0.0012432 0.0012432 -0.000668763 0.000170484 -0.00140822 0.000332232 -0.000754015 0.000498858 0.000140095 -0.000306954 -0.000648937 0.000250079 -0.000823409 2.64331e-05 -0.000613218 -2.67898e-05 
288 0.00149631 -0.00207562 0.00207563 0.000232376 -0.00160923 0.00160923 0.000336142 -0.00260982 0.00260983 0.00027643 -0.0021247 0.0021247 9.7656e-05 -0.00155002 0.00155002 0.000386257 -0.00286091 0.00286091 0.000954773 -0.00255783 0.00255783 0.000421368 -0.00116119 0.00116118 0.000541529 -0.00102447 0.00102447 -0.000790801 0.000104506 -0.000632316 0.000974766 -0.00110213 0.000386656 0.000563445 -0.00038728 -0.000591172 0.000289893 -0.00126308 -0.000351591 -0.00112109 -0.000374193 
320 0.0015463 -0.00197061 0.00197062 0.000209912 -0.00315646 0.00315646 0.000272117 -0.00158632 0.00158632 0.000187392 -0.00214687 0.00214687 0.00011547 -0.00241682 0.00241682 0.000528325 -0.00209249 0.0020925 0.00101035 -0.00206554 0.00206554 0.000438778 -0.00182416 0.00182416 0.000535941 -0.00173512 0.00173512 -0.000819586 0.000110302 -0.00059594 0.000646677 -0.00121528 0.000324779 0.000294431 -0.000213622 -0.000706691 0.000211759 -0.00115219 -5.31689e-05 -0.00102003 -0.000142782 
352 0.00161517 -0.00204309 0.0020431 0.000230185 -0.0023028 0.0023028 0.00038726 -0.00218335 0.00218335 0.000238173 -0.00302558 0.00302559 7.43655e-05 -0.00232349 0.00232349 0.000465382 -0.00182328 0.00182328 0.00108283 -0.00225524 0.00225524 0.00043886 -0.00160024 0.00160024 0.000532335 -0.00157372 0.00157372 -0.000860124 0.000364864 -0.00143272 0.000413077 -0.00125191 0.000597439 0.000703567 0.000117503 -0.000749817 0.000410888 -0.000882023 0.000327429 -0.000883976 0.000267511 
384 0.0015998 -0.00228476 0.00228476 0.000284348 -0.0020998 0.0020998 0.000379185 -0.00224842 0.00224842 0.000200808 -0.00323347 0.00323348 0.000145426 -0.00278298 0.00278298 0.000447056 -0.00254053 0.00254053 0.00111059 -0.00239535 0.00239535 0.00040776 -0.00204965 0.00204965 0.000489202 -0.00201292 0.00201292 -0.00112747 0.000246322 -0.000963629 0.000160992 -0.00171617 0.000518979 -0.000244339 -0.000115849 -0.00120129 0.000300609 -0.000929138 0.000136505 -0.000843657 9.67405e-05 
416 0.00170387 -0.00179275 0.00179275 0.000236376 -0.00142687 0.00142687 0.000447008 -0.00182469 0.00182469 0.000187947 -0.00226011 0.00226012 4.19794e-05 -0.0015985 0.0015985 0.000476319 -0.00209667 0.00209668 0.0011597 -0.00189152 0.00189152 0.000458163 -0.00178203 0.00178203 0.000544167 -0.00155814 0.00155814 -0.00186018 0.000365074 -0.00177014 0.000705384 -0.00224573 0.000332068 0.000118264 0.000407823 -0.00152364 0.000395997 -0.00264362 0.000292912 -0.00259837 0.000288533 
448 0.00157359 -0.00182469 0.00182469 0.000233687 -0.00171421 0.00171421 0.000329531 -0.0022185 0.0022185 0.000232391 -0.00169449 0.0016945 0.000124024 -0.00207231 0.00207231 0.000452909 -0.00171548 0.00171548 0.00101613 -0.00210429 0.00210429 0.000467851 -0.00115438 0.00115437 0.00055746 -0.00114237 0.00114237 -0.00202898 0.000370485 -0.00246905 0.000577178 -0.00203171 0.000337668 -0.000592899 0.000452387 -0.00171302 0.000400754 -0.00276411 0.000238595 -0.00268656 0.000241576 
480 0.00159237 -0.00157324 0.00157324 0.000228956 -0.00196384 0.00196384 0.000342627 -0.00159608 0.00159609 0.000138452 -0.00201235 0.00201236 0.000102731 -0.00239451 0.00239451 0.000499464 -0.00212978 0.00212979 0.00107104 -0.00186922 0.00186922 0.000442514 -0.000927579 0.000927573 0.000521321 -0.00080996 0.00080996 -0.00264209 0.000446395 -0.00189493 0.000931298 -0.00322974 0.000511833 -0.000517666 0.000336885 -0.00228315 0.00052424 -0.00363084 0.000247219 -0.00358413 0.000252596 
512 0.00161671 -0.00133052 0.00133052 0.00018644 -0.00157496 0.00157496 0.000457851 -0.00184669 0.00184669 0.000148248 -0.0022326 0.0022326 0.000171309 -0.000396236 0.000396237 0.000473291 -0.00137636 0.00137637 0.00111758 -0.00171431 0.00171431 0.000435552 -0.000481766 0.000481765 0.000499128 -0.000384411 0.000384411 -0.00324957 0.000248915 -0.0024233 0.000696209 -0.00336911 0.000408604 -0.000718465 -0.000264465 -0.00253016 0.00027081 -0.00511504 0.000250783 -0.00509122 0.000244265 
544 0.00161497 -0.00152676 0.00152676 0.000184092 -0.00243991 0.00243991 0.0004555 -0.00144293 0.00144293 0.000195509 -0.000849129 0.00084913 0.00017201 -0.00121211 0.00121211 0.000413972 -0.00148884 0.00148884 0.00105356 -0.00174765 0.00174765 0.000503421 -0.00101822 0.00101822 0.000561408 -0.000999523 0.000999523 -0.00368582 0.000396663 -0.00308612 0.000355647 -0.00374587 0.000674763 -0.000704611 0.000158036 -0.00284197 0.000490312 -0.00582714 0.000179106 -0.00582159 0.000181964 
576 0.00167533 -0.00150925 0.00150926 0.000229951 -0.000916146 0.000916141 0.000408453 -0.0015737 0.0015737 0.000225026 -0.00132393 0.00132393 0.00019396 -0.00107781 0.00107781 0.000460826 -0.00158371 0.00158372 0.00109923 -0.00156147 0.00156148 0.000539052 -0.00145275 0.00145275 0.000576101 -0.00137401 0.00137401 -0.00448947 0.000352735 -0.00182889 0.00100689 -0.00512751 0.000429518 -0.00125446 9.56924e-05 -0.00350492 0.000428853 -0.0070406 0.000220008 -0.00700595 0.000183485 
608 0.00159776 -0.00170175 0.00170175 0.000219956 -0.00196903 0.00196903 0.000458205 -0.00227767 0.00227768 0.000196407 -0.00176094 0.00176094 0.000109964 -0.00120355 0.00120355 0.000464771 -0.000797956 0.000797962 0.00114293 -0.00195744 0.00195744 0.000400537 -0.00113035 0.00113035 0.000454827 -0.00104451 0.00104451 -0.00530813 9.18656e-06 -0.00248306 0.00070144 -0.00562137 -5.66633e-06 -0.00225458 0.000228268 -0.00415709 0.000183748 -0.00836385 -0.000300751 -0.00827519 -0.000342877 
640 0.00148995 -0.00174811 0.00174811 0.000148666 -0.00136386 0.00136386 0.000457943 -0.00230509 0.0023051 0.000148789 -0.00167276 0.00167276 6.62026e-05 -0.00135813 0.00135813 0.000472639 -0.00183858 0.00183858 0.00107925 -0.00208044 0.00208044 0.000355053 -0.00107317 0.00107316 0.000410696 -0.000930116 0.000930114 -0.00658068 0.000237417 -0.00382653 0.000622458 -0.00757424 0.0003511 -0.00224366 -0.000134126 -0.00547667 0.000281672 -0.00940511 0.000240393 -0.00945476 0.000193435 
672 0.00162552 -0.00147276 0.00147277 0.000179072 -0.00103256 0.00103256 0.00050241 -0.00190633 0.00190633 0.000242202 -0.00189323 0.00189323 6.59556e-05 -0.00172856 0.00172856 0.000383744 -0.00137085 0.00137086 0.00106522 -0.00169081 0.00169082 0.000519202 -0.00108659 0.00108658 0.000560283 -0.000980081 0.000980079 -0.00786408 0.000189661 -0.00335483 0.000525981 -0.00928694 0.000298491 -0.00337046 -9.53073e-05 -0.00664026 0.000267507 -0.0109798 -4.43048e-06 -0.0109719 -3.29252e-05 
704 0.00174875 -0.00182011 0.00182011 0.000207806 -0.00090514 0.000905138 0.000472333 -0.00184779 0.0018478 0.000256386 -0.00306783 0.00306783 0.000147108 -0.00297609 0.00297609 0.000540872 -0.00221679 0.00221679 0.00122101 -0.00192005 0.00192005 0.00049811 -0.00161282 0.00161281 0.000527742 -0.00148893 0.00148893 -0.00977505 0.000152724 -0.00477395 0.000379587 -0.0117706 0.000563404 -0.00301005 -7.06158e-05 -0.00818795 0.000375257 -0.0138701 -0.000271854 -0.0138453 -0.000353395 
736 0.00162458 -0.0016643 0.00166431 0.000226046 -0.00113462 0.00113461 0.000412287 -0.00173008 0.00173008 0.000214166 -0.0012797 0.00127971 0.00013152 -0.00260685 0.00260685 0.000499481 -0.00260779 0.00260779 0.00113781 -0.00189554 0.00189554 0.000450102 -0.00116511 0.00116511 0.00048676 -0.00112415 0.00112415 -0.011906 0.000216566 -0.00513948 0.000736045 -0.014066 0.000336421 -0.00494484 -0.000158904 -0.0100291 0.000290666 -0.0166511 0.000139502 -0.0166207 0.000100358 
768 0.0016841 -0.00174232 0.00174233 0.000279936 -0.00178822 0.00178822 0.000488648 -0.00196674 0.00196674 0.0001808 -0.00266867 0.00266867 0.000146064 -0.00162877 0.00162876 0.00050221 -0.00188423 0.00188423 0.0012708 -0.0019888 0.0019888 0.000362646 -0.00121996 0.00121995 0.000413305 -0.00117568 0.00117568 -0.0145482 0.000271982 -0.00724591 0.000466573 -0.0172905 0.000215545 -0.00537524 -2.39998e-05 -0.0123202 0.000176917 -0.0202238 0.000581367 -0.0202431 0.000586464 
800 0.00176523 -0.00139114 0.00139115 0.000200378 -0.0011331 0.0011331 0.000656719 -0.00196827 0.00196828 0.000212693 0.000111025 -0.000111025 0.000145394 -0.000689005 0.000689009 0.000428795 -0.00172673 0.00172674 0.0012859 -0.00187925 0.00187926 0.000445947 -0.000298228 0.000298222 0.000479334 -0.000218555 0.000218554 -0.0177829 0.000251687 -0.00787571 0.000273125 -0.0211513 0.000509943 -0.00752782 -2.04806e-05 -0.0151271 0.000325118 -0.0245544 9.11634e-05 -0.0245118 0.000108088 
832 0.00195424 -0.00154766 0.00154767 0.000280852 -0.00152974 0.00152974 0.00072109 -0.00160329 0.00160329 0.000207555 -0.00148908 0.00148908 0.000107656 -0.000721919 0.000721921 0.000359044 -0.00235618 0.00235618 0.00136099 -0.0019189 0.0019189 0.000575306 -0.000499808 0.000499806 0.000593247 -0.00054565 0.000545648 -0.0215791 0.000419552 -0.00917755 0.000452423 -0.02574 0.000320323 -0.00813216 0.000282982 -0.0180586 0.000352124 -0.0304656 0.000601978 -0.0304825 0.000629466 
864 0.0018669 -0.00134432 0.00134432 0.000231728 -0.00119982 0.00119981 0.000619064 -0.00156307 0.00156307 0.000196111 -0.00229491 0.00229491 4.94803e-05 -0.000786425 0.000786426 0.000445111 -0.00185272 0.00185273 0.0012959 -0.00170438 0.00170438 0.000537521 -0.000590993 0.000590989 0.00057099 -0.000501923 0.000501922 -0.0261486 0.000454734 -0.0107999 0.000834821 -0.0315652 0.000501924 -0.00982215 0.000356102 -0.0219931 0.000521914 -0.0366313 0.000364064 -0.0366115 0.000326679 
896 0.00204237 -0.00161455 0.00161456 0.000255179 -0.00116141 0.0011614 0.00065241 -0.00175745 0.00175745 0.000267333 -0.00228085 0.00228085 9.62455e-05 -0.00166271 0.00166271 0.000411704 -0.00181281 0.00181282 0.00131929 -0.0017608 0.0017608 0.00067418 -0.00139755 0.00139755 0.000723073 -0.00131049 0.00131049 -0.0314105 0.000911377 -0.0134901 0.00116517 -0.0376736 0.00109827 -0.0119249 7.85545e-05 -0.0264872 0.00086584 -0.0438567 0.00111406 -0.0438268 0.00109124 
928 0.00220011 -0.00148001 0.00148003 0.00027003 -0.0013083 0.00130829 0.000694006 -0.00188372 0.00188373 0.000317631 -0.00162753 0.00162753 0.000117669 -0.00174472 0.00174472 0.000446363 -0.0014653 0.0014653 0.0014104 -0.00174676 0.00174677 0.000742305 -0.000997121 0.000997115 0.000789706 -0.000948177 0.000948176 -0.0372704 0.000848013 -0.0157314 0.000591656 -0.0448218 0.000996293 -0.0134766 0.00012427 -0.0312439 0.000713346 -0.052402 0.00122293 -0.0524476 0.00127456 
960 0.00239818 -0.000929555 0.000929559 0.000318139 -0.000606387 0.000606383 0.000851931 -0.00105794 0.00105794 0.000281828 -0.0012273 0.0012273 0.00012612 -0.000291077 0.000291083 0.000469399 -0.00171415 0.00171416 0.00163947 -0.00120957 0.00120957 0.000708977 -0.000308079 0.000308071 0.000758704 -0.000259776 0.000259771 -0.043572 0.00127751 -0.0181801 0.000657599 -0.0522667 0.00139627 -0.0165181 4.49371e-05 -0.0366065 0.000925508 -0.0611538 0.00220644 -0.0611508 0.0021964 
992 0.00265659 -0.000594263 0.000594269 0.000400961 -0.000444995 0.000444991 0.000892837 -0.000768721 0.000768725 0.000330325 -0.000334341 0.000334342 0.000131936 -0.00017448 0.000174482 0.000556482 -0.0013023 0.0013023 0.00185028 -0.000866409 0.000866414 0.000762053 -0.000148375 0.000148373 0.000806306 -3.40317e-05 3.40323e-05 -0.0498701 0.00171253 -0.0203584 -4.1838e-05 -0.0602588 0.00234798 -0.0177942 -0.000407188 -0.0417448 0.00118163 -0.0704375 0.00309255 -0.070404 0.00306045 
1024 0.00278804 -0.000565303 0.000565306 0.000323346 -0.000488817 0.000488815 0.00102359 -0.00029287 0.000292875 0.000319028 -0.00132245 0.00132245 0.000161995 0.000589804 -0.0005898 0.000487252 -0.00122293 0.00122294 0.00183419 -0.000649726 0.000649729 0.000904689 -0.000568078 0.000568071 0.000953849 -0.000397812 0.000397808 -0.0561849 0.00233968 -0.0225509 0.00020302 -0.0672366 0.00275029 -0.0202091 -0.000150264 -0.0466466 0.00152066 -0.0802949 0.00439529 -0.0802912 0.00445674 
1056 0.00316185 -2.6678e-05 2.66853e-05 0.000438908 -0.000271048 0.000271047 0.00113543 8.15114e-05 -8.15064e-05 0.000397633 -0.000968586 0.000968585 0.000235843 -0.000428327 0.000428328 0.000541694 -0.0005983 0.000598304 0.00211603 -0.00023788 0.000237878 0.000990425 0.000247907 -0.00024791 0.00104581 0.000484904 -0.000484907 -0.0620789 0.0029232 -0.0247876 0.000695105 -0.0746017 0.00371963 -0.0213808 7.42867e-05 -0.0513966 0.00220408 -0.0890234 0.00476013 -0.0891197 0.00475821 
1088 0.00346522 -0.000148668 0.000148671 0.000398316 -0.000654496 0.000654495 0.00128207 0.00034033 -0.000340328 0.000457332 -0.00108493 0.00108493 0.000190096 -0.000391938 0.000391938 0.000575815 -0.000869608 0.000869612 0.0022562 -0.000297042 0.000297047 0.0011713 -6.91151e-05 6.91104e-05 0.00120902 0.00012206 -0.000122065 -0.0672699 0.00355664 -0.0270025 0.000771295 -0.0806198 0.00445313 -0.0225438 2.44915e-05 -0.0554564 0.0026212 -0.096986 0.00583189 -0.0971129 0.00589655 
1120 0.00355898 4.373e-06 -4.37172e-06 0.000469298 -0.000569526 0.000569522 0.00131431 0.000131887 -0.000131886 0.00051047 -0.00044767 0.000447674 0.000205504 0.000936712 -0.000936713 0.000562633 -0.000592187 0.000592195 0.00234625 -0.000284669 0.000284676 0.0011507 0.000529566 -0.000529573 0.00121273 0.000558548 -0.00055855 -0.0709009 0.00404779 -0.0273106 0.00111219 -0.0849259 0.0050239 -0.0233479 0.000161217 -0.0581164 0.00301999 -0.103076 0.00649707 -0.103193 0.00657394 
1152 0.00379629 0.000353731 -0.000353726 0.00039942 2.24949e-05 -2.24964e-05 0.00144759 0.000608742 -0.000608739 0.000490807 -0.000203314 0.000203316 0.000231477 0.000174697 -0.000174697 0.000613186 -0.000747514 0.000747519 0.0024602 1.65824e-05 -1.65847e-05 0.00127571 0.00114569 -0.00114569 0.00133609 0.00114823 -0.00114823 -0.0726857 0.00404283 -0.028705 0.000302572 -0.0866591 0.00488986 -0.0223094 -8.29123e-05 -0.0590106 0.00275682 -0.106873 0.00722737 -0.107052 0.00731117 
1184 0.00394497 0.000463451 -0.000463447 0.000409036 -0.000561324 0.000561322 0.00152583 0.000749872 -0.00074987 0.00050955 0.000455886 -0.000455885 0.000284083 0.000468613 -0.000468612 0.000604606 -0.000583328 0.000583332 0.00253947 5.05914e-05 -5.05885e-05 0.00135174 0.00127214 -0.00127214 0.00140549 0.00138566 -0.00138566 -0.0721692 0.00428362 -0.0263686 0.000633325 -0.0862413 0.0054542 -0.0214277 -0.000170996 -0.0581401 0.00309834 -0.10719 0.00731367 -0.107359 0.00729413 
1216 0.00414845 0.000127117 -0.000127116 0.000517045 -0.00122035 0.00122035 0.00160779 0.000715443 -0.00071544 0.00053071 0.000604131 -0.000604128 0.00028944 -0.000265243 0.000265245 0.00068609 -0.00066859 0.000668592 0.00281093 -8.08484e-05 8.08543e-05 0.00127987 0.000378711 -0.000378717 0.00133753 0.000495882 -0.000495884 -0.0679012 0.00402192 -0.0233479 0.00107288 -0.0814566 0.00482525 -0.0176966 -8.24963e-06 -0.0539736 0.00285716 -0.102638 0.00702176 -0.102873 0.00706642 
1248 0.00392552 -0.000479869 0.000479866 0.000462336 -0.00110115 0.00110115 0.00149119 -0.000332687 0.000332692 0.000552291 -0.000113826 0.000113825 0.000285226 -0.000383081 0.000383084 0.0006197 -0.00160382 0.00160383 0.00257323 -0.000877519 0.000877521 0.00130365 0.000400421 -0.000400423 0.00135229 0.000556 -0.000555999 -0.060992 0.00340181 -0.0191754 0.000419162 -0.0730014 0.0041951 -0.0139871 0.000353851 -0.0475692 0.00249588 -0.0947109 0.00579176 -0.0947959 0.00583163 
1280 0.00427111 0.000119962 -0.000119962 0.000517281 0.000576476 -0.000576477 0.00160497 0.000104181 -0.000104175 0.000547201 0.000309639 -0.000309639 0.000336992 0.00109702 -0.00109701 0.000806235 -0.001038 0.00103801 0.00292849 -0.000111526 0.000111527 0.00130188 0.000728211 -0.000728214 0.00134262 0.00082252 -0.00082252 -0.0497449 0.00211449 -0.0131864 0.000850068 -0.0591318 0.00222323 -0.00800321 -0.000113226 -0.0372249 0.00134574 -0.0809843 0.00415489 -0.081151 0.00414323 
1312 0.00468538 0.000770518 -0.000770512 0.000574917 0.00206917 -0.00206917 0.00173669 0.000232634 -0.000232635 0.000499439 0.00155582 -0.00155582 0.00035733 0.00215628 -0.00215629 0.000926885 -6.2526e-05 6.25269e-05 0.00323849 0.00040974 -0.000409739 0.00139815 0.00143959 -0.00143959 0.00144688 0.00145676 -0.00145676 -0.0359578 0.000778599 -0.00835921 7.13978e-05 -0.0423677 0.000765517 -0.00151651 -0.000176316 -0.0253711 0.000408104 -0.0624055 0.00180431 -0.062542 0.00185883 
1344 0.00577722 0.00128612 -0.00128611 0.000724001 0.00214701 -0.00214701 0.00224598 0.00102119 -0.00102119 0.000564351 0.000681179 -0.000681177 0.000425099 0.00127305 -0.00127304 0.00107734 0.00105311 -0.00105311 0.00404732 0.00119123 -0.00119123 0.00167805 0.00142473 -0.00142474 0.0017299 0.00154456 -0.00154456 -0.0196925 -7.92338e-05 -0.000655457 0.000211913 -0.0226358 -0.000448661 0.00450745 2.22311e-05 -0.0114456 -0.000183341 -0.0403454 0.000402291 -0.0404415 0.000308881 
1376 0.00726138 0.00243027 -0.00243026 0.000935489 0.0031911 -0.0031911 0.00277602 0.00211122 -0.00211121 0.000728997 0.00237678 -0.00237678 0.000556744 0.00394497 -0.00394497 0.00132434 0.00285109 -0.00285108 0.00503585 0.00253223 -0.00253222 0.00216878 0.00209683 -0.00209683 0.00222553 0.00213985 -0.00213985 -0.00151879 -0.000711557 0.00663558 7.4654e-05 -0.000466034 -0.00106587 0.0122061 0.000102494 0.00416939 -0.00055945 -0.0157316 -0.00088881 -0.0156908 -0.000966337 
1408 0.00904154 0.00405311 -0.0040531 0.00112235 0.00362834 -0.00362834 0.00355193 0.00428924 -0.00428924 0.000984686 0.00325985 -0.00325984 0.000694177 0.00458904 -0.00458904 0.00165073 0.00403184 -0.00403183 0.00632501 0.00413504 -0.00413503 0.00262977 0.003776 -0.00377601 0.00271653 0.00378302 -0.00378302 0.0155139 -0.00103499 0.0128757 0.000637012 0.0204448 -0.00181852 0.0170418 0.000162452 0.0181915 -0.000862488 0.00896921 -0.00121956 0.00899985 -0.00136688 
1440 0.0109955 0.00606127 -0.00606126 0.00131253 0.00538072 -0.00538073 0.00449812 0.0066021 -0.0066021 0.00117626 0.00532089 -0.00532089 0.000825287 0.00704211 -0.00704211 0.00176176 0.00500646 -0.00500645 0.00757241 0.00601962 -0.00601962 0.00332063 0.00596289 -0.00596289 0.00342309 0.00603273 -0.00603272 0.0316613 -0.000868677 0.0184767 0.000775298 0.0399286 -0.001194 0.0217969 -0.000660493 0.0312236 -0.00070863 0.0328509 -0.000882015 0.0328533 -0.00102339 
1472 0.0128671 0.00807707 -0.00807707 0.00141557 0.00628927 -0.00628927 0.00534402 0.00923742 -0.00923741 0.00143384 0.00731477 -0.00731477 0.000907302 0.00721334 -0.00721334 0.00199991 0.00608683 -0.00608682 0.00875951 0.00789685 -0.00789684 0.00399229 0.00830131 -0.00830131 0.00410754 0.0083116 -0.00831161 0.0460352 5.40963e-05 0.022651 0.000442195 0.057617 9.26235e-05 0.0252813 -0.000742882 0.042734 -5.98739e-05 0.0544784 0.000706238 0.0544806 0.000538347 
1504 0.0145372 0.00866944 -0.00866944 0.00151702 0.0059265 -0.0059265 0.00611292 0.00995416 -0.00995416 0.00171742 0.0100836 -0.0100836 0.000995708 0.00852381 -0.00852381 0.00215803 0.00593925 -0.00593925 0.00978797 0.00820848 -0.00820848 0.00462405 0.00958718 -0.00958718 0.00474922 0.00962031 -0.00962031 0.0576259 0.000948254 0.0275899 0.000343189 0.0715483 0.00109633 0.0268545 -0.000186189 0.0517216 0.000625971 0.0726 0.00211377 0.072618 0.00186919 
1536 0.0158047 0.00970807 -0.00970806 0.00160679 0.00686382 -0.00686382 0.00677323 0.0109045 -0.0109045 0.00180053 0.0103908 -0.0103908 0.00105407 0.00813202 -0.00813202 0.0022492 0.00646652 -0.00646652 0.0106292 0.00902667 -0.00902667 0.00505266 0.0112396 -0.0112396 0.00517551 0.011177 -0.011177 0.0669298 0.0019349 0.0305316 0.000799429 0.0828551 0.00238613 0.0288052 -0.000284017 0.0589854 0.00139703 0.0870923 0.00356475 0.0871341 0.00347335 
1568 0.0167788 0.00972622 -0.00972622 0.00172367 0.00592058 -0.00592058 0.00726564 0.0114551 -0.0114551 0.00185 0.0108887 -0.0108887 0.00121087 0.00748448 -0.00748448 0.00223706 0.004643 -0.00464299 0.0112264 0.00865974 -0.00865974 0.00541058 0.0123465 -0.0123465 0.00555237 0.0122703 -0.0122703 0.0724837 0.00314061 0.0314282 0.000971394 0.0891368 0.00376372 0.0280989 -0.000338257 0.0624436 0.00220402 0.0978199 0.005727 0.0978876 0.00563645 
1600 0.0171266 0.00937617 -0.00937617 0.00174709 0.00533794 -0.00533794 0.00731103 0.0115068 -0.0115068 0.00196138 0.0101488 -0.0101488 0.00117124 0.00761265 -0.00761265 0.00226469 0.00385902 -0.00385902 0.0113228 0.0084272 -0.0084272 0.00566079 0.0115483 -0.0115483 0.00580377 0.0116287 -0.0116287 0.0742967 0.00339879 0.0305611 0.000600763 0.0910966 0.00415734 0.0268622 -0.000181764 0.063072 0.00238993 0.102604 0.00621474 0.102667 0.00610095 
1632 0.0172027 0.00891655 -0.00891655 0.00175542 0.00374331 -0.00374331 0.00738724 0.0113576 -0.0113576 0.0020069 0.0111054 -0.0111054 0.00123075 0.0075365 -0.0075365 0.00232277 0.00342376 -0.00342375 0.0114654 0.00786627 -0.00786627 0.00559347 0.0112882 -0.0112882 0.00573727 0.0112493 -0.0112493 0.0720554 0.00347712 0.028176 0.000547427 0.087913 0.00434024 0.0245996 -0.000163588 0.0602652 0.00247418 0.101847 0.00631521 0.101892 0.00617582 
1664 0.0177884 0.00843232 -0.00843232 0.00188939 0.00389067 -0.00389067 0.0075729 0.0104132 -0.0104132 0.00205442 0.0108159 -0.0108159 0.00125283 0.0063861 -0.0063861 0.00247747 0.00340047 -0.00340047 0.0119397 0.00746391 -0.0074639 0.0056949 0.0106577 -0.0106577 0.00584865 0.0106311 -0.0106311 0.0667871 0.00321474 0.0251873 0.000322243 0.0813321 0.00377108 0.020604 -0.000281714 0.0550173 0.00211855 0.0963419 0.00629291 0.0964094 0.00608102 
1696 0.0176096 0.00750069 -0.00750068 0.00187989 0.00367529 -0.0036753 0.00742956 0.00912527 -0.00912527 0.00202317 0.00945151 -0.00945151 0.00123649 0.00471217 -0.00471217 0.00255419 0.00305447 -0.00305447 0.0118636 0.00657579 -0.00657579 0.00559435 0.00942879 -0.0094288 0.00574597 0.00955692 -0.00955692 0.0594013 0.00250618 0.0208036 0.000372978 0.0720485 0.00300364 0.016425 -0.00017897 0.0479915 0.00171422 0.0879524 0.00482206 0.0880802 0.00465619 
1728 0.0180289 0.00710992 -0.00710992 0.00204847 0.00324386 -0.00324386 0.00751566 0.00889724 -0.00889723 0.00200694 0.00890326 -0.00890326 0.00127287 0.00537397 -0.00537397 0.00265825 0.00198325 -0.00198324 0.0122224 0.00611171 -0.00611171 0.0056642 0.00928351 -0.00928351 0.00580654 0.00938226 -0.00938227 0.0512884 0.00188118 0.0170362 0.00042804 0.0620203 0.00225021 0.012914 -0.000138469 0.0408157 0.00132792 0.0776731 0.00357453 0.0776866 0.00340819 
1760 0.0184225 0.00733039 -0.00733039 0.00214219 0.00435442 -0.00435443 0.0076501 0.00873161 -0.00873161 0.00197186 0.00808907 -0.00808907 0.00131685 0.00520883 -0.00520883 0.00283266 0.00381868 -0.00381868 0.0126249 0.00664579 -0.00664579 0.00563343 0.00893561 -0.00893562 0.00579756 0.00892856 -0.00892857 0.0430551 0.00105176 0.0138654 -0.000374917 0.0515171 0.00115088 0.00969395 -0.000261661 0.0335643 0.000505085 0.0669391 0.00280084 0.0670319 0.00259848 
1792 0.0190839 0.00698649 -0.00698649 0.0022624 0.00411408 -0.00411409 0.00786906 0.00811924 -0.00811923 0.00206401 0.00772075 -0.00772075 0.00142374 0.00522093 -0.00522093 0.00301283 0.00449543 -0.00449542 0.0131443 0.00650613 -0.00650613 0.00579305 0.00801447 -0.00801447 0.00593964 0.00799671 -0.00799671 0.0353657 0.000765144 0.0105658 0.000118682 0.0422786 0.00105023 0.00685518 -0.000289705 0.0271447 0.000538777 0.0560753 0.00169697 0.0561808 0.00152236 
1824 0.0192676 0.00682529 -0.00682528 0.00228987 0.00380966 -0.00380966 0.00792536 0.00832298 -0.00832298 0.00201904 0.00723075 -0.00723075 0.00142354 0.00476966 -0.00476966 0.00307518 0.00390614 -0.00390614 0.0132904 0.0063249 -0.0063249 0.00584081 0.00804405 -0.00804405 0.0059772 0.00802992 -0.00802992 0.028558 0.000427814 0.00780658 0.000220975 0.0343044 0.000539845 0.00484979 2.63796e-05 0.0217238 0.000378273 0.0458267 0.000800378 0.0458668 0.000667143 
1856 0.0201353 0.00647177 -0.00647177 0.00235484 0.0029902 -0.00299021 0.00832508 0.0078842 -0.0078842 0.00209152 0.00759272 -0.00759273 0.00148244 0.00486272 -0.00486272 0.00328194 0.00356749 -0.00356748 0.0139619 0.00582237 -0.00582237 0.00602645 0.00778201 -0.00778202 0.00617342 0.00781251 -0.00781251 0.0235577 -7.80807e-05 0.00726803 9.79048e-05 0.0274203 -0.00010405 0.0034747 -0.000539712 0.0174361 -0.000146674 0.0391357 0.000354667 0.0391403 0.00020159 
1888 0.0203874 0.00657028 -0.00657028 0.00240544 0.00301571 -0.00301571 0.00853623 0.00814419 -0.00814419 0.00207625 0.00703189 -0.00703189 0.00143633 0.00546308 -0.00546308 0.00331334 0.0036356 -0.0036356 0.014255 0.00604684 -0.00604684 0.00597358 0.00787197 -0.00787198 0.00613238 0.00779853 -0.00779854 0.0191234 -0.000181106 0.00533797 -0.000374646 0.0224136 -0.000188224 0.001623 -0.000707432 0.0138108 -0.000340747 0.0326071 0.000472934 0.0325872 0.000347793 
1920 0.02069 0.00611328 -0.00611328 0.0025051 0.0034161 -0.0034161 0.00874324 0.00769043 -0.00769042 0.00210384 0.00541644 -0.00541644 0.00151815 0.00491754 -0.00491754 0.00331972 0.00316364 -0.00316364 0.0145681 0.00572841 -0.0057284 0.00598078 0.00695718 -0.00695718 0.00612191 0.0070243 -0.0070243 0.0161051 -7.53476e-05 0.00478938 0.000588792 0.018581 -0.00041435 0.00130819 -0.000592832 0.0115265 -0.000248182 0.0278357 0.000516301 0.0278628 0.000407269 
1952 0.0210237 0.00603542 -0.00603542 0.00250799 0.0032478 -0.00324781 0.00875505 0.00743201 -0.00743201 0.00220473 0.00697398 -0.00697398 0.00151889 0.00482873 -0.00482873 0.00340999 0.003143 -0.003143 0.014673 0.00550158 -0.00550158 0.00619868 0.00730448 -0.00730448 0.00635071 0.00723344 -0.00723344 0.0141717 6.94484e-05 0.00308556 0.000496995 0.0160935 -0.000501176 0.00227455 -0.000162689 0.0100988 -0.000204902 0.0245488 0.00105991 0.0246711 0.000916857 
1984 0.0211345 0.00534964 -0.00534964 0.00253781 0.0021559 -0.0021559 0.00868424 0.0067702 -0.0067702 0.00219511 0.00623826 -0.00623826 0.0015739 0.00389615 -0.00389615 0.00343754 0.00272233 -0.00272233 0.0146596 0.00481724 -0.00481724 0.00631387 0.0065833 -0.0065833 0.00647491 0.00656397 -0.00656397 0.0134074 1.46661e-05 0.00351326 0.000513497 0.015056 -0.000447991 0.00202981 -0.000194072 0.00956426 -0.000193851 0.0231748 0.000821636 0.0233719 0.000632287 
2016 0.0213609 0.00485252 -0.00485251 0.00265053 0.00163565 -0.00163566 0.008832 0.0059161 -0.0059161 0.0022303 0.00523706 -0.00523706 0.00163675 0.00455352 -0.00455352 0.00343497 0.00226538 -0.00226538 0.0149175 0.00410121 -0.00410121 0.00628664 0.00671429 -0.0067143 0.00644341 0.00671179 -0.0067118 0.0126752 8.67331e-05 0.00265073 0.000217891 0.0146485 -0.000471619 0.00251373 -0.000415791 0.00923696 -0.000293362 0.0212323 0.00128873 0.0214808 0.00114611 
2048 0.0213192 0.00461138 -0.00461138 0.00269954 0.00243246 -0.00243246 0.00868642 0.00524096 -0.00524096 0.00224099 0.00512751 -0.00512752 0.00165648 0.00288291 -0.00288291 0.00348388 0.00158168 -0.00158168 0.0148698 0.00374185 -0.00374185 0.00629856 0.00666071 -0.00666072 0.00644935 0.00666908 -0.00666908 0.0127348 0.000250322 0.00361679 0.000206744 0.0146567 -6.56703e-05 0.00260501 -0.000574408 0.00949334 -0.000125032 0.020907 0.0014884 0.021113 0.0013437 
2080 0.0213589 0.00442456 -0.00442456 0.00258052 0.00202913 -0.00202914 0.00873563 0.00526692 -0.00526692 0.00215501 0.005547 -0.005547 0.00157731 0.00332582 -0.00332583 0.00361748 0.00195125 -0.00195125 0.0149336 0.00376447 -0.00376447 0.00626628 0.00581928 -0.00581928 0.00642531 0.00583818 -0.00583818 0.0128782 4.77657e-05 0.00360865 0.000251146 0.0146927 -0.00027412 0.00292505 -7.75424e-05 0.00954827 -0.000106372 0.0212683 0.000711993 0.0213727 0.000622979 
2112 0.0214637 0.00359156 -0.00359155 0.00260549 0.00119406 -0.00119406 0.00877757 0.00417587 -0.00417587 0.00222945 0.00382637 -0.00382637 0.00159646 0.00287084 -0.00287084 0.00367434 0.000932156 -0.000932151 0.0150574 0.00278727 -0.00278727 0.00624039 0.00530251 -0.00530251 0.00640625 0.00541026 -0.00541026 0.0134304 0.000107841 0.00368077 -8.20332e-05 0.0156067 1.34877e-05 0.00334127 -9.35286e-05 0.0102313 -4.28656e-06 0.0216317 0.000715737 0.0217568 0.000534031 
2144 0.0214981 0.00326057 -0.00326056 0.00267238 0.000820178 -0.000820182 0.00880663 0.00363564 -0.00363564 0.00219902 0.00428608 -0.00428607 0.00162461 0.00306354 -0.00306354 0.00363652 0.00114202 -0.00114202 0.0151155 0.0024171 -0.00241709 0.00620463 0.0050566 -0.0050566 0.0063826 0.00517325 -0.00517325 0.0132862 0.000165893 0.0027758 0.000649619 0.0155395 5.07351e-05 0.00339929 -0.000360314 0.0100509 0.000105413 0.0215123 0.000638089 0.021585 0.000473058 
2176 0.021376 0.00321247 -0.00321246 0.00267586 0.000764323 -0.000764324 0.00869218 0.0039889 -0.00398889 0.0021489 0.00404649 -0.00404649 0.00155287 0.000748321 -0.000748321 0.0036685 0.00134658 -0.00134657 0.0150366 0.00261046 -0.00261046 0.00616902 0.00450668 -0.00450668 0.00633944 0.00451388 -0.00451389 0.0133035 -4.36323e-05 0.00289237 0.000368412 0.0158667 -0.00014802 0.00343303 2.23773e-05 0.0102138 2.31073e-05 0.0209983 0.000155131 0.0211648 -2.7378e-05 
2208 0.02137 0.00297598 -0.00297598 0.00268239 0.000668983 -0.000668984 0.00873224 0.00376036 -0.00376036 0.00216879 0.00209375 -0.00209375 0.00158241 0.000384402 -0.0003844 0.00368925 0.000473699 -0.000473701 0.0151039 0.00232035 -0.00232035 0.00611333 0.0044234 -0.00442341 0.00626612 0.00445136 -0.00445136 0.0131155 -0.000152436 0.00324446 0.000385255 0.0159415 -0.000373353 0.00290581 -0.000338316 0.0101936 -0.000195974 0.0203737 0.000261174 0.0205599 0.000100197 
2240 0.0216635 0.00286779 -0.00286778 0.00275933 0.000745662 -0.000745663 0.00865471 0.00337213 -0.00337212 0.00218265 0.00211655 -0.00211654 0.00162366 0.00262868 -0.00262868 0.00382265 0.00113375 -0.00113374 0.0152367 0.00223328 -0.00223328 0.00626882 0.00413938 -0.00413939 0.00642683 0.00414402 -0.00414402 0.0135266 2.74408e-05 0.00289364 0.000339744 0.0162991 0.000109988 0.00339681 -0.000192403 0.0104776 7.195e-05 0.0212473 0.000245964 0.0213783 0.000175926 
2272 0.0217482 0.00246585 -0.00246585 0.00276886 0.000703955 -0.000703957 0.008678 0.00256314 -0.00256314 0.00219578 0.00190319 -0.00190319 0.0016684 0.00154121 -0.00154121 0.00378412 0.000932936 -0.000932929 0.015231 0.00172408 -0.00172408 0.00635508 0.00418603 -0.00418604 0.00651725 0.00420337 -0.00420337 0.0132491 0.000156228 0.00287947 0.000915475 0.0158688 6.17765e-05 0.00326739 -0.000536642 0.0101345 7.81929e-05 0.0210122 0.000627554 0.0211836 0.000580668 
2304 0.0214277 0.00197609 -0.00197609 0.00276684 0.00163832 -0.00163832 0.00856668 0.0025199 -0.0025199 0.00217734 0.00117475 -0.00117475 0.00156255 0.000511684 -0.000511683 0.00378143 -5.71802e-05 5.71872e-05 0.015115 0.00159056 -0.00159056 0.00615349 0.00278566 -0.00278567 0.00631277 0.00285106 -0.00285106 0.0132395 0.000168337 0.00311942 0.000240781 0.0159155 0.000546375 0.00291661 -0.000366257 0.0101223 0.00023657 0.0211881 0.000228807 0.0212877 0.000164541 
2336 0.021596 0.00196202 -0.00196201 0.00285592 0.00143921 -0.00143921 0.00862005 0.00242575 -0.00242575 0.00210428 0.00177879 -0.00177879 0.00163659 0.000728271 -0.00072827 0.00386874 -7.02e-07 7.05944e-07 0.0153447 0.00154325 -0.00154324 0.00611188 0.00286879 -0.00286879 0.00625129 0.00299129 -0.00299129 0.0129201 0.000151679 0.00309491 0.000914516 0.0156414 0.000179063 0.002883 -0.000159804 0.00999319 0.000241363 0.020433 0.000190216 0.0204746 0.000114566 
2368 0.0214449 0.00128475 -0.00128474 0.00283375 -0.000795677 0.000795671 0.00855989 0.00213962 -0.00213962 0.00213824 0.000490322 -0.000490323 0.00167434 -0.000570915 0.000570915 0.00379454 -7.88493e-05 7.8854e-05 0.0151882 0.000982082 -0.000982085 0.00609823 0.00181469 -0.0018147 0.00625672 0.0018924 -0.0018924 0.0130887 0.000159709 0.00365964 0.000619831 0.0157681 0.000165013 0.00327015 1.08693e-05 0.01028 0.000205961 0.0201643 0.0003369 0.0202884 0.000258132 
2400 0.0215514 0.0011142 -0.0011142 0.00288502 0.000772168 -0.000772173 0.00855632 0.00152285 -0.00152285 0.00217662 0.00175644 -0.00175644 0.00171506 0.0020808 -0.0020808 0.00377848 -0.000156141 0.000156144 0.0152198 0.000848887 -0.000848882 0.00616826 0.00155112 -0.00155112 0.00633159 0.00161678 -0.00161678 0.0130127 0.00010984 0.00356187 0.000315378 0.0159369 0.000285121 0.00314679 -0.00026293 0.0102896 0.00017252 0.0199317 0.000265316 0.0199431 0.00016997 
2432 0.0216511 0.00108121 -0.00108121 0.00288976 2.07536e-05 -2.07544e-05 0.00863621 0.00168354 -0.00168354 0.00217136 0.00180317 -0.00180317 0.00169427 0.00141496 -0.00141496 0.00385205 -8.63477e-05 8.63512e-05 0.015378 0.000870609 -0.000870611 0.00611467 0.00138912 -0.00138913 0.00627306 0.00145526 -0.00145526 0.0128093 3.40485e-05 0.00335165 0.000282167 0.0155013 0.000221197 0.00313633 -0.000344061 0.0100144 0.000140956 0.0198622 -9.84902e-05 0.0198853 -0.000154909 
2464 0.0217739 0.000818857 -0.000818849 0.00281986 0.000122257 -0.00012226 0.00861164 0.00149394 -0.00149394 0.00215174 0.00154414 -0.00154414 0.00167617 0.00169887 -0.00169887 0.00395662 -0.00121398 0.00121399 0.0153881 0.000461238 -0.000461237 0.00623241 0.0015617 -0.0015617 0.0063858 0.00156476 -0.00156476 0.013022 0.00022729 0.00339456 0.00081347 0.0156618 -0.00029892 0.00319147 -0.000181305 0.010104 -3.46571e-05 0.0205302 0.00113005 0.0205096 0.00105537 
2496 0.0219812 0.000768178 -0.000768175 0.0028795 -6.66092e-05 6.66064e-05 0.00870507 0.00133279 -0.00133279 0.00225172 0.00111566 -0.00111566 0.00170882 0.00165208 -0.00165208 0.00391234 -0.000329324 0.000329329 0.0154969 0.000670512 -0.000670509 0.00631666 0.00095883 -0.000958835 0.00648424 0.0008979 -0.000897902 0.0127662 0.000193798 0.00381459 0.000777804 0.0155269 5.66965e-05 0.00350672 -0.000337951 0.0102159 0.000112871 0.0191994 0.000594116 0.0192485 0.000560992 
2528 0.0219187 0.000712762 -0.00071276 0.00288004 0.000294973 -0.000294975 0.00869482 0.00154654 -0.00154654 0.00224649 0.000503011 -0.000503013 0.00169661 0.0014151 -0.0014151 0.0039133 -0.00106796 0.00106797 0.0154882 0.000568937 -0.000568939 0.00626959 0.000969164 -0.000969168 0.0064305 0.000924962 -0.000924964 0.012621 0.000389464 0.00362446 0.00106743 0.0151954 0.000251872 0.00310013 -0.000435248 0.00991009 0.000244121 0.0195182 0.00104466 0.0196011 0.000921216 
2560 0.0220069 0.000511885 -0.000511879 0.00296665 -0.000486041 0.00048604 0.00869497 0.00102177 -0.00102177 0.00223255 -8.4747e-05 8.47503e-05 0.00167818 0.000294308 -0.000294305 0.00392836 -0.000398267 0.000398272 0.01559 0.000338398 -0.000338394 0.0062605 0.000882383 -0.00088239 0.00641696 0.000807887 -0.000807891 0.0123821 0.000363194 0.00271234 0.000927748 0.0150286 -4.87659e-05 0.00262688 -0.000429474 0.00953634 7.09402e-05 0.0196599 0.00133374 0.0197225 0.00124494 
2592 0.021869 0.000339283 -0.000339282 0.00293118 -0.00107753 0.00107753 0.00863079 0.000986731 -0.00098673 0.00221353 0.00114963 -0.00114963 0.00172344 0.000487475 -0.000487475 0.0039077 -0.00051589 0.000515895 0.0154697 0.000158633 -0.00015863 0.00625705 0.0008417 -0.000841704 0.0063993 0.000796778 -0.000796779 0.0120804 0.000377911 0.00339318 0.00062553 0.0146923 -0.000110357 0.00289351 -0.000247292 0.00951292 3.9355e-06 0.018589 0.00140882 0.0186354 0.00138999 
2624 0.0218953 0.000588633 -0.000588628 0.00295783 -0.00026715 0.000267149 0.0086504 0.00122758 -0.00122758 0.00219244 0.000460345 -0.000460345 0.00162365 0.000595809 -0.00059581 0.00392887 -0.000703444 0.000703446 0.0155371 0.000352186 -0.000352183 0.0062071 0.00098396 -0.000983966 0.00635817 0.00105839 -0.00105839 0.0117083 0.000317878 0.0027563 0.000291919 0.0140183 3.37885e-05 0.002547 5.3136e-05 0.00895261 0.000102789 0.0187778 0.0010259 0.0187911 0.000963857 
2656 0.0217811 -0.000236943 0.000236949 0.00289407 -0.00109213 0.00109213 0.00876615 0.00036291 -0.000362904 0.00216154 0.000588956 -0.000588952 0.0016413 -0.000731766 0.000731767 0.00392059 -0.00110014 0.00110014 0.0155808 -0.000360487 0.000360486 0.00604643 -3.65361e-05 3.65291e-05 0.00620029 1.55426e-05 -1.55447e-05 0.0118072 0.000135023 0.0036825 2.54916e-05 0.0142391 -0.000273046 0.00225093 -0.000426083 0.00920738 -0.000208192 0.01848 0.00116161 0.0185002 0.00106403 
2688 0.0219005 -7.98659e-05 7.98725e-05 0.00293137 -0.00133494 0.00133494 0.00860338 0.000793198 -0.000793193 0.00221726 1.45805e-05 -1.45794e-05 0.00172813 -0.000438629 0.00043863 0.00401443 -0.00145602 0.00145603 0.0155492 -0.000295616 0.00029562 0.0062123 0.000268267 -0.000268266 0.00635136 0.000338438 -0.000338435 0.0113293 0.00031408 0.00349198 0.000123315 0.0137502 0.000117879 0.00209169 -0.000566019 0.00879246 -4.50651e-05 0.0178662 0.0014417 0.0178936 0.00131096 
2720 0.0221181 -0.000198911 0.000198914 0.00303571 -0.00024372 0.000243716 0.00859515 0.000219788 -0.000219785 0.00222724 -0.000758923 0.000758926 0.00173319 0.00014449 -0.000144489 0.00409415 -0.00125136 0.00125136 0.015725 -0.000301321 0.000301324 0.00624933 -0.00016742 0.00016742 0.0063931 -0.000145467 0.000145468 0.0115243 0.000486515 0.00301704 0.000593703 0.0141789 0.000391647 0.00281935 -0.000184831 0.00912969 0.000308912 0.017778 0.00104308 0.0177809 0.000971235 
2752 0.022107 -7.16396e-05 7.16457e-05 0.00290351 -0.00130821 0.0013082 0.0087251 0.00068967 -0.000689667 0.00221015 0.000954932 -0.000954931 0.00171624 -0.00139762 0.00139762 0.00412724 -0.00187517 0.00187517 0.0157558 -0.000463789 0.000463791 0.00620156 0.000734178 -0.000734182 0.00635117 0.000804618 -0.00080462 0.0111947 0.000348849 0.003072 0.0010631 0.0139958 0.000165875 0.00202349 3.31145e-05 0.00884106 0.0003004 0.0172627 0.000714826 0.0172636 0.000594569 
2784 0.0221414 3.06513e-05 -3.06524e-05 0.00298658 -4.80163e-05 4.80171e-05 0.00874275 0.000131152 -0.000131154 0.00220021 0.000443867 -0.000443867 0.0017322 0.000829084 -0.000829084 0.00407649 -0.000904773 0.000904779 0.0158058 -0.000255604 0.000255604 0.00617925 0.00059321 -0.00059321 0.00633558 0.000620137 -0.000620138 0.0113428 0.000226718 0.00321041 0.000827745 0.0140928 -5.25728e-05 0.00247016 -0.000628819 0.0090147 -6.68883e-05 0.0174162 0.00120874 0.0173813 0.00113034 
2816 0.0221471 -9.98932e-05 9.98975e-05 0.00295121 -0.00137092 0.00137091 0.00881487 0.000169782 -0.000169778 0.00222921 0.000377389 -0.000377387 0.00169034 -0.00136824 0.00136824 0.00392982 -0.00101388 0.00101388 0.0156959 -0.000573134 0.000573139 0.00629517 0.00102699 -0.00102699 0.00645122 0.00104907 -0.00104907 0.0109237 0.000218263 0.00298483 0.000339464 0.0135359 -5.11248e-05 0.0021817 -4.91676e-05 0.00861991 3.59756e-05 0.0168275 0.000911606 0.016837 0.000877263 
2848 0.0221463 -0.000563565 0.000563567 0.00293757 -0.000928469 0.000928466 0.00867596 -0.000416116 0.000416117 0.00223954 -0.000462475 0.000462476 0.00169839 0.000249763 -0.000249761 0.00408 -0.00126811 0.00126811 0.0156935 -0.000858134 0.000858135 0.00629536 8.02406e-05 -8.02444e-05 0.00645279 5.56087e-05 -5.56114e-05 0.0109629 0.000314912 0.00240265 -3.10978e-05 0.0135737 0.000288152 0.00257044 -0.000118776 0.00861996 0.000156904 0.0169644 0.000864679 0.0169887 0.000833577 
2880 0.0222143 -0.000311476 0.000311478 0.0030119 0.000370759 -0.000370763 0.00866728 -0.000155778 0.00015578 0.00219777 -0.000428661 0.000428661 0.00167414 0.000411089 -0.000411091 0.0040806 -0.00220562 0.00220562 0.0157598 -0.000635758 0.000635759 0.00630312 0.000376882 -0.000376887 0.00645456 0.000289463 -0.000289466 0.0106656 0.000482124 0.00236226 0.00106557 0.0134116 0.000303352 0.00228321 -0.000333404 0.00849505 0.000276493 0.0161311 0.00118865 0.0162264 0.00115161 
2912 0.0220915 -0.000629453 0.000629456 0.00297718 -0.000993855 0.00099385 0.00872231 -0.000254548 0.000254553 0.00217427 -0.00101904 0.00101904 0.0016723 -0.000995764 0.000995765 0.00406882 -0.00204745 0.00204745 0.0157683 -0.000900353 0.000900354 0.00617647 -8.79714e-05 8.79689e-05 0.00632322 -6.95705e-05 6.95707e-05 0.0108188 0.00057088 0.0028476 0.00121076 0.013187 0.000270061 0.00261652 -0.000306254 0.0085462 0.000325649 0.0164658 0.00149622 0.0166155 0.00139219 
2944 0.0219935 -0.000363448 0.000363455 0.00293605 -0.00101333 0.00101333 0.0086549 -0.00027314 0.000273144 0.00218662 0.000496264 -0.000496261 0.00170486 -0.000465047 0.000465048 0.00408806 -0.0014948 0.00149481 0.015679 -0.00073325 0.000733261 0.00616069 0.000450302 -0.000450308 0.00631453 0.000464061 -0.000464064 0.010576 0.000396702 0.00286989 0.000284367 0.012517 0.00040458 0.0030834 -3.23377e-05 0.0082722 0.000269826 0.016436 0.00094711 0.0164843 0.000890989 
2976 0.0221472 -0.000642792 0.000642794 0.00304723 -0.00164664 0.00164664 0.00864239 -0.000637478 0.000637479 0.00219447 -0.000141595 0.000141595 0.00182201 -0.00138535 0.00138535 0.00414976 -0.00125747 0.00125748 0.0158394 -0.00103965 0.00103965 0.0061719 0.000224347 -0.000224351 0.00630777 0.000215271 -0.000215269 0.0102108 0.000468351 0.00268018 0.000701565 0.0122394 5.08238e-05 0.00271471 -6.45652e-06 0.00801841 0.000187654 0.0156697 0.00140365 0.0157365 0.00136156 
3008 0.0220591 -0.000957431 0.000957435 0.00300605 -0.00165268 0.00165268 0.00869928 -0.000862245 0.00086225 0.00213761 -0.00165114 0.00165114 0.00173777 0.000654808 -0.000654805 0.00404788 -0.0010571 0.0010571 0.0157532 -0.00116827 0.00116828 0.00614956 -0.000482814 0.000482813 0.00630585 -0.000432979 0.000432979 0.010497 0.000165383 0.00327944 0.000118977 0.0125586 0.000109746 0.00224553 -0.00026959 0.00819473 5.46385e-05 0.016191 0.000539201 0.0163122 0.000528518 
3040 0.0222272 -0.00060668 0.000606686 0.00302999 -0.0023337 0.00233369 0.00878835 -5.82518e-05 5.82552e-05 0.0021614 -0.0013541 0.0013541 0.00181154 0.000432532 -0.000432533 0.00414013 -0.00102922 0.00102923 0.0159585 -0.000814017 0.000814018 0.00612046 -0.000256221 0.00025622 0.00626876 -0.000157584 0.000157584 0.0104712 0.000474885 0.00354323 0.000841241 0.0120784 0.000230687 0.0031327 -5.70605e-05 0.00813517 0.000278141 0.016255 0.00111001 0.0163765 0.00105891 
3072 0.0221658 -0.000615261 0.000615267 0.00301727 -0.00092794 0.000927939 0.00867136 -0.000432906 0.000432908 0.00216147 -0.00139549 0.00139549 0.00171739 -0.000695061 0.00069506 0.0041406 -0.000680521 0.000680523 0.0158292 -0.000653996 0.000653993 0.00618901 -0.000534769 0.000534765 0.00633653 -0.000481895 0.000481892 0.0102794 0.000173463 0.00298206 0.000352222 0.0124717 0.000290663 0.00213063 -0.000649195 0.00801447 6.2942e-05 0.0158102 0.000491423 0.0158954 0.000495979 
3104 0.0221857 -0.000870051 0.000870055 0.00297331 -0.000155522 0.000155515 0.00867113 -0.000725788 0.00072579 0.00221781 -1.70407e-05 1.70441e-05 0.00171837 -0.00102692 0.00102693 0.00408335 -0.00157236 0.00157236 0.0157278 -0.000940133 0.000940139 0.00630086 -0.000873162 0.000873154 0.00645786 -0.000844461 0.000844458 0.0099765 0.00041876 0.00324751 0.000775797 0.0123257 0.000431669 0.000982896 -0.000345973 0.00767937 0.000318411 0.0157784 0.000763747 0.0158502 0.000710771 
3136 0.0222109 -0.00102124 0.00102125 0.00304922 2.19259e-05 -2.1931e-05 0.00865488 -0.00125852 0.00125852 0.00225521 -0.00172544 0.00172544 0.00176999 -0.000725817 0.000725819 0.00413245 -0.00135934 0.00135934 0.0158366 -0.00111762 0.00111762 0.00620787 -0.000924984 0.000924982 0.00637439 -0.000778309 0.000778309 0.00998321 0.00037505 0.00328219 0.000372525 0.0119976 0.000603627 0.0015956 -0.000312434 0.00766837 0.000356589 0.0158514 0.000491522 0.0158775 0.000471685 
3168 0.0222107 -0.00106934 0.00106935 0.00298329 -0.00154342 0.00154342 0.00883369 -0.000493278 0.000493283 0.00216003 -0.00117467 0.00117467 0.0017877 -0.000993829 0.000993831 0.00413405 -0.00160003 0.00160004 0.015951 -0.00107351 0.00107351 0.00609856 -0.00124839 0.00124839 0.0062597 -0.00114797 0.00114797 0.0100914 0.000263975 0.00372736 0.000197231 0.0118016 0.000360634 0.00281241 -0.000528168 0.00799686 0.000131582 0.0152836 0.000710907 0.015467 0.000658021 
