0.01  0
0.02  0
0.03  0
0.04  0
0.05  0
0.06  0
0.07  0
0.08  0
0.09  0
0.1  0
0.11  0
0.12  0
0.13  0
0.14  0
0.15  0
0.16  0
0.17  0
0.18  0
0.19  0
0.2  0
0.21  0
0.22  0
0.23  0
0.24  0
0.25  0
0.26  0
0.27  0
0.28  0
0.29  0
0.3  0
0.31  0
0.32  0
0.33  0
0.34  0
0.35  0
0.36  0
0.37  0
0.38  0
0.39  0
0.4  0
0.41  0
0.42  0
0.43  0
0.44  0
0.45  0
0.46  0
0.47  0
0.48  0
0.49  0
0.5  0
0.51  0
0.52  0
0.53  0
0.54  0
0.55  0
0.56  0
0.57  0
0.58  0
0.59  0
0.6  0
0.61  0
0.62  0
0.63  0
0.64  0
0.65  0
0.66  0
0.67  0
0.68  0
0.69  0
0.7  0
0.71  0
0.72  0
0.73  0
0.74  0
0.75  0
0.76  0
0.77  0
0.78  0
0.79  0
0.8  0
0.81  0
0.82  0
0.83  0
0.84  0
0.85  0
0.86  0
0.87  0
0.88  0
0.89  0
0.9  0
0.91  0
0.92  0
0.93  0
0.94  0
0.95  0
0.96  0
0.97  0
0.98  0
0.99  0
1  0
1.01  0
1.02  0
1.03  0
1.04  0
1.05  0
1.06  0
1.07  0
1.08  0
1.09  0
1.1  0
1.11  0
1.12  0
1.13  0
1.14  0
1.15  0
1.16  0
1.17  0
1.18  0
1.19  0
1.2  0
1.21  0
1.22  0
1.23  0
1.24  0
1.25  0
1.26  0
1.27  0
1.28  0
1.29  0
1.3  0
1.31  0
1.32  0
1.33  0
1.34  0
1.35  0
1.36  0
1.37  0
1.38  0
1.39  0
1.4  0
1.41  0
1.42  0
1.43  0
1.44  0
1.45  0
1.46  0
1.47  0
1.48  0
1.49  0
1.5  0
1.51  0
1.52  0
1.53  0
1.54  0
1.55  0
1.56  0
1.57  0
1.58  0
1.59  0
1.6  0
1.61  0
1.62  0
1.63  0
1.64  0
1.65  0
1.66  0
1.67  0
1.68  0
1.69  0
1.7  0
1.71  0
1.72  0
1.73  0
1.74  0
1.75  0
1.76  0
1.77  0
1.78  0
1.79  0
1.8  0
1.81  0
1.82  0
1.83  0
1.84  0
1.85  0
1.86  0
1.87  0
1.88  0
1.89  0
1.9  0
1.91  0
1.92  0
1.93  0
1.94  0
1.95  0
1.96  0
1.97  0
1.98  0
1.99  0
2  0
2.01  0
2.02  0
2.03  0
2.04  0
2.05  0
2.06  0
2.07  0
2.08  0
2.09  0
2.1  0
2.11  0
2.12  0
2.13  0
2.14  0
2.15  0
2.16  0
2.17  0
2.18  0
2.19  0
2.2  0
2.21  0
2.22  0
2.23  0
2.24  0
2.25  0
2.26  0
2.27  0
2.28  0
2.29  0
2.3  0
2.31  0
2.32  0
2.33  0
2.34  0
2.35  0.000274918
2.36  0.000817778
2.37  0.000810891
2.38  0.00214424
2.39  0.00292371
2.4  0.00474447
2.41  0.00679638
2.42  0.010629
2.43  0.013627
2.44  0.024226
2.45  0.0343989
2.46  0.0486709
2.47  0.0736607
2.48  0.0977529
2.49  0.128313
2.5  0.165912
2.51  0.209898
2.52  0.257247
2.53  0.318547
2.54  0.380052
2.55  0.454361
2.56  0.546726
2.57  0.656723
2.58  0.771159
2.59  0.883359
2.6  1.00527
2.61  1.15069
2.62  1.2994
2.63  1.43792
2.64  1.59108
2.65  1.7261
2.66  1.85176
2.67  1.98274
2.68  2.09924
2.69  2.22004
2.7  2.32566
2.71  2.40487
2.72  2.4929
2.73  2.57612
2.74  2.65017
2.75  2.71425
2.76  2.77155
2.77  2.78679
2.78  2.80312
2.79  2.79906
2.8  2.79653
2.81  2.78339
2.82  2.76254
2.83  2.7203
2.84  2.66485
2.85  2.61758
2.86  2.55588
2.87  2.50473
2.88  2.43832
2.89  2.38675
2.9  2.31977
2.91  2.26065
2.92  2.17468
2.93  2.10185
2.94  2.04402
2.95  1.97715
2.96  1.91321
2.97  1.85388
2.98  1.79581
2.99  1.7344
3  1.68338
3.01  1.62714
3.02  1.58109
3.03  1.54074
3.04  1.48248
3.05  1.44389
3.06  1.40188
3.07  1.34105
3.08  1.30899
3.09  1.27732
3.1  1.2337
3.11  1.18387
3.12  1.15009
3.13  1.11331
3.14  1.08729
3.15  1.05377
3.16  1.01899
3.17  1.00471
3.18  0.975282
3.19  0.944858
3.2  0.927989
3.21  0.923101
3.22  0.907419
3.23  0.896861
3.24  0.879185
3.25  0.86099
3.26  0.855288
3.27  0.844953
3.28  0.831341
3.29  0.82377
3.3  0.820877
3.31  0.811905
3.32  0.80716
3.33  0.803414
3.34  0.806504
3.35  0.80562
3.36  0.799487
3.37  0.793814
3.38  0.797895
3.39  0.804688
3.4  0.799961
3.41  0.79854
3.42  0.799589
3.43  0.800224
3.44  0.791858
3.45  0.797862
3.46  0.79985
3.47  0.80546
3.48  0.812998
3.49  0.809842
3.5  0.808814
3.51  0.814934
3.52  0.816437
3.53  0.814011
3.54  0.822624
3.55  0.817996
3.56  0.822991
3.57  0.817076
3.58  0.814532
3.59  0.815183
3.6  0.817807
3.61  0.814913
3.62  0.816326
3.63  0.821858
3.64  0.821703
3.65  0.827463
3.66  0.822381
3.67  0.83425
3.68  0.836001
3.69  0.8385
3.7  0.846727
3.71  0.853972
3.72  0.863428
3.73  0.865463
3.74  0.869524
3.75  0.874177
3.76  0.887038
3.77  0.88063
3.78  0.885115
3.79  0.890596
3.8  0.896009
3.81  0.903445
3.82  0.901842
3.83  0.901072
3.84  0.903796
3.85  0.897777
3.86  0.898023
3.87  0.909912
3.88  0.906033
3.89  0.909508
3.9  0.913334
3.91  0.910456
3.92  0.917672
3.93  0.923134
3.94  0.92442
3.95  0.93765
3.96  0.947539
3.97  0.951151
3.98  0.968711
3.99  0.973492
4  0.972807
4.01  0.988638
4.02  0.990584
4.03  1.00278
4.04  1.01289
4.05  1.01438
4.06  1.01473
4.07  1.01461
4.08  1.01702
4.09  1.02395
4.1  1.02799
4.11  1.02803
4.12  1.03637
4.13  1.04008
4.14  1.0371
4.15  1.04048
4.16  1.04461
4.17  1.05471
4.18  1.05601
4.19  1.05677
4.2  1.06113
4.21  1.06106
4.22  1.05723
4.23  1.05275
4.24  1.05682
4.25  1.05707
4.26  1.05537
4.27  1.05218
4.28  1.05158
4.29  1.05766
4.3  1.05997
4.31  1.05252
4.32  1.05156
4.33  1.04882
4.34  1.04463
4.35  1.0408
4.36  1.03403
4.37  1.03233
4.38  1.02809
4.39  1.0216
4.4  1.01508
4.41  1.01454
4.42  1.01283
4.43  1.01306
4.44  1.01682
4.45  1.01923
4.46  1.02566
4.47  1.02434
4.48  1.02083
4.49  1.02111
4.5  1.01763
4.51  1.01521
4.52  1.01429
4.53  1.00996
4.54  1.00714
4.55  1.00617
4.56  1.00344
4.57  0.99985
4.58  0.996864
4.59  0.989066
4.6  0.986636
4.61  0.991647
4.62  0.985153
4.63  0.994218
4.64  0.990078
4.65  0.983507
4.66  0.983625
4.67  0.984012
4.68  0.981336
4.69  0.981779
4.7  0.98283
4.71  0.981057
4.72  0.98072
4.73  0.975967
4.74  0.977936
4.75  0.981291
4.76  0.976636
4.77  0.972346
4.78  0.978182
4.79  0.976881
4.8  0.976176
4.81  0.9693
4.82  0.972862
4.83  0.966104
4.84  0.959718
4.85  0.952795
4.86  0.947593
4.87  0.947611
4.88  0.944751
4.89  0.939177
4.9  0.930985
4.91  0.932801
4.92  0.928198
4.93  0.926122
4.94  0.922128
4.95  0.926213
4.96  0.926061
4.97  0.923321
4.98  0.91876
4.99  0.920021
5  0.920777
5.01  0.913174
5.02  0.910744
5.03  0.907966
5.04  0.906817
5.05  0.899836
5.06  0.893852
5.07  0.886077
5.08  0.883592
5.09  0.881471
5.1  0.883038
5.11  0.88819
5.12  0.884609
5.13  0.882894
5.14  0.881013
5.15  0.880457
5.16  0.884518
5.17  0.883428
5.18  0.878323
5.19  0.874548
5.2  0.868716
5.21  0.862588
5.22  0.865192
5.23  0.86172
5.24  0.864517
5.25  0.864587
5.26  0.860809
5.27  0.867002
5.28  0.867315
5.29  0.868978
5.3  0.870241
5.31  0.873482
5.32  0.875189
5.33  0.880993
5.34  0.88366
5.35  0.885134
5.36  0.888545
5.37  0.884818
5.38  0.888613
5.39  0.887566
5.4  0.889332
5.41  0.885996
5.42  0.881695
5.43  0.87809
5.44  0.875276
5.45  0.875491
5.46  0.877176
5.47  0.884425
5.48  0.886255
5.49  0.887815
5.5  0.891515
5.51  0.895833
5.52  0.898272
5.53  0.899245
5.54  0.9054
5.55  0.904261
5.56  0.903024
5.57  0.899051
5.58  0.894417
5.59  0.89355
5.6  0.894188
5.61  0.892594
5.62  0.89418
5.63  0.894599
5.64  0.89162
5.65  0.893366
5.66  0.896752
5.67  0.898125
5.68  0.903248
5.69  0.904812
5.7  0.901173
5.71  0.902675
5.72  0.898269
5.73  0.904709
5.74  0.904232
5.75  0.904992
5.76  0.902218
5.77  0.905478
5.78  0.906893
5.79  0.90811
5.8  0.910262
5.81  0.911719
5.82  0.917732
5.83  0.917134
5.84  0.91622
5.85  0.915797
5.86  0.921252
5.87  0.923183
5.88  0.923294
5.89  0.927602
5.9  0.933837
5.91  0.935809
5.92  0.939321
5.93  0.940948
5.94  0.948798
5.95  0.951315
5.96  0.952698
5.97  0.953855
5.98  0.962682
5.99  0.965987
6  0.971205
6.01  0.974028
6.02  0.977959
6.03  0.9781
6.04  0.97761
6.05  0.987572
6.06  0.990309
6.07  0.991952
6.08  0.988158
6.09  0.988314
6.1  0.985565
6.11  0.988768
6.12  0.986269
6.13  0.990811
6.14  0.992177
6.15  0.989555
6.16  0.992986
6.17  0.997468
6.18  1.00251
6.19  1.00561
6.2  1.00956
6.21  1.01009
6.22  1.01858
6.23  1.01942
6.24  1.02029
6.25  1.0171
6.26  1.01885
6.27  1.02148
6.28  1.02331
6.29  1.02616
6.3  1.02566
6.31  1.02801
6.32  1.02473
6.33  1.0249
6.34  1.03013
6.35  1.03562
6.36  1.03402
6.37  1.03467
6.38  1.03307
6.39  1.03367
6.4  1.03656
6.41  1.03654
6.42  1.03497
6.43  1.03374
6.44  1.03093
6.45  1.03164
6.46  1.03176
6.47  1.02741
6.48  1.02526
6.49  1.02387
6.5  1.0228
6.51  1.02231
6.52  1.02618
6.53  1.02795
6.54  1.02836
6.55  1.02936
6.56  1.02633
6.57  1.02589
6.58  1.02663
6.59  1.02285
6.6  1.02432
6.61  1.02414
6.62  1.01897
6.63  1.01883
6.64  1.02548
6.65  1.02566
6.66  1.03015
6.67  1.02761
6.68  1.02399
6.69  1.02578
6.7  1.02329
6.71  1.02318
6.72  1.02457
6.73  1.02311
6.74  1.01787
6.75  1.01502
6.76  1.01441
6.77  1.01821
6.78  1.0226
6.79  1.02065
6.8  1.01916
6.81  1.0182
6.82  1.01492
6.83  1.01452
6.84  1.00877
6.85  1.0064
6.86  1.00231
6.87  0.998754
6.88  0.995307
6.89  0.995586
6.9  0.993373
6.91  0.994855
6.92  0.996801
6.93  0.996518
6.94  0.998157
6.95  0.996764
6.96  0.991645
6.97  0.99277
6.98  0.993293
6.99  0.993126
7  0.992242
7.01  0.986385
7.02  0.986905
7.03  0.983853
7.04  0.981826
7.05  0.980997
7.06  0.982119
7.07  0.981317
7.08  0.977275
7.09  0.975215
7.1  0.974397
7.11  0.974421
7.12  0.96959
7.13  0.968992
7.14  0.966965
7.15  0.966964
7.16  0.969448
7.17  0.968252
7.18  0.971358
7.19  0.972916
7.2  0.969513
7.21  0.967935
7.22  0.969333
7.23  0.970517
7.24  0.972211
7.25  0.972679
7.26  0.971068
7.27  0.970524
7.28  0.969206
7.29  0.962921
7.3  0.966666
7.31  0.965471
7.32  0.963232
7.33  0.962556
7.34  0.960808
7.35  0.9562
7.36  0.955678
7.37  0.948502
7.38  0.948888
7.39  0.954272
7.4  0.949228
7.41  0.949737
7.42  0.950405
7.43  0.948123
7.44  0.94796
7.45  0.948565
7.46  0.946678
7.47  0.949288
7.48  0.946562
7.49  0.942412
7.5  0.946459
7.51  0.944478
7.52  0.94527
7.53  0.945279
7.54  0.945443
7.55  0.947708
7.56  0.949799
7.57  0.953569
7.58  0.951214
7.59  0.949579
7.6  0.946582
7.61  0.949863
7.62  0.947529
7.63  0.948568
7.64  0.945488
7.65  0.944392
7.66  0.944127
7.67  0.941074
7.68  0.943513
7.69  0.94494
7.7  0.9462
7.71  0.947118
7.72  0.947927
7.73  0.946848
7.74  0.948483
7.75  0.948843
7.76  0.944634
7.77  0.943864
7.78  0.945377
7.79  0.946229
7.8  0.943679
7.81  0.945396
7.82  0.943625
7.83  0.945401
7.84  0.945437
7.85  0.945592
7.86  0.94707
7.87  0.948979
7.88  0.947281
7.89  0.947662
7.9  0.950008
7.91  0.945326
7.92  0.946789
7.93  0.947832
7.94  0.949226
7.95  0.947945
7.96  0.950141
7.97  0.951415
7.98  0.952037
7.99  0.95422
8  0.958574
8.01  0.961956
8.02  0.963972
