0.01  0
0.02  0
0.03  0
0.04  0
0.05  0
0.06  0
0.07  0
0.08  0
0.09  0
0.1  0
0.11  0
0.12  0
0.13  0
0.14  0
0.15  0
0.16  0
0.17  0
0.18  0
0.19  0
0.2  0
0.21  0
0.22  0
0.23  0
0.24  0
0.25  0
0.26  0
0.27  0
0.28  0
0.29  0
0.3  0
0.31  0
0.32  0
0.33  0
0.34  0
0.35  0
0.36  0
0.37  0
0.38  0
0.39  0
0.4  0
0.41  0
0.42  0
0.43  0
0.44  0
0.45  0
0.46  0
0.47  0
0.48  0
0.49  0
0.5  0
0.51  0
0.52  0
0.53  0
0.54  0
0.55  0
0.56  0
0.57  0
0.58  0
0.59  0
0.6  0
0.61  0
0.62  0
0.63  0
0.64  0
0.65  0
0.66  0
0.67  0
0.68  0
0.69  0
0.7  0
0.71  0
0.72  0
0.73  0
0.74  0
0.75  0
0.76  0
0.77  0
0.78  0
0.79  0
0.8  0
0.81  0
0.82  0
0.83  0
0.84  0
0.85  0
0.86  0
0.87  0
0.88  0
0.89  0
0.9  0
0.91  0
0.92  0
0.93  0
0.94  0
0.95  0
0.96  0
0.97  0
0.98  0
0.99  0
1  0
1.01  0
1.02  0
1.03  0
1.04  0
1.05  0
1.06  0
1.07  0
1.08  0
1.09  0
1.1  0
1.11  0
1.12  0
1.13  0
1.14  0
1.15  0
1.16  0
1.17  0
1.18  0
1.19  0
1.2  0
1.21  0
1.22  0
1.23  0
1.24  0
1.25  0
1.26  0
1.27  0
1.28  0
1.29  0
1.3  0
1.31  0
1.32  0
1.33  0
1.34  0
1.35  0
1.36  0
1.37  0
1.38  0
1.39  0
1.4  0
1.41  0
1.42  0
1.43  0
1.44  0
1.45  0
1.46  0
1.47  0
1.48  0
1.49  0
1.5  0
1.51  0
1.52  0
1.53  0
1.54  0
1.55  0
1.56  0
1.57  0
1.58  0
1.59  0
1.6  0
1.61  0
1.62  0
1.63  0
1.64  0
1.65  0
1.66  0
1.67  0
1.68  0
1.69  0
1.7  0
1.71  0
1.72  0
1.73  0
1.74  0
1.75  0
1.76  0
1.77  0
1.78  0
1.79  0
1.8  0
1.81  0
1.82  0
1.83  0
1.84  0
1.85  0
1.86  0
1.87  0
1.88  0
1.89  0
1.9  0
1.91  0
1.92  0
1.93  0
1.94  0
1.95  0
1.96  0
1.97  0
1.98  0
1.99  0
2  0
2.01  0
2.02  0
2.03  0
2.04  0
2.05  0
2.06  0
2.07  0
2.08  0
2.09  0
2.1  0
2.11  0
2.12  0
2.13  0
2.14  0
2.15  0
2.16  0
2.17  0
2.18  0
2.19  0
2.2  0
2.21  0
2.22  0
2.23  0
2.24  0
2.25  0
2.26  0
2.27  0
2.28  0
2.29  0
2.3  0
2.31  0
2.32  0
2.33  0
2.34  0
2.35  0
2.36  0
2.37  0.000551399
2.38  0.00109355
2.39  0.00325325
2.4  0.00403275
2.41  0.00666559
2.42  0.0111058
2.43  0.0173087
2.44  0.026531
2.45  0.0330225
2.46  0.0498995
2.47  0.0654876
2.48  0.0893836
2.49  0.119139
2.5  0.158326
2.51  0.203032
2.52  0.255803
2.53  0.321768
2.54  0.393888
2.55  0.485351
2.56  0.573249
2.57  0.672427
2.58  0.783315
2.59  0.890858
2.6  1.01711
2.61  1.14414
2.62  1.27867
2.63  1.41136
2.64  1.55111
2.65  1.68849
2.66  1.82793
2.67  1.95459
2.68  2.08643
2.69  2.22803
2.7  2.33306
2.71  2.44576
2.72  2.53917
2.73  2.60891
2.74  2.67901
2.75  2.71792
2.76  2.75742
2.77  2.79365
2.78  2.80565
2.79  2.78398
2.8  2.77776
2.81  2.74822
2.82  2.71747
2.83  2.68708
2.84  2.62365
2.85  2.58487
2.86  2.52877
2.87  2.4591
2.88  2.39277
2.89  2.33099
2.9  2.25289
2.91  2.17544
2.92  2.10208
2.93  2.03256
2.94  1.96197
2.95  1.88356
2.96  1.80634
2.97  1.74188
2.98  1.66691
2.99  1.60243
3  1.54393
3.01  1.4925
3.02  1.43356
3.03  1.38346
3.04  1.34555
3.05  1.29862
3.06  1.25972
3.07  1.21636
3.08  1.18644
3.09  1.14877
3.1  1.11527
3.11  1.08777
3.12  1.07317
3.13  1.04167
3.14  1.01808
3.15  0.996332
3.16  0.97639
3.17  0.966386
3.18  0.939645
3.19  0.930567
3.2  0.919316
3.21  0.903978
3.22  0.884483
3.23  0.875155
3.24  0.857517
3.25  0.85225
3.26  0.840471
3.27  0.830414
3.28  0.83198
3.29  0.820063
3.3  0.810691
3.31  0.809051
3.32  0.804466
3.33  0.806065
3.34  0.816655
3.35  0.813167
3.36  0.810665
3.37  0.811588
3.38  0.809503
3.39  0.818749
3.4  0.827469
3.41  0.831946
3.42  0.835694
3.43  0.826616
3.44  0.811217
3.45  0.806782
3.46  0.801737
3.47  0.80201
3.48  0.804313
3.49  0.796912
3.5  0.795146
3.51  0.781445
3.52  0.778512
3.53  0.778954
3.54  0.780738
3.55  0.790723
3.56  0.803516
3.57  0.805461
3.58  0.809304
3.59  0.821263
3.6  0.824354
3.61  0.836548
3.62  0.842568
3.63  0.847921
3.64  0.860567
3.65  0.862832
3.66  0.8661
3.67  0.872654
3.68  0.871005
3.69  0.868793
3.7  0.875415
3.71  0.87509
3.72  0.880463
3.73  0.891219
3.74  0.890999
3.75  0.894403
3.76  0.899072
3.77  0.905095
3.78  0.914835
3.79  0.923598
3.8  0.922926
3.81  0.932809
3.82  0.938013
3.83  0.934494
3.84  0.944966
3.85  0.952287
3.86  0.953491
3.87  0.95374
3.88  0.960968
3.89  0.965448
3.9  0.975572
3.91  0.980009
3.92  0.975217
3.93  0.978482
3.94  0.977809
3.95  0.984379
3.96  0.990573
3.97  0.991975
3.98  0.992081
3.99  0.996646
4  1.00396
4.01  1.00204
4.02  1.0101
4.03  1.02235
4.04  1.02393
4.05  1.02313
4.06  1.03012
4.07  1.03825
4.08  1.04768
4.09  1.04849
4.1  1.04937
4.11  1.05719
4.12  1.06009
4.13  1.0605
4.14  1.06822
4.15  1.07386
4.16  1.06969
4.17  1.0765
4.18  1.07233
4.19  1.0771
4.2  1.0819
4.21  1.08576
4.22  1.09427
4.23  1.10408
4.24  1.10913
4.25  1.11429
4.26  1.12161
4.27  1.1201
4.28  1.12544
4.29  1.12903
4.3  1.12889
4.31  1.12941
4.32  1.13066
4.33  1.12941
4.34  1.12939
4.35  1.12953
4.36  1.13307
4.37  1.13454
4.38  1.1426
4.39  1.14134
4.4  1.14583
4.41  1.14892
4.42  1.15174
4.43  1.15294
4.44  1.14783
4.45  1.14596
4.46  1.14791
4.47  1.14906
4.48  1.1471
4.49  1.15182
4.5  1.14671
4.51  1.14985
4.52  1.14492
4.53  1.14576
4.54  1.1565
4.55  1.16039
4.56  1.16246
4.57  1.16613
4.58  1.16783
4.59  1.16077
4.6  1.1607
4.61  1.15144
4.62  1.14828
4.63  1.14694
4.64  1.13998
4.65  1.13745
4.66  1.12915
4.67  1.12418
4.68  1.11775
4.69  1.12214
4.7  1.12312
4.71  1.12652
4.72  1.12377
4.73  1.11584
4.74  1.11514
4.75  1.10825
4.76  1.1092
4.77  1.10524
4.78  1.09716
4.79  1.09198
4.8  1.08058
4.81  1.07488
4.82  1.07196
4.83  1.07118
4.84  1.06986
4.85  1.06427
4.86  1.06186
4.87  1.05855
4.88  1.05357
4.89  1.04363
4.9  1.04834
4.91  1.04446
4.92  1.04514
4.93  1.04014
4.94  1.02832
4.95  1.02512
4.96  1.01765
4.97  1.01168
4.98  1.00849
4.99  1.00925
5  1.00162
5.01  0.996822
5.02  0.990397
5.03  0.98787
5.04  0.987673
5.05  0.989413
5.06  0.987139
5.07  0.985658
5.08  0.985562
5.09  0.979601
5.1  0.976776
5.11  0.972897
5.12  0.965615
5.13  0.958736
5.14  0.95284
5.15  0.945348
5.16  0.938198
5.17  0.93098
5.18  0.924042
5.19  0.924049
5.2  0.918722
5.21  0.915826
5.22  0.908797
5.23  0.908156
5.24  0.905258
5.25  0.901531
5.26  0.900793
5.27  0.898658
5.28  0.899814
5.29  0.891712
5.3  0.889673
5.31  0.884458
5.32  0.886279
5.33  0.879904
5.34  0.878132
5.35  0.873445
5.36  0.862158
5.37  0.857501
5.38  0.853085
5.39  0.85504
5.4  0.854691
5.41  0.858624
5.42  0.85588
5.43  0.853518
5.44  0.850069
5.45  0.854929
5.46  0.862657
5.47  0.864112
5.48  0.864933
5.49  0.868515
5.5  0.865666
5.51  0.864823
5.52  0.865555
5.53  0.872353
5.54  0.877834
5.55  0.873317
5.56  0.868875
5.57  0.872047
5.58  0.87156
5.59  0.869584
5.6  0.870876
5.61  0.868463
5.62  0.871897
5.63  0.872417
5.64  0.869667
5.65  0.86887
5.66  0.875327
5.67  0.874843
5.68  0.877477
5.69  0.875687
5.7  0.876906
5.71  0.882815
5.72  0.879589
5.73  0.878313
5.74  0.880661
5.75  0.886219
5.76  0.885758
5.77  0.888784
5.78  0.889651
5.79  0.89277
5.8  0.896922
5.81  0.899939
5.82  0.905078
5.83  0.905392
5.84  0.908833
5.85  0.914235
5.86  0.91689
5.87  0.917859
5.88  0.923787
5.89  0.926411
5.9  0.928478
5.91  0.92627
5.92  0.931183
5.93  0.938352
5.94  0.940637
5.95  0.940626
5.96  0.942792
5.97  0.945502
5.98  0.94741
5.99  0.951413
6  0.954353
6.01  0.957353
6.02  0.959389
6.03  0.964174
6.04  0.964379
6.05  0.964663
6.06  0.967807
6.07  0.970337
6.08  0.972007
6.09  0.971573
6.1  0.972969
6.11  0.977336
6.12  0.979933
6.13  0.98123
6.14  0.987649
6.15  0.990375
6.16  0.992346
6.17  0.998163
6.18  1.00142
6.19  1.00607
6.2  1.01298
6.21  1.01663
6.22  1.01744
6.23  1.01905
6.24  1.02521
6.25  1.02998
6.26  1.03163
6.27  1.03149
6.28  1.03336
6.29  1.03477
6.3  1.03578
6.31  1.03483
6.32  1.03908
6.33  1.0416
6.34  1.03485
6.35  1.03562
6.36  1.04014
6.37  1.04443
6.38  1.0444
6.39  1.04287
6.4  1.04037
6.41  1.04414
6.42  1.04701
6.43  1.05069
6.44  1.05553
6.45  1.05695
6.46  1.05847
6.47  1.05838
6.48  1.05965
6.49  1.06485
6.5  1.07202
6.51  1.07194
6.52  1.07099
6.53  1.06993
6.54  1.06836
6.55  1.06723
6.56  1.06664
6.57  1.06451
6.58  1.06578
6.59  1.06615
6.6  1.0615
6.61  1.06237
6.62  1.05976
6.63  1.06026
6.64  1.06466
6.65  1.0651
6.66  1.0669
6.67  1.07146
6.68  1.07371
6.69  1.07386
6.7  1.07614
6.71  1.074
6.72  1.07681
6.73  1.07641
6.74  1.07649
6.75  1.07681
6.76  1.07633
6.77  1.07397
6.78  1.07127
6.79  1.06856
6.8  1.06773
6.81  1.069
6.82  1.06344
6.83  1.06142
6.84  1.06166
6.85  1.0647
6.86  1.06637
6.87  1.06521
6.88  1.06496
6.89  1.06442
6.9  1.06175
6.91  1.06141
6.92  1.06572
6.93  1.06209
6.94  1.05659
6.95  1.05573
6.96  1.05584
6.97  1.05456
6.98  1.05424
6.99  1.05069
7  1.04725
7.01  1.04492
7.02  1.0422
7.03  1.0403
7.04  1.04144
7.05  1.0379
7.06  1.03459
7.07  1.03244
7.08  1.02625
7.09  1.02727
7.1  1.02604
7.11  1.02275
7.12  1.02425
7.13  1.02628
7.14  1.02785
7.15  1.02379
7.16  1.01973
7.17  1.01944
7.18  1.0212
7.19  1.02208
7.2  1.01876
7.21  1.01609
7.22  1.01013
7.23  1.0063
7.24  1.00086
7.25  1.00438
7.26  1.00399
7.27  1.00284
7.28  1.004
7.29  1.00405
7.3  1.00412
7.31  1.00659
7.32  1.00711
7.33  1.00891
7.34  1.00723
7.35  1.00134
7.36  1.00022
7.37  0.995855
7.38  0.996684
7.39  0.994045
7.4  0.997356
7.41  0.996104
7.42  0.993758
7.43  0.990721
7.44  0.99164
7.45  0.997517
7.46  0.993481
7.47  0.993931
7.48  0.98906
7.49  0.988354
7.5  0.988116
7.51  0.988231
7.52  0.989959
7.53  0.988533
7.54  0.991742
7.55  0.986046
7.56  0.98745
7.57  0.98541
7.58  0.983944
7.59  0.98603
7.6  0.984295
7.61  0.98524
7.62  0.981482
7.63  0.981624
7.64  0.976031
7.65  0.976233
7.66  0.974663
7.67  0.974124
7.68  0.973689
7.69  0.971524
7.7  0.972476
7.71  0.97019
7.72  0.971576
7.73  0.971188
7.74  0.970387
7.75  0.971545
7.76  0.970946
7.77  0.969166
7.78  0.972407
7.79  0.969224
7.8  0.969056
