0.01  0
0.02  0
0.03  0
0.04  0
0.05  0
0.06  0
0.07  0
0.08  0
0.09  0
0.1  0
0.11  0
0.12  0
0.13  0
0.14  0
0.15  0
0.16  0
0.17  0
0.18  0
0.19  0
0.2  0
0.21  0
0.22  0
0.23  0
0.24  0
0.25  0
0.26  0
0.27  0
0.28  0
0.29  0
0.3  0
0.31  0
0.32  0
0.33  0
0.34  0
0.35  0
0.36  0
0.37  0
0.38  0
0.39  0
0.4  0
0.41  0
0.42  0
0.43  0
0.44  0
0.45  0
0.46  0
0.47  0
0.48  0
0.49  0
0.5  0
0.51  0
0.52  0
0.53  0
0.54  0
0.55  0
0.56  0
0.57  0
0.58  0
0.59  0
0.6  0
0.61  0
0.62  0
0.63  0
0.64  0
0.65  0
0.66  0
0.67  0
0.68  0
0.69  0
0.7  0
0.71  0
0.72  0
0.73  0
0.74  0
0.75  0
0.76  0
0.77  0
0.78  0
0.79  0
0.8  0
0.81  0
0.82  0
0.83  0
0.84  0
0.85  0
0.86  0
0.87  0
0.88  0
0.89  0
0.9  0
0.91  0
0.92  0
0.93  0
0.94  0
0.95  0
0.96  0
0.97  0
0.98  0
0.99  0
1  0
1.01  0
1.02  0
1.03  0
1.04  0
1.05  0
1.06  0
1.07  0
1.08  0
1.09  0
1.1  0
1.11  0
1.12  0
1.13  0
1.14  0
1.15  0
1.16  0
1.17  0
1.18  0
1.19  0
1.2  0
1.21  0
1.22  0
1.23  0
1.24  0
1.25  0
1.26  0
1.27  0
1.28  0
1.29  0
1.3  0
1.31  0
1.32  0
1.33  0
1.34  0
1.35  0
1.36  0
1.37  0
1.38  0
1.39  0
1.4  0
1.41  0
1.42  0
1.43  0
1.44  0
1.45  0
1.46  0
1.47  0
1.48  0
1.49  0
1.5  0
1.51  0
1.52  0
1.53  0
1.54  0
1.55  0
1.56  0
1.57  0
1.58  0
1.59  0
1.6  0
1.61  0
1.62  0
1.63  0
1.64  0
1.65  0
1.66  0
1.67  0
1.68  0
1.69  0
1.7  0
1.71  0
1.72  0
1.73  0
1.74  0
1.75  0
1.76  0
1.77  0
1.78  0
1.79  0
1.8  0
1.81  0
1.82  0
1.83  0
1.84  0
1.85  0
1.86  0
1.87  0
1.88  0
1.89  0
1.9  0
1.91  0
1.92  0
1.93  0
1.94  0
1.95  0
1.96  0
1.97  0
1.98  0
1.99  0
2  0
2.01  0
2.02  0
2.03  0
2.04  0
2.05  0
2.06  0
2.07  0
2.08  0
2.09  0
2.1  0
2.11  0
2.12  0
2.13  0
2.14  0
2.15  0
2.16  0
2.17  0
2.18  0
2.19  0
2.2  0
2.21  0
2.22  0
2.23  0
2.24  0
2.25  0
2.26  0.000313041
2.27  0.000310289
2.28  0.000922719
2.29  0.00182936
2.3  0.00423146
2.31  0.00689162
2.32  0.0115853
2.33  0.0161983
2.34  0.0256962
2.35  0.0402436
2.36  0.0548311
2.37  0.0762879
2.38  0.105851
2.39  0.140796
2.4  0.181263
2.41  0.226285
2.42  0.27438
2.43  0.331968
2.44  0.379204
2.45  0.424061
2.46  0.457345
2.47  0.488767
2.48  0.51473
2.49  0.528656
2.5  0.540296
2.51  0.555287
2.52  0.564485
2.53  0.570273
2.54  0.600735
2.55  0.632424
2.56  0.686046
2.57  0.757698
2.58  0.822455
2.59  0.914793
2.6  1.01562
2.61  1.13085
2.62  1.26222
2.63  1.38093
2.64  1.50584
2.65  1.63497
2.66  1.76552
2.67  1.8768
2.68  2.01619
2.69  2.1305
2.7  2.22857
2.71  2.30795
2.72  2.38005
2.73  2.4639
2.74  2.51495
2.75  2.55843
2.76  2.58001
2.77  2.59872
2.78  2.59868
2.79  2.58419
2.8  2.5674
2.81  2.5445
2.82  2.50899
2.83  2.46115
2.84  2.41252
2.85  2.35862
2.86  2.30892
2.87  2.25054
2.88  2.17017
2.89  2.10292
2.9  2.03521
2.91  1.96422
2.92  1.90241
2.93  1.83786
2.94  1.77506
2.95  1.71417
2.96  1.64933
2.97  1.58749
2.98  1.53706
2.99  1.49174
3  1.45588
3.01  1.41198
3.02  1.36636
3.03  1.32078
3.04  1.282
3.05  1.24645
3.06  1.21151
3.07  1.18243
3.08  1.15571
3.09  1.12179
3.1  1.09776
3.11  1.07649
3.12  1.05269
3.13  1.03683
3.14  1.02099
3.15  1.00147
3.16  0.991138
3.17  0.983622
3.18  0.979975
3.19  0.984525
3.2  0.965734
3.21  0.962209
3.22  0.957784
3.23  0.949412
3.24  0.955591
3.25  0.956077
3.26  0.954434
3.27  0.947857
3.28  0.944613
3.29  0.9343
3.3  0.933491
3.31  0.930924
3.32  0.929822
3.33  0.928282
3.34  0.917143
3.35  0.917374
3.36  0.916029
3.37  0.923271
3.38  0.918796
3.39  0.917002
3.4  0.925307
3.41  0.926351
3.42  0.925589
3.43  0.933383
3.44  0.932828
3.45  0.929443
3.46  0.930756
3.47  0.92593
3.48  0.925634
3.49  0.929657
3.5  0.923438
3.51  0.92039
3.52  0.921105
3.53  0.920384
3.54  0.916467
3.55  0.921461
3.56  0.923861
3.57  0.924339
3.58  0.92467
3.59  0.928707
3.6  0.930709
3.61  0.929241
3.62  0.930947
3.63  0.933712
3.64  0.945001
3.65  0.933949
3.66  0.934223
3.67  0.936856
3.68  0.938264
3.69  0.941171
3.7  0.941579
3.71  0.950102
3.72  0.954937
3.73  0.952467
3.74  0.96064
3.75  0.974283
3.76  0.973406
3.77  0.974773
3.78  0.982267
3.79  0.98132
3.8  0.989006
3.81  0.991202
3.82  0.989855
3.83  0.992975
3.84  0.981305
3.85  0.979882
3.86  0.98404
3.87  0.984405
3.88  0.983373
3.89  0.981282
3.9  0.979725
3.91  0.97608
3.92  0.977141
3.93  0.982734
3.94  0.991348
3.95  0.99771
3.96  0.997877
3.97  1.00462
3.98  1.0121
3.99  1.01888
4  1.02599
4.01  1.03161
4.02  1.04073
4.03  1.0405
4.04  1.04064
4.05  1.04409
4.06  1.04894
4.07  1.0493
4.08  1.04397
4.09  1.03877
4.1  1.03533
4.11  1.03796
4.12  1.03642
4.13  1.03984
4.14  1.04163
4.15  1.03978
4.16  1.03663
4.17  1.03323
4.18  1.04128
4.19  1.04989
4.2  1.05043
4.21  1.05004
4.22  1.05549
4.23  1.05613
4.24  1.05676
4.25  1.05914
4.26  1.06659
4.27  1.07756
4.28  1.07925
4.29  1.08283
4.3  1.08498
4.31  1.08477
4.32  1.07984
4.33  1.08245
4.34  1.07916
4.35  1.08139
4.36  1.08518
4.37  1.07444
4.38  1.07062
4.39  1.06733
4.4  1.0676
4.41  1.07543
4.42  1.07376
4.43  1.06965
4.44  1.077
4.45  1.07403
4.46  1.06857
4.47  1.08052
4.48  1.08056
4.49  1.08027
4.5  1.08085
4.51  1.07818
4.52  1.0861
4.53  1.08925
4.54  1.08702
4.55  1.08757
4.56  1.0865
4.57  1.08175
4.58  1.08138
4.59  1.08342
4.6  1.08189
4.61  1.07894
4.62  1.07382
4.63  1.07239
4.64  1.07052
4.65  1.07095
4.66  1.06945
4.67  1.0659
4.68  1.06333
4.69  1.06701
4.7  1.06537
4.71  1.06409
4.72  1.06318
4.73  1.06176
4.74  1.06099
4.75  1.06085
4.76  1.05999
4.77  1.05597
4.78  1.05485
4.79  1.04139
4.8  1.04233
4.81  1.04063
4.82  1.03604
4.83  1.02997
4.84  1.02626
4.85  1.0202
4.86  1.01696
4.87  1.01723
4.88  1.01663
4.89  1.01461
4.9  1.01001
4.91  1.00417
4.92  1.00809
4.93  1.0019
4.94  0.996863
4.95  0.991405
4.96  0.990465
4.97  0.984024
4.98  0.977239
4.99  0.977885
5  0.975833
5.01  0.97245
5.02  0.960142
5.03  0.961952
5.04  0.959712
5.05  0.963188
5.06  0.956699
5.07  0.951312
5.08  0.944844
5.09  0.936013
5.1  0.92835
5.11  0.926864
5.12  0.927272
5.13  0.924876
5.14  0.922067
5.15  0.917645
5.16  0.916374
5.17  0.91044
5.18  0.908597
5.19  0.907117
5.2  0.902685
5.21  0.898575
5.22  0.896661
5.23  0.890254
5.24  0.885696
5.25  0.879308
5.26  0.871922
5.27  0.87564
5.28  0.874162
5.29  0.872403
5.3  0.869114
5.31  0.866239
5.32  0.858354
5.33  0.85266
5.34  0.847731
5.35  0.839035
5.36  0.838077
5.37  0.836124
5.38  0.833294
5.39  0.831085
5.4  0.834919
5.41  0.832218
5.42  0.827953
5.43  0.834721
5.44  0.838949
5.45  0.84454
5.46  0.846437
5.47  0.84233
5.48  0.842239
5.49  0.84798
5.5  0.842415
5.51  0.843994
5.52  0.850751
5.53  0.84339
5.54  0.838213
5.55  0.840074
5.56  0.842175
5.57  0.847915
5.58  0.852119
5.59  0.845338
5.6  0.851448
5.61  0.853393
5.62  0.855675
5.63  0.859398
5.64  0.866758
5.65  0.867298
5.66  0.867031
5.67  0.869894
5.68  0.872285
5.69  0.880382
5.7  0.88148
5.71  0.885162
5.72  0.890279
5.73  0.894919
5.74  0.894665
5.75  0.899874
5.76  0.907113
5.77  0.908583
5.78  0.911136
5.79  0.912904
5.8  0.914702
5.81  0.919987
5.82  0.922162
5.83  0.93095
5.84  0.939203
5.85  0.942536
5.86  0.93853
5.87  0.94341
5.88  0.945521
5.89  0.949642
5.9  0.952029
5.91  0.953296
5.92  0.955188
5.93  0.955607
5.94  0.954023
5.95  0.956058
5.96  0.96253
5.97  0.961775
5.98  0.96956
5.99  0.97047
6  0.980962
6.01  0.981197
6.02  0.986499
6.03  0.992551
6.04  0.999786
6.05  1.00151
6.06  1.00735
6.07  1.01848
6.08  1.01838
6.09  1.02344
6.1  1.02293
6.11  1.02926
6.12  1.03017
6.13  1.0306
6.14  1.02919
6.15  1.03295
6.16  1.03504
6.17  1.0358
6.18  1.03848
6.19  1.0398
6.2  1.03965
6.21  1.04024
6.22  1.04219
6.23  1.04177
6.24  1.04616
6.25  1.04985
6.26  1.05258
6.27  1.05175
6.28  1.05424
6.29  1.05748
6.3  1.06153
6.31  1.06154
6.32  1.06231
6.33  1.06478
6.34  1.0666
6.35  1.06483
6.36  1.06524
6.37  1.06627
6.38  1.06489
6.39  1.06552
6.4  1.06887
6.41  1.07273
6.42  1.07188
6.43  1.07067
6.44  1.0724
6.45  1.07488
6.46  1.07094
6.47  1.07176
6.48  1.07386
6.49  1.07131
6.5  1.07089
6.51  1.06893
6.52  1.0711
6.53  1.07731
6.54  1.07578
6.55  1.07294
6.56  1.07893
6.57  1.0772
6.58  1.07987
6.59  1.08186
6.6  1.07712
6.61  1.08133
6.62  1.08427
6.63  1.081
6.64  1.08155
6.65  1.08752
6.66  1.08527
6.67  1.08672
6.68  1.08562
6.69  1.08409
6.7  1.08182
6.71  1.08052
6.72  1.07769
6.73  1.07802
6.74  1.08099
6.75  1.07305
6.76  1.07547
6.77  1.07467
6.78  1.07227
6.79  1.07164
6.8  1.075
6.81  1.07484
6.82  1.07492
6.83  1.07219
6.84  1.06878
6.85  1.07016
6.86  1.06161
6.87  1.06092
6.88  1.05987
6.89  1.05885
6.9  1.05783
6.91  1.05223
6.92  1.05029
6.93  1.05166
6.94  1.0471
6.95  1.04677
6.96  1.04766
6.97  1.04482
6.98  1.04406
6.99  1.04389
7  1.04061
7.01  1.03918
7.02  1.03995
7.03  1.03573
7.04  1.03637
7.05  1.03163
7.06  1.03035
7.07  1.02894
7.08  1.02591
7.09  1.02387
7.1  1.026
7.11  1.02527
7.12  1.02126
7.13  1.02264
7.14  1.02307
7.15  1.02565
7.16  1.02117
7.17  1.01565
7.18  1.01521
7.19  1.01718
7.2  1.01405
7.21  1.01545
7.22  1.0158
7.23  1.0107
7.24  1.00629
7.25  1.00291
7.26  1.00433
7.27  1.00469
7.28  1.00232
7.29  0.99858
7.3  0.996267
7.31  0.993243
7.32  0.990501
7.33  0.986908
7.34  0.986506
7.35  0.986221
7.36  0.986258
7.37  0.987705
7.38  0.98864
7.39  0.984679
7.4  0.98272
7.41  0.983534
7.42  0.981669
7.43  0.983547
7.44  0.981598
7.45  0.979685
7.46  0.977979
7.47  0.977425
7.48  0.970784
7.49  0.973353
7.5  0.972948
7.51  0.970074
7.52  0.96563
7.53  0.963716
7.54  0.963495
7.55  0.960888
7.56  0.960782
7.57  0.956628
7.58  0.962064
7.59  0.955867
7.6  0.956924
7.61  0.955625
7.62  0.9559
7.63  0.958587
7.64  0.957996
7.65  0.959373
7.66  0.96172
7.67  0.963807
7.68  0.958073
7.69  0.96045
7.7  0.960977
7.71  0.960181
7.72  0.963033
7.73  0.96014
7.74  0.961879
7.75  0.96403
7.76  0.961016
