0.01  0
0.02  0
0.03  0
0.04  0
0.05  0
0.06  0
0.07  0
0.08  0
0.09  0
0.1  0
0.11  0
0.12  0
0.13  0
0.14  0
0.15  0
0.16  0
0.17  0
0.18  0
0.19  0
0.2  0
0.21  0
0.22  0
0.23  0
0.24  0
0.25  0
0.26  0
0.27  0
0.28  0
0.29  0
0.3  0
0.31  0
0.32  0
0.33  0
0.34  0
0.35  0
0.36  0
0.37  0
0.38  0
0.39  0
0.4  0
0.41  0
0.42  0
0.43  0
0.44  0
0.45  0
0.46  0
0.47  0
0.48  0
0.49  0
0.5  0
0.51  0
0.52  0
0.53  0
0.54  0
0.55  0
0.56  0
0.57  0
0.58  0
0.59  0
0.6  0
0.61  0
0.62  0
0.63  0
0.64  0
0.65  0
0.66  0
0.67  0
0.68  0
0.69  0
0.7  0
0.71  0
0.72  0
0.73  0
0.74  0
0.75  0
0.76  0
0.77  0
0.78  0
0.79  0
0.8  0
0.81  0
0.82  0
0.83  0
0.84  0
0.85  0
0.86  0
0.87  0
0.88  0
0.89  0
0.9  0
0.91  0
0.92  0
0.93  0
0.94  0
0.95  0
0.96  0
0.97  0
0.98  0
0.99  0
1  0
1.01  0
1.02  0
1.03  0
1.04  0
1.05  0
1.06  0
1.07  0
1.08  0
1.09  0
1.1  0
1.11  0
1.12  0
1.13  0
1.14  0
1.15  0
1.16  0
1.17  0
1.18  0
1.19  0
1.2  0
1.21  0
1.22  0
1.23  0
1.24  0
1.25  0
1.26  0
1.27  0
1.28  0
1.29  0
1.3  0
1.31  0
1.32  0
1.33  0
1.34  0
1.35  0
1.36  0
1.37  0
1.38  0
1.39  0
1.4  0
1.41  0
1.42  0
1.43  0
1.44  0
1.45  0
1.46  0
1.47  0
1.48  0
1.49  0
1.5  0
1.51  0
1.52  0
1.53  0
1.54  0
1.55  0
1.56  0
1.57  0
1.58  0
1.59  0
1.6  0
1.61  0
1.62  0
1.63  0
1.64  0
1.65  0
1.66  0
1.67  0
1.68  0
1.69  0
1.7  0
1.71  0
1.72  0
1.73  0
1.74  0
1.75  0
1.76  0
1.77  0
1.78  0
1.79  0
1.8  0
1.81  0
1.82  0
1.83  0
1.84  0
1.85  0
1.86  0
1.87  0
1.88  0
1.89  0
1.9  0
1.91  0
1.92  0
1.93  0
1.94  0
1.95  0
1.96  0
1.97  0
1.98  0
1.99  0
2  0
2.01  0
2.02  0
2.03  0
2.04  0
2.05  0
2.06  0
2.07  0
2.08  0
2.09  0
2.1  0
2.11  0
2.12  0
2.13  0
2.14  0
2.15  0
2.16  0
2.17  0
2.18  0
2.19  0
2.2  0
2.21  0
2.22  0
2.23  0
2.24  0
2.25  0
2.26  0
2.27  0
2.28  0
2.29  0
2.3  0
2.31  0
2.32  0
2.33  0
2.34  0
2.35  0.000186941
2.36  0.000185361
2.37  0.0001838
2.38  0.000182258
2.39  0.000361473
2.4  0.0005377
2.41  0.000710996
2.42  0.0021154
2.43  0.00402121
2.44  0.00728301
2.45  0.0103195
2.46  0.0180833
2.47  0.0280903
2.48  0.0441463
2.49  0.0644397
2.5  0.0925017
2.51  0.123393
2.52  0.168097
2.53  0.217576
2.54  0.278274
2.55  0.357385
2.56  0.441397
2.57  0.542068
2.58  0.650785
2.59  0.776894
2.6  0.901809
2.61  1.04616
2.62  1.18423
2.63  1.34046
2.64  1.50126
2.65  1.64755
2.66  1.79875
2.67  1.93128
2.68  2.06638
2.69  2.1726
2.7  2.29546
2.71  2.3934
2.72  2.47658
2.73  2.53577
2.74  2.5811
2.75  2.62406
2.76  2.65306
2.77  2.66905
2.78  2.66565
2.79  2.66249
2.8  2.63679
2.81  2.60015
2.82  2.56382
2.83  2.53001
2.84  2.4719
2.85  2.4176
2.86  2.35327
2.87  2.29717
2.88  2.23332
2.89  2.175
2.9  2.11657
2.91  2.05231
2.92  1.99929
2.93  1.92986
2.94  1.87973
2.95  1.81481
2.96  1.75862
2.97  1.70888
2.98  1.65895
2.99  1.61184
3  1.56452
3.01  1.5334
3.02  1.49078
3.03  1.45655
3.04  1.42308
3.05  1.39024
3.06  1.35978
3.07  1.32322
3.08  1.30071
3.09  1.27457
3.1  1.25154
3.11  1.21927
3.12  1.20055
3.13  1.18667
3.14  1.16635
3.15  1.15666
3.16  1.14481
3.17  1.14253
3.18  1.12341
3.19  1.11252
3.2  1.09419
3.21  1.08367
3.22  1.06869
3.23  1.05169
3.24  1.04275
3.25  1.03273
3.26  1.02397
3.27  1.01135
3.28  1.01018
3.29  1.00185
3.3  1.00186
3.31  1.0025
3.32  1.00003
3.33  0.998877
3.34  1.00096
3.35  0.995449
3.36  0.993373
3.37  0.988305
3.38  0.984903
3.39  0.979912
3.4  0.975406
3.41  0.964722
3.42  0.957146
3.43  0.95368
3.44  0.947009
3.45  0.941528
3.46  0.936438
3.47  0.934993
3.48  0.933718
3.49  0.928121
3.5  0.922825
3.51  0.929807
3.52  0.931282
3.53  0.930321
3.54  0.926803
3.55  0.931173
3.56  0.931651
3.57  0.928545
3.58  0.927554
3.59  0.937773
3.6  0.942608
3.61  0.940326
3.62  0.939784
3.63  0.944877
3.64  0.944913
3.65  0.945864
3.66  0.949566
3.67  0.954669
3.68  0.954519
3.69  0.948822
3.7  0.946415
3.71  0.947545
3.72  0.947531
3.73  0.941121
3.74  0.947462
3.75  0.945573
3.76  0.951868
3.77  0.949367
3.78  0.946662
3.79  0.945698
3.8  0.950093
3.81  0.948243
3.82  0.948448
3.83  0.949625
3.84  0.946226
3.85  0.947447
3.86  0.943374
3.87  0.943193
3.88  0.948351
3.89  0.948733
3.9  0.94754
3.91  0.949993
3.92  0.956707
3.93  0.959264
3.94  0.962248
3.95  0.963801
3.96  0.961573
3.97  0.966822
3.98  0.967901
3.99  0.972134
4  0.971795
4.01  0.971064
4.02  0.970646
4.03  0.972129
4.04  0.973014
4.05  0.974258
4.06  0.975665
4.07  0.972249
4.08  0.972946
4.09  0.977388
4.1  0.978338
4.11  0.984645
4.12  0.984677
4.13  0.982821
4.14  0.982836
4.15  0.984458
4.16  0.989813
4.17  0.995165
4.18  0.992478
4.19  0.989392
4.2  0.992237
4.21  0.992013
4.22  0.996302
4.23  1.00129
4.24  1.00335
4.25  1.00469
4.26  1.00556
4.27  1.00419
4.28  1.01021
4.29  1.01499
4.3  1.01658
4.31  1.01976
4.32  1.01715
4.33  1.01708
4.34  1.013
4.35  1.01348
4.36  1.01372
4.37  1.01612
4.38  1.01589
4.39  1.01529
4.4  1.01148
4.41  1.01645
4.42  1.01883
4.43  1.02103
4.44  1.02497
4.45  1.02637
4.46  1.02078
4.47  1.02092
4.48  1.01884
4.49  1.01953
4.5  1.02356
4.51  1.01406
4.52  1.01402
4.53  1.01458
4.54  1.02118
4.55  1.02283
4.56  1.02431
4.57  1.02497
4.58  1.02793
4.59  1.02346
4.6  1.02316
4.61  1.02825
4.62  1.02284
4.63  1.02102
4.64  1.0173
4.65  1.00911
4.66  1.00811
4.67  1.00507
4.68  1.00465
4.69  1.00783
4.7  1.00813
4.71  1.00581
4.72  1.01012
4.73  1.01328
4.74  1.01761
4.75  1.01982
4.76  1.02138
4.77  1.01969
4.78  1.01863
4.79  1.01839
4.8  1.01728
4.81  1.01739
4.82  1.01193
4.83  1.00814
4.84  1.00208
4.85  1.0048
4.86  1.00548
4.87  1.01049
4.88  1.01108
4.89  1.0073
4.9  1.00465
4.91  1.00228
4.92  1.00831
4.93  1.00818
4.94  1.00896
4.95  1.00481
4.96  1.0037
4.97  0.999496
4.98  0.99074
4.99  0.992371
5  0.991626
5.01  0.991166
5.02  0.986771
5.03  0.983423
5.04  0.980865
5.05  0.984069
5.06  0.982078
5.07  0.980778
5.08  0.989242
5.09  0.988229
5.1  0.989993
5.11  0.989957
5.12  0.990938
5.13  0.996061
5.14  0.997622
5.15  0.995697
5.16  0.996727
5.17  0.994613
5.18  0.989583
5.19  0.988688
5.2  0.988974
5.21  0.988414
5.22  0.985616
5.23  0.982039
5.24  0.979836
5.25  0.976593
5.26  0.972324
5.27  0.975587
5.28  0.973156
5.29  0.971988
5.3  0.964943
5.31  0.96468
5.32  0.962953
5.33  0.959998
5.34  0.958216
5.35  0.956224
5.36  0.958409
5.37  0.955667
5.38  0.955862
5.39  0.957222
5.4  0.959664
5.41  0.954956
5.42  0.955828
5.43  0.957002
5.44  0.957185
5.45  0.96
5.46  0.958323
5.47  0.958758
5.48  0.957082
5.49  0.954318
5.5  0.954639
5.51  0.957333
5.52  0.95773
5.53  0.959434
5.54  0.956478
5.55  0.958297
5.56  0.958759
5.57  0.958448
5.58  0.961415
5.59  0.959564
5.6  0.956865
5.61  0.955392
5.62  0.954414
5.63  0.948844
5.64  0.948306
5.65  0.943528
5.66  0.94371
5.67  0.943372
5.68  0.943125
5.69  0.947433
5.7  0.947703
5.71  0.944987
5.72  0.947208
5.73  0.9523
5.74  0.954374
5.75  0.954462
5.76  0.952893
5.77  0.953469
5.78  0.95419
5.79  0.950466
5.8  0.954863
5.81  0.957849
5.82  0.956907
5.83  0.953111
5.84  0.952725
5.85  0.956439
5.86  0.956064
5.87  0.955536
5.88  0.9562
5.89  0.958878
5.9  0.960019
5.91  0.960735
5.92  0.964796
5.93  0.969179
5.94  0.970892
5.95  0.97072
5.96  0.973077
5.97  0.975179
5.98  0.976943
5.99  0.976187
6  0.977868
6.01  0.979276
6.02  0.973803
6.03  0.972591
6.04  0.976278
6.05  0.979372
6.06  0.984407
6.07  0.984529
6.08  0.983919
6.09  0.984587
6.1  0.983054
6.11  0.986807
6.12  0.989126
6.13  0.993154
6.14  0.990825
6.15  0.993064
6.16  0.995013
6.17  0.994583
6.18  0.997503
6.19  0.999429
6.2  0.998329
6.21  0.997392
6.22  1.00142
6.23  1.00254
6.24  1.00503
6.25  1.00174
6.26  0.999859
6.27  1.00274
6.28  1.00392
6.29  1.00775
6.3  1.00785
6.31  1.00835
6.32  1.01071
6.33  1.00886
6.34  1.00812
6.35  1.00928
6.36  1.00731
6.37  1.00562
6.38  1.00876
6.39  1.00849
6.4  1.01278
6.41  1.01419
6.42  1.01168
6.43  1.01266
6.44  1.01664
6.45  1.0186
6.46  1.02433
6.47  1.02864
6.48  1.02581
6.49  1.02851
6.5  1.02852
6.51  1.02756
6.52  1.02866
6.53  1.03352
6.54  1.03302
6.55  1.03259
6.56  1.02997
6.57  1.02877
6.58  1.02794
6.59  1.02779
6.6  1.02745
6.61  1.02872
6.62  1.0279
6.63  1.02637
6.64  1.02659
6.65  1.02985
6.66  1.03128
6.67  1.0313
6.68  1.03244
6.69  1.03155
6.7  1.03298
6.71  1.0325
6.72  1.03297
6.73  1.03095
6.74  1.03146
6.75  1.02974
6.76  1.02925
6.77  1.0295
6.78  1.02806
6.79  1.03019
6.8  1.02881
6.81  1.02951
6.82  1.03055
6.83  1.03287
6.84  1.03175
6.85  1.03261
6.86  1.0345
6.87  1.03615
6.88  1.04021
6.89  1.03514
6.9  1.03522
6.91  1.03459
6.92  1.0346
6.93  1.03348
6.94  1.03156
6.95  1.03004
6.96  1.02591
6.97  1.02202
6.98  1.021
6.99  1.02347
7  1.02347
7.01  1.02291
7.02  1.02207
7.03  1.01812
7.04  1.02091
7.05  1.02051
7.06  1.02152
7.07  1.02324
7.08  1.02249
7.09  1.02394
7.1  1.02466
7.11  1.02674
7.12  1.02655
7.13  1.02883
7.14  1.02761
7.15  1.02991
7.16  1.03064
7.17  1.02799
7.18  1.02727
7.19  1.02272
7.2  1.02121
7.21  1.0182
7.22  1.01881
7.23  1.0168
7.24  1.01474
7.25  1.01173
7.26  1.00959
7.27  1.00889
7.28  1.00701
7.29  1.00872
7.3  1.0089
7.31  1.01101
7.32  1.00829
7.33  1.00898
7.34  1.00706
7.35  1.00638
7.36  1.00525
7.37  1.00678
7.38  1.00851
7.39  1.00741
7.4  1.00427
7.41  1.00063
7.42  1.00256
7.43  1.00188
7.44  1.00417
7.45  1.00609
7.46  1.00503
7.47  1.00606
7.48  1.00311
7.49  1.00342
7.5  1.00718
7.51  1.00778
7.52  1.00779
7.53  1.0093
7.54  1.00648
7.55  1.0066
7.56  1.006
7.57  1.00637
7.58  1.00602
7.59  1.00349
7.6  0.9998
7.61  1.00111
7.62  1.00094
7.63  1.00016
7.64  1.00121
7.65  0.998311
7.66  0.9997
7.67  0.99848
7.68  0.998193
7.69  0.998182
7.7  1.0005
7.71  0.997595
7.72  0.994268
7.73  0.992768
7.74  0.994065
7.75  0.991948
7.76  0.990113
7.77  0.986625
7.78  0.982948
7.79  0.982196
7.8  0.978762
