0.01  0
0.02  0
0.03  0
0.04  0
0.05  0
0.06  0
0.07  0
0.08  0
0.09  0
0.1  0
0.11  0
0.12  0
0.13  0
0.14  0
0.15  0
0.16  0
0.17  0
0.18  0
0.19  0
0.2  0
0.21  0
0.22  0
0.23  0
0.24  0
0.25  0
0.26  0
0.27  0
0.28  0
0.29  0
0.3  0
0.31  0
0.32  0
0.33  0
0.34  0
0.35  0
0.36  0
0.37  0
0.38  0
0.39  0
0.4  0
0.41  0
0.42  0
0.43  0
0.44  0
0.45  0
0.46  0
0.47  0
0.48  0
0.49  0
0.5  0
0.51  0
0.52  0
0.53  0
0.54  0
0.55  0
0.56  0
0.57  0
0.58  0
0.59  0
0.6  0
0.61  0
0.62  0
0.63  0
0.64  0
0.65  0
0.66  0
0.67  0
0.68  0
0.69  0
0.7  0
0.71  0
0.72  0
0.73  0
0.74  0
0.75  0
0.76  0
0.77  0
0.78  0
0.79  0
0.8  0
0.81  0
0.82  0
0.83  0
0.84  0
0.85  0
0.86  0
0.87  0
0.88  0
0.89  0
0.9  0
0.91  0
0.92  0
0.93  0
0.94  0
0.95  0
0.96  0
0.97  0
0.98  0
0.99  0
1  0
1.01  0
1.02  0
1.03  0
1.04  0
1.05  0
1.06  0
1.07  0
1.08  0
1.09  0
1.1  0
1.11  0
1.12  0
1.13  0
1.14  0
1.15  0
1.16  0
1.17  0
1.18  0
1.19  0
1.2  0
1.21  0
1.22  0
1.23  0
1.24  0
1.25  0
1.26  0
1.27  0
1.28  0
1.29  0
1.3  0
1.31  0
1.32  0
1.33  0
1.34  0
1.35  0
1.36  0
1.37  0
1.38  0
1.39  0
1.4  0
1.41  0
1.42  0
1.43  0
1.44  0
1.45  0
1.46  0
1.47  0
1.48  0
1.49  0
1.5  0
1.51  0
1.52  0
1.53  0
1.54  0
1.55  0
1.56  0
1.57  0
1.58  0
1.59  0
1.6  0
1.61  0
1.62  0
1.63  0
1.64  0
1.65  0
1.66  0
1.67  0
1.68  0
1.69  0
1.7  0
1.71  0
1.72  0
1.73  0
1.74  0
1.75  0
1.76  0
1.77  0
1.78  0
1.79  0
1.8  0
1.81  0
1.82  0
1.83  0
1.84  0
1.85  0
1.86  0
1.87  0
1.88  0
1.89  0
1.9  0
1.91  0
1.92  0
1.93  0
1.94  0
1.95  0
1.96  0
1.97  0
1.98  0
1.99  0
2  0
2.01  0
2.02  0
2.03  0
2.04  0
2.05  0
2.06  0
2.07  0
2.08  0
2.09  0
2.1  0
2.11  0
2.12  0
2.13  0
2.14  0
2.15  0
2.16  0
2.17  0
2.18  0
2.19  0
2.2  0
2.21  0
2.22  0
2.23  0
2.24  0
2.25  0
2.26  0
2.27  0
2.28  0
2.29  0
2.3  0
2.31  0
2.32  0
2.33  0
2.34  0
2.35  0
2.36  0
2.37  0
2.38  0.000203499
2.39  0.000605398
2.4  0.000800485
2.41  0.00119078
2.42  0.00334606
2.43  0.00507547
2.44  0.008519
2.45  0.0136346
2.46  0.0196193
2.47  0.0311749
2.48  0.0468546
2.49  0.0654424
2.5  0.0949823
2.51  0.129539
2.52  0.180064
2.53  0.239872
2.54  0.303379
2.55  0.386271
2.56  0.478063
2.57  0.578713
2.58  0.698574
2.59  0.832034
2.6  0.972121
2.61  1.12916
2.62  1.28395
2.63  1.44502
2.64  1.62115
2.65  1.78211
2.66  1.95038
2.67  2.11107
2.68  2.25359
2.69  2.39027
2.7  2.51364
2.71  2.62964
2.72  2.71566
2.73  2.79107
2.74  2.86209
2.75  2.91448
2.76  2.94515
2.77  2.96824
2.78  2.97541
2.79  2.96967
2.8  2.95702
2.81  2.91879
2.82  2.87754
2.83  2.82702
2.84  2.74412
2.85  2.67111
2.86  2.61061
2.87  2.52821
2.88  2.44745
2.89  2.35919
2.9  2.26304
2.91  2.16734
2.92  2.09168
2.93  2.00587
2.94  1.9381
2.95  1.87438
2.96  1.78859
2.97  1.71842
2.98  1.64953
2.99  1.59403
3  1.54666
3.01  1.49862
3.02  1.45029
3.03  1.41436
3.04  1.36766
3.05  1.32351
3.06  1.28755
3.07  1.25691
3.08  1.22689
3.09  1.19736
3.1  1.16697
3.11  1.14482
3.12  1.11795
3.13  1.10082
3.14  1.08914
3.15  1.06331
3.16  1.06005
3.17  1.04936
3.18  1.04767
3.19  1.03579
3.2  1.03146
3.21  1.02516
3.22  1.02703
3.23  1.01979
3.24  1.01439
3.25  1.0219
3.26  1.01065
3.27  1.00438
3.28  1.00137
3.29  0.996248
3.3  0.994665
3.31  0.997607
3.32  0.990247
3.33  0.983789
3.34  0.98297
3.35  0.984095
3.36  0.985597
3.37  0.983105
3.38  0.983351
3.39  0.98187
3.4  0.973811
3.41  0.976137
3.42  0.972999
3.43  0.973996
3.44  0.972141
3.45  0.970194
3.46  0.959972
3.47  0.958946
3.48  0.953728
3.49  0.957829
3.5  0.964785
3.51  0.96285
3.52  0.968924
3.53  0.963534
3.54  0.962329
3.55  0.953347
3.56  0.955367
3.57  0.957348
3.58  0.960462
3.59  0.960932
3.6  0.955957
3.61  0.948102
3.62  0.94982
3.63  0.95614
3.64  0.957682
3.65  0.960142
3.66  0.961183
3.67  0.963142
3.68  0.960893
3.69  0.961618
3.7  0.959795
3.71  0.956973
3.72  0.954336
3.73  0.952621
3.74  0.949429
3.75  0.948061
3.76  0.945308
3.77  0.940786
3.78  0.933959
3.79  0.934976
3.8  0.936367
3.81  0.943212
3.82  0.941914
3.83  0.942423
3.84  0.940101
3.85  0.948133
3.86  0.95808
3.87  0.967604
3.88  0.981153
3.89  0.987541
3.9  0.99711
3.91  1.00084
3.92  1.00422
3.93  1.0062
3.94  1.01499
3.95  1.01924
3.96  1.0224
3.97  1.02611
3.98  1.02976
3.99  1.02562
4  1.02432
4.01  1.02789
4.02  1.02692
4.03  1.03191
4.04  1.03337
4.05  1.02631
4.06  1.01804
4.07  1.00421
4.08  0.997559
4.09  0.995512
4.1  0.987988
4.11  0.98414
4.12  0.981678
4.13  0.97862
4.14  0.972352
4.15  0.965529
4.16  0.963357
4.17  0.96789
4.18  0.963331
4.19  0.961167
4.2  0.963719
4.21  0.959015
4.22  0.955964
4.23  0.95087
4.24  0.951518
4.25  0.958534
4.26  0.962551
4.27  0.963297
4.28  0.958673
4.29  0.952956
4.3  0.954015
4.31  0.952883
4.32  0.955763
4.33  0.955904
4.34  0.954441
4.35  0.955297
4.36  0.951526
4.37  0.953394
4.38  0.958417
4.39  0.957226
4.4  0.95306
4.41  0.956329
4.42  0.954425
4.43  0.95347
4.44  0.952922
4.45  0.946607
4.46  0.948682
4.47  0.943866
4.48  0.943504
4.49  0.950057
4.5  0.953295
4.51  0.953436
4.52  0.956557
4.53  0.955934
4.54  0.957822
4.55  0.960966
4.56  0.957145
4.57  0.960191
4.58  0.962322
4.59  0.959282
4.6  0.958711
4.61  0.953526
4.62  0.947351
4.63  0.947725
4.64  0.942199
4.65  0.937671
4.66  0.937527
4.67  0.937692
4.68  0.931478
4.69  0.933641
4.7  0.930925
4.71  0.931445
4.72  0.933764
4.73  0.929097
4.74  0.930825
4.75  0.930077
4.76  0.929124
4.77  0.926043
4.78  0.927318
4.79  0.928123
4.8  0.928362
4.81  0.928591
4.82  0.927173
4.83  0.931247
4.84  0.930007
4.85  0.933674
4.86  0.936473
4.87  0.935546
4.88  0.936702
4.89  0.929886
4.9  0.930464
4.91  0.926152
4.92  0.926008
4.93  0.927759
4.94  0.932744
4.95  0.927898
4.96  0.929454
4.97  0.930665
4.98  0.932369
4.99  0.935209
5  0.932948
5.01  0.93336
5.02  0.932801
5.03  0.92823
5.04  0.92446
5.05  0.926045
5.06  0.924099
5.07  0.925256
5.08  0.924699
5.09  0.924806
5.1  0.928096
5.11  0.927514
5.12  0.934975
5.13  0.939612
5.14  0.941195
5.15  0.945323
5.16  0.943524
5.17  0.943328
5.18  0.942137
5.19  0.944116
5.2  0.943815
5.21  0.94597
5.22  0.944337
5.23  0.947429
5.24  0.949484
5.25  0.950764
5.26  0.955651
5.27  0.955182
5.28  0.959051
5.29  0.960208
5.3  0.96106
5.31  0.966724
5.32  0.968754
5.33  0.968571
5.34  0.968059
5.35  0.968109
5.36  0.970197
5.37  0.973382
5.38  0.972117
5.39  0.972204
5.4  0.970266
5.41  0.969715
5.42  0.970849
5.43  0.973766
5.44  0.976694
5.45  0.977732
5.46  0.975506
5.47  0.973215
5.48  0.972928
5.49  0.976004
5.5  0.978631
5.51  0.978309
5.52  0.977719
5.53  0.973697
5.54  0.971424
5.55  0.971182
5.56  0.969034
5.57  0.973285
5.58  0.973946
5.59  0.974412
5.6  0.975419
5.61  0.978171
5.62  0.976444
5.63  0.976071
5.64  0.974352
5.65  0.973649
5.66  0.979315
5.67  0.97651
5.68  0.97922
5.69  0.979734
5.7  0.977647
5.71  0.979103
5.72  0.979595
5.73  0.981479
5.74  0.98401
5.75  0.984286
5.76  0.985179
5.77  0.988381
5.78  0.984929
5.79  0.984935
5.8  0.987948
5.81  0.989161
5.82  0.991413
5.83  0.994594
5.84  0.998154
5.85  1.00246
5.86  1.00172
5.87  1.00246
5.88  1.00916
5.89  1.00936
5.9  1.01425
5.91  1.01768
5.92  1.01872
5.93  1.0167
5.94  1.01658
5.95  1.01626
5.96  1.01824
5.97  1.01929
5.98  1.01827
5.99  1.02017
6  1.01924
6.01  1.01904
6.02  1.0198
6.03  1.02364
6.04  1.0298
6.05  1.0309
6.06  1.03064
6.07  1.031
6.08  1.0326
6.09  1.03537
6.1  1.03771
6.11  1.03539
6.12  1.03731
6.13  1.03791
6.14  1.03735
6.15  1.03846
6.16  1.04134
6.17  1.0436
6.18  1.04832
6.19  1.04851
6.2  1.04526
6.21  1.04877
6.22  1.04772
6.23  1.04712
6.24  1.04717
6.25  1.04807
6.26  1.04967
6.27  1.05037
6.28  1.04402
6.29  1.04169
6.3  1.04782
6.31  1.04755
6.32  1.04931
6.33  1.05201
6.34  1.0481
6.35  1.04623
6.36  1.04345
6.37  1.04069
6.38  1.0427
6.39  1.04607
6.4  1.04266
6.41  1.03995
6.42  1.04026
6.43  1.0365
6.44  1.03778
6.45  1.03953
6.46  1.04004
6.47  1.04027
6.48  1.04203
6.49  1.03923
6.5  1.03563
6.51  1.03936
6.52  1.03647
6.53  1.03749
6.54  1.03793
6.55  1.03721
6.56  1.03675
6.57  1.04009
6.58  1.03789
6.59  1.03689
6.6  1.03788
6.61  1.03434
6.62  1.03498
6.63  1.03278
6.64  1.03025
6.65  1.02861
6.66  1.0281
6.67  1.02437
6.68  1.02128
6.69  1.02147
6.7  1.01879
6.71  1.01606
6.72  1.01207
6.73  1.01354
6.74  1.01234
6.75  1.01394
6.76  1.01037
6.77  1.00638
6.78  1.00818
6.79  1.00641
6.8  1.00607
6.81  1.00719
6.82  1.00684
6.83  1.0059
6.84  1.00769
6.85  1.0063
6.86  1.00537
6.87  1.00658
6.88  1.00616
6.89  1.00625
6.9  1.00753
6.91  1.00331
6.92  1.00328
6.93  1.00379
6.94  1.00341
6.95  0.998332
6.96  1.00011
6.97  1.00156
6.98  1.00169
6.99  0.999514
7  0.998684
7.01  1.00067
7.02  1.00247
7.03  1.00135
7.04  0.996902
7.05  1.00203
7.06  1.0019
7.07  1.00163
7.08  0.998939
7.09  0.998989
7.1  0.998989
7.11  0.99682
7.12  0.997456
7.13  0.997176
7.14  0.997754
7.15  0.992823
7.16  0.993515
7.17  0.993817
7.18  0.995992
7.19  0.998553
7.2  0.998471
7.21  1.00025
7.22  0.999316
7.23  0.997986
7.24  0.999256
7.25  1.00244
7.26  1.00146
7.27  1.00128
7.28  0.998615
7.29  1.00039
7.3  1.0004
7.31  0.998028
7.32  0.996658
7.33  0.995185
7.34  0.992453
7.35  0.991761
7.36  0.988897
7.37  0.986937
7.38  0.987437
7.39  0.984135
7.4  0.985076
7.41  0.98559
7.42  0.987792
7.43  0.98858
7.44  0.991651
7.45  0.991628
7.46  0.994399
7.47  0.992069
7.48  0.989232
7.49  0.990681
7.5  0.989968
7.51  0.993342
7.52  0.991578
7.53  0.990735
7.54  0.991232
7.55  0.990547
7.56  0.989927
7.57  0.9922
7.58  0.993838
7.59  0.990401
7.6  0.988435
7.61  0.985401
7.62  0.982836
7.63  0.983726
7.64  0.981153
7.65  0.978727
7.66  0.979238
7.67  0.981584
7.68  0.981434
7.69  0.979799
7.7  0.979531
7.71  0.978562
7.72  0.981212
7.73  0.98342
7.74  0.985346
7.75  0.986183
7.76  0.987221
7.77  0.982677
7.78  0.981752
7.79  0.985426
