0.01  0
0.02  0
0.03  0
0.04  0
0.05  0
0.06  0
0.07  0
0.08  0
0.09  0
0.1  0
0.11  0
0.12  0
0.13  0
0.14  0
0.15  0
0.16  0
0.17  0
0.18  0
0.19  0
0.2  0
0.21  0
0.22  0
0.23  0
0.24  0
0.25  0
0.26  0
0.27  0
0.28  0
0.29  0
0.3  0
0.31  0
0.32  0
0.33  0
0.34  0
0.35  0
0.36  0
0.37  0
0.38  0
0.39  0
0.4  0
0.41  0
0.42  0
0.43  0
0.44  0
0.45  0
0.46  0
0.47  0
0.48  0
0.49  0
0.5  0
0.51  0
0.52  0
0.53  0
0.54  0
0.55  0
0.56  0
0.57  0
0.58  0
0.59  0
0.6  0
0.61  0
0.62  0
0.63  0
0.64  0
0.65  0
0.66  0
0.67  0
0.68  0
0.69  0
0.7  0
0.71  0
0.72  0
0.73  0
0.74  0
0.75  0
0.76  0
0.77  0
0.78  0
0.79  0
0.8  0
0.81  0
0.82  0
0.83  0
0.84  0
0.85  0
0.86  0
0.87  0
0.88  0
0.89  0
0.9  0
0.91  0
0.92  0
0.93  0
0.94  0
0.95  0
0.96  0
0.97  0
0.98  0
0.99  0
1  0
1.01  0
1.02  0
1.03  0
1.04  0
1.05  0
1.06  0
1.07  0
1.08  0
1.09  0
1.1  0
1.11  0
1.12  0
1.13  0
1.14  0
1.15  0
1.16  0
1.17  0
1.18  0
1.19  0
1.2  0
1.21  0
1.22  0
1.23  0
1.24  0
1.25  0
1.26  0
1.27  0
1.28  0
1.29  0
1.3  0
1.31  0
1.32  0
1.33  0
1.34  0
1.35  0
1.36  0
1.37  0
1.38  0
1.39  0
1.4  0
1.41  0
1.42  0
1.43  0
1.44  0
1.45  0
1.46  0
1.47  0
1.48  0
1.49  0
1.5  0
1.51  0
1.52  0
1.53  0
1.54  0
1.55  0
1.56  0
1.57  0
1.58  0
1.59  0
1.6  0
1.61  0
1.62  0
1.63  0
1.64  0
1.65  0
1.66  0
1.67  0
1.68  0
1.69  0
1.7  0
1.71  0
1.72  0
1.73  0
1.74  0
1.75  0
1.76  0
1.77  0
1.78  0
1.79  0
1.8  0
1.81  0
1.82  0
1.83  0
1.84  0
1.85  0
1.86  0
1.87  0
1.88  0
1.89  0
1.9  0
1.91  0
1.92  0
1.93  0
1.94  0
1.95  0
1.96  0
1.97  0
1.98  0
1.99  0
2  0
2.01  0
2.02  0
2.03  0
2.04  0
2.05  0
2.06  0
2.07  0
2.08  0
2.09  0
2.1  0
2.11  0
2.12  0
2.13  0
2.14  0
2.15  0
2.16  0
2.17  0
2.18  0
2.19  0
2.2  0
2.21  0
2.22  0
2.23  0
2.24  0
2.25  0
2.26  0
2.27  0
2.28  0
2.29  0
2.3  0
2.31  0
2.32  0
2.33  0
2.34  0
2.35  0
2.36  0
2.37  0
2.38  0
2.39  0.000361473
2.4  0.000716933
2.41  0.00124424
2.42  0.00229168
2.43  0.00332187
2.44  0.00364151
2.45  0.00498778
2.46  0.00784746
2.47  0.0116761
2.48  0.0172892
2.49  0.023811
2.5  0.0351837
2.51  0.0489965
2.52  0.0669787
2.53  0.0906436
2.54  0.123375
2.55  0.158767
2.56  0.208096
2.57  0.274942
2.58  0.349122
2.59  0.441851
2.6  0.544598
2.61  0.668948
2.62  0.797705
2.63  0.954934
2.64  1.11465
2.65  1.2912
2.66  1.46097
2.67  1.64483
2.68  1.83999
2.69  2.00938
2.7  2.18911
2.71  2.35699
2.72  2.51105
2.73  2.65019
2.74  2.77169
2.75  2.87962
2.76  2.97006
2.77  3.04095
2.78  3.08831
2.79  3.12855
2.8  3.13652
2.81  3.13111
2.82  3.12893
2.83  3.10351
2.84  3.05788
2.85  3.00087
2.86  2.93865
2.87  2.85717
2.88  2.77948
2.89  2.68637
2.9  2.59802
2.91  2.50388
2.92  2.40116
2.93  2.29448
2.94  2.20819
2.95  2.11222
2.96  2.0281
2.97  1.95559
2.98  1.86623
2.99  1.80827
3  1.74025
3.01  1.66877
3.02  1.60737
3.03  1.54696
3.04  1.48296
3.05  1.43341
3.06  1.38271
3.07  1.32574
3.08  1.28809
3.09  1.2457
3.1  1.20137
3.11  1.17167
3.12  1.14497
3.13  1.10922
3.14  1.08447
3.15  1.05928
3.16  1.03935
3.17  1.0177
3.18  0.995897
3.19  0.960749
3.2  0.942151
3.21  0.925069
3.22  0.904994
3.23  0.904149
3.24  0.893856
3.25  0.882795
3.26  0.870488
3.27  0.856
3.28  0.841768
3.29  0.843716
3.3  0.842877
3.31  0.83242
3.32  0.823105
3.33  0.812303
3.34  0.808927
3.35  0.804105
3.36  0.803349
3.37  0.808315
3.38  0.811399
3.39  0.808328
3.4  0.804473
3.41  0.809262
3.42  0.812392
3.43  0.810558
3.44  0.812133
3.45  0.818534
3.46  0.813638
3.47  0.809985
3.48  0.814371
3.49  0.812254
3.5  0.814108
3.51  0.813581
3.52  0.813299
3.53  0.812508
3.54  0.812126
3.55  0.811735
3.56  0.814594
3.57  0.819353
3.58  0.811479
3.59  0.820822
3.6  0.821446
3.61  0.823478
3.62  0.830751
3.63  0.837462
3.64  0.843619
3.65  0.841483
3.66  0.84691
3.67  0.849889
3.68  0.853662
3.69  0.853666
3.7  0.851471
3.71  0.851088
3.72  0.849055
3.73  0.849777
3.74  0.848487
3.75  0.852704
3.76  0.848758
3.77  0.851306
3.78  0.856418
3.79  0.860458
3.8  0.872593
3.81  0.880395
3.82  0.882227
3.83  0.888817
3.84  0.890636
3.85  0.899249
3.86  0.909977
3.87  0.913484
3.88  0.922361
3.89  0.921921
3.9  0.924462
3.91  0.92602
3.92  0.92802
3.93  0.931391
3.94  0.933186
3.95  0.936473
3.96  0.942481
3.97  0.945731
3.98  0.945937
3.99  0.955533
4  0.957729
4.01  0.961305
4.02  0.965344
4.03  0.96876
4.04  0.97719
4.05  0.97816
4.06  0.978546
4.07  0.985212
4.08  0.991799
4.09  0.995039
4.1  1.00426
4.11  1.00756
4.12  1.01989
4.13  1.02531
4.14  1.03126
4.15  1.03463
4.16  1.03885
4.17  1.0404
4.18  1.04601
4.19  1.04414
4.2  1.04397
4.21  1.04414
4.22  1.03891
4.23  1.04445
4.24  1.0486
4.25  1.05047
4.26  1.05755
4.27  1.05583
4.28  1.05355
4.29  1.05835
4.3  1.05829
4.31  1.06939
4.32  1.07142
4.33  1.07049
4.34  1.0671
4.35  1.06471
4.36  1.06494
4.37  1.0698
4.38  1.07504
4.39  1.07861
4.4  1.08592
4.41  1.08435
4.42  1.08605
4.43  1.08468
4.44  1.08786
4.45  1.09675
4.46  1.09629
4.47  1.09951
4.48  1.09388
4.49  1.09839
4.5  1.09927
4.51  1.10293
4.52  1.10366
4.53  1.10473
4.54  1.10999
4.55  1.10611
4.56  1.10732
4.57  1.1093
4.58  1.11421
4.59  1.11137
4.6  1.10854
4.61  1.10029
4.62  1.10134
4.63  1.10367
4.64  1.10328
4.65  1.10694
4.66  1.10666
4.67  1.10491
4.68  1.09982
4.69  1.09757
4.7  1.09408
4.71  1.09688
4.72  1.10174
4.73  1.1041
4.74  1.09774
4.75  1.09459
4.76  1.08863
4.77  1.08521
4.78  1.08799
4.79  1.08876
4.8  1.09001
4.81  1.0886
4.82  1.08182
4.83  1.07346
4.84  1.07299
4.85  1.07239
4.86  1.07388
4.87  1.07318
4.88  1.07346
4.89  1.06955
4.9  1.06919
4.91  1.06737
4.92  1.06576
4.93  1.06726
4.94  1.06421
4.95  1.06451
4.96  1.06207
4.97  1.05905
4.98  1.05464
4.99  1.05361
5  1.04725
5.01  1.04455
5.02  1.03925
5.03  1.03426
5.04  1.03589
5.05  1.02662
5.06  1.01841
5.07  1.01379
5.08  1.008
5.09  1.00632
5.1  1.0042
5.11  0.999802
5.12  1.00015
5.13  0.995081
5.14  0.991838
5.15  0.992583
5.16  0.994789
5.17  0.994923
5.18  0.993046
5.19  0.985928
5.2  0.98107
5.21  0.979096
5.22  0.973112
5.23  0.971093
5.24  0.962879
5.25  0.957565
5.26  0.952622
5.27  0.948005
5.28  0.943493
5.29  0.94277
5.3  0.940502
5.31  0.93656
5.32  0.935194
5.33  0.935178
5.34  0.934321
5.35  0.935124
5.36  0.931818
5.37  0.927276
5.38  0.921693
5.39  0.918986
5.4  0.916011
5.41  0.916754
5.42  0.917135
5.43  0.912745
5.44  0.91016
5.45  0.906057
5.46  0.905408
5.47  0.902344
5.48  0.9028
5.49  0.898521
5.5  0.894676
5.51  0.892655
5.52  0.889628
5.53  0.889417
5.54  0.890852
5.55  0.887578
5.56  0.887193
5.57  0.889068
5.58  0.891587
5.59  0.892596
5.6  0.897114
5.61  0.89523
5.62  0.893649
5.63  0.892399
5.64  0.888167
5.65  0.892269
5.66  0.890151
5.67  0.890578
5.68  0.889589
5.69  0.887868
5.7  0.889045
5.71  0.888783
5.72  0.889876
5.73  0.89218
5.74  0.894088
5.75  0.893448
5.76  0.895793
5.77  0.898583
5.78  0.899246
5.79  0.903596
5.8  0.904656
5.81  0.90815
5.82  0.912804
5.83  0.915811
5.84  0.918156
5.85  0.920088
5.86  0.922272
5.87  0.922188
5.88  0.92422
5.89  0.925221
5.9  0.926803
5.91  0.925561
5.92  0.921551
5.93  0.923262
5.94  0.925832
5.95  0.924937
5.96  0.928929
5.97  0.933091
5.98  0.934534
5.99  0.93812
6  0.937806
6.01  0.945578
6.02  0.952922
6.03  0.953541
6.04  0.954262
6.05  0.958754
6.06  0.958909
6.07  0.957966
6.08  0.960823
6.09  0.961065
6.1  0.964686
6.11  0.961559
6.12  0.961645
6.13  0.964114
6.14  0.970232
6.15  0.973301
6.16  0.974036
6.17  0.976983
6.18  0.980824
6.19  0.983667
6.2  0.985411
6.21  0.988076
6.22  0.98853
6.23  0.991052
6.24  0.991749
6.25  0.989978
6.26  0.993352
6.27  0.996725
6.28  0.995988
6.29  0.995955
6.3  0.999584
6.31  1.00282
6.32  1.00446
6.33  1.00232
6.34  1.00317
6.35  1.00679
6.36  1.00812
6.37  1.00967
6.38  1.013
6.39  1.01759
6.4  1.01739
6.41  1.02135
6.42  1.02749
6.43  1.03376
6.44  1.032
6.45  1.03359
6.46  1.03521
6.47  1.03912
6.48  1.04113
6.49  1.03841
6.5  1.0405
6.51  1.03925
6.52  1.04056
6.53  1.03839
6.54  1.04021
6.55  1.04724
6.56  1.04705
6.57  1.04559
6.58  1.04699
6.59  1.05016
6.6  1.04985
6.61  1.05036
6.62  1.05011
6.63  1.05064
6.64  1.0522
6.65  1.04521
6.66  1.0478
6.67  1.04775
6.68  1.04593
6.69  1.0489
6.7  1.05076
6.71  1.05238
6.72  1.05304
6.73  1.05245
6.74  1.05453
6.75  1.05929
6.76  1.05873
6.77  1.05991
6.78  1.0611
6.79  1.05966
6.8  1.05819
6.81  1.05945
6.82  1.05799
6.83  1.05963
6.84  1.06002
6.85  1.05847
6.86  1.05984
6.87  1.05984
6.88  1.05901
6.89  1.05569
6.9  1.05563
6.91  1.05322
6.92  1.05309
6.93  1.0544
6.94  1.05408
6.95  1.05379
6.96  1.04833
6.97  1.049
6.98  1.05115
6.99  1.05218
7  1.05263
7.01  1.04959
7.02  1.05018
7.03  1.04947
7.04  1.04437
7.05  1.04338
7.06  1.04221
7.07  1.04059
7.08  1.04016
7.09  1.04245
7.1  1.03943
7.11  1.04141
7.12  1.04072
7.13  1.04037
7.14  1.04203
7.15  1.0393
7.16  1.04387
7.17  1.04375
7.18  1.04207
7.19  1.04043
7.2  1.04007
7.21  1.03772
7.22  1.03432
7.23  1.03258
7.24  1.0321
7.25  1.03289
7.26  1.03184
7.27  1.02811
7.28  1.02723
7.29  1.02385
7.3  1.02613
7.31  1.02614
7.32  1.0266
7.33  1.02587
7.34  1.02304
7.35  1.02255
7.36  1.01916
7.37  1.01819
7.38  1.01681
7.39  1.01465
7.4  1.01021
7.41  1.00707
7.42  1.00543
7.43  1.00441
7.44  1.00434
7.45  1.00209
7.46  1.00176
7.47  1.0024
7.48  1.00245
7.49  1.00367
7.5  1.00474
7.51  1.00438
7.52  1.00076
7.53  1.00019
7.54  0.998978
7.55  0.997021
7.56  0.995849
7.57  0.995652
7.58  0.991086
7.59  0.989964
7.6  0.988254
7.61  0.989456
7.62  0.990434
7.63  0.987734
7.64  0.985131
7.65  0.984304
7.66  0.984041
7.67  0.981212
7.68  0.98244
7.69  0.98158
7.7  0.981086
7.71  0.979064
7.72  0.979769
7.73  0.980588
7.74  0.981502
7.75  0.983233
7.76  0.983307
7.77  0.986421
7.78  0.98624
7.79  0.983302
7.8  0.982394
