0.01  0
0.02  0
0.03  0
0.04  0
0.05  0
0.06  0
0.07  0
0.08  0
0.09  0
0.1  0
0.11  0
0.12  0
0.13  0
0.14  0
0.15  0
0.16  0
0.17  0
0.18  0
0.19  0
0.2  0
0.21  0
0.22  0
0.23  0
0.24  0
0.25  0
0.26  0
0.27  0
0.28  0
0.29  0
0.3  0
0.31  0
0.32  0
0.33  0
0.34  0
0.35  0
0.36  0
0.37  0
0.38  0
0.39  0
0.4  0
0.41  0
0.42  0
0.43  0
0.44  0
0.45  0
0.46  0
0.47  0
0.48  0
0.49  0
0.5  0
0.51  0
0.52  0
0.53  0
0.54  0
0.55  0
0.56  0
0.57  0
0.58  0
0.59  0
0.6  0
0.61  0
0.62  0
0.63  0
0.64  0
0.65  0
0.66  0
0.67  0
0.68  0
0.69  0
0.7  0
0.71  0
0.72  0
0.73  0
0.74  0
0.75  0
0.76  0
0.77  0
0.78  0
0.79  0
0.8  0
0.81  0
0.82  0
0.83  0
0.84  0
0.85  0
0.86  0
0.87  0
0.88  0
0.89  0
0.9  0
0.91  0
0.92  0
0.93  0
0.94  0
0.95  0
0.96  0
0.97  0
0.98  0
0.99  0
1  0
1.01  0
1.02  0
1.03  0
1.04  0
1.05  0
1.06  0
1.07  0
1.08  0
1.09  0
1.1  0
1.11  0
1.12  0
1.13  0
1.14  0
1.15  0
1.16  0
1.17  0
1.18  0
1.19  0
1.2  0
1.21  0
1.22  0
1.23  0
1.24  0
1.25  0
1.26  0
1.27  0
1.28  0
1.29  0
1.3  0
1.31  0
1.32  0
1.33  0
1.34  0
1.35  0
1.36  0
1.37  0
1.38  0
1.39  0
1.4  0
1.41  0
1.42  0
1.43  0
1.44  0
1.45  0
1.46  0
1.47  0
1.48  0
1.49  0
1.5  0
1.51  0
1.52  0
1.53  0
1.54  0
1.55  0
1.56  0
1.57  0
1.58  0
1.59  0
1.6  0
1.61  0
1.62  0
1.63  0
1.64  0
1.65  0
1.66  0
1.67  0
1.68  0
1.69  0
1.7  0
1.71  0
1.72  0
1.73  0
1.74  0
1.75  0
1.76  0
1.77  0
1.78  0
1.79  0
1.8  0
1.81  0
1.82  0
1.83  0
1.84  0
1.85  0
1.86  0
1.87  0
1.88  0
1.89  0
1.9  0
1.91  0
1.92  0
1.93  0
1.94  0
1.95  0
1.96  0
1.97  0
1.98  0
1.99  0
2  0
2.01  0
2.02  0
2.03  0
2.04  0
2.05  0
2.06  0
2.07  0
2.08  0
2.09  0
2.1  0
2.11  0
2.12  0
2.13  0
2.14  0
2.15  0
2.16  0
2.17  0
2.18  0
2.19  0
2.2  0
2.21  0
2.22  0
2.23  0
2.24  0
2.25  0
2.26  0
2.27  0
2.28  0
2.29  0
2.3  0
2.31  0
2.32  0
2.33  0
2.34  0
2.35  0.000208728
2.36  0.000206962
2.37  0.00020522
2.38  0.000203499
2.39  0.000403599
2.4  0.00100061
2.41  0.00119078
2.42  0.0021651
2.43  0.00409942
2.44  0.00580841
2.45  0.00883367
2.46  0.013524
2.47  0.0194607
2.48  0.0260511
2.49  0.0375551
2.5  0.0485055
2.51  0.0706246
2.52  0.0969293
2.53  0.127499
2.54  0.165626
2.55  0.216978
2.56  0.278254
2.57  0.353232
2.58  0.444011
2.59  0.549534
2.6  0.663824
2.61  0.801226
2.62  0.949275
2.63  1.10305
2.64  1.27036
2.65  1.44446
2.66  1.62651
2.67  1.80579
2.68  1.97177
2.69  2.1389
2.7  2.31251
2.71  2.46154
2.72  2.61703
2.73  2.74638
2.74  2.87207
2.75  2.96478
2.76  3.05667
2.77  3.11637
2.78  3.17915
2.79  3.21815
2.8  3.24167
2.81  3.23732
2.82  3.21339
2.83  3.19374
2.84  3.15643
2.85  3.12197
2.86  3.06438
2.87  3.0141
2.88  2.94845
2.89  2.87784
2.9  2.79553
2.91  2.72789
2.92  2.64002
2.93  2.55933
2.94  2.47367
2.95  2.38063
2.96  2.29116
2.97  2.20388
2.98  2.12032
2.99  2.03628
3  1.95754
3.01  1.88081
3.02  1.82136
3.03  1.75349
3.04  1.68784
3.05  1.62759
3.06  1.57906
3.07  1.52733
3.08  1.48036
3.09  1.43506
3.1  1.38983
3.11  1.34445
3.12  1.2983
3.13  1.2626
3.14  1.22055
3.15  1.19214
3.16  1.15505
3.17  1.12415
3.18  1.09931
3.19  1.07407
3.2  1.05172
3.21  1.03668
3.22  1.01847
3.23  0.996812
3.24  0.985947
3.25  0.977924
3.26  0.964666
3.27  0.955434
3.28  0.93751
3.29  0.927772
3.3  0.922794
3.31  0.90639
3.32  0.897799
3.33  0.892624
3.34  0.888216
3.35  0.873985
3.36  0.868586
3.37  0.869326
3.38  0.869639
3.39  0.871938
3.4  0.868413
3.41  0.87086
3.42  0.870703
3.43  0.871707
3.44  0.873758
3.45  0.879837
3.46  0.882365
3.47  0.876234
3.48  0.873775
3.49  0.8701
3.5  0.864476
3.51  0.865171
3.52  0.865845
3.53  0.863906
3.54  0.864183
3.55  0.86179
3.56  0.86205
3.57  0.866633
3.58  0.869173
3.59  0.866842
3.6  0.875464
3.61  0.874865
3.62  0.877428
3.63  0.884321
3.64  0.886778
3.65  0.882012
3.66  0.880124
3.67  0.879699
3.68  0.879266
3.69  0.882295
3.7  0.878879
3.71  0.880429
3.72  0.877952
3.73  0.874492
3.74  0.867102
3.75  0.876583
3.76  0.876574
3.77  0.880202
3.78  0.879505
3.79  0.878561
3.8  0.880728
3.81  0.876589
3.82  0.879272
3.83  0.883487
3.84  0.884754
3.85  0.883897
3.86  0.88675
3.87  0.882019
3.88  0.888351
3.89  0.897883
3.9  0.90162
3.91  0.911189
3.92  0.91945
3.93  0.924702
3.94  0.928478
3.95  0.933979
3.96  0.949114
3.97  0.960575
3.98  0.961576
3.99  0.974645
4  0.983755
4.01  0.99183
4.02  0.995747
4.03  1.00252
4.04  1.01444
4.05  1.02167
4.06  1.01678
4.07  1.01367
4.08  1.02671
4.09  1.01467
4.1  1.01343
4.11  1.01751
4.12  1.01753
4.13  1.01059
4.14  1.00779
4.15  1.00763
4.16  1.00286
4.17  1.00647
4.18  0.994733
4.19  0.992814
4.2  0.994104
4.21  0.987046
4.22  0.982503
4.23  0.981728
4.24  0.979538
4.25  0.970723
4.26  0.970744
4.27  0.961906
4.28  0.962448
4.29  0.961349
4.3  0.953391
4.31  0.954372
4.32  0.950576
4.33  0.950371
4.34  0.9452
4.35  0.947804
4.36  0.947706
4.37  0.95273
4.38  0.95355
4.39  0.95591
4.4  0.957882
4.41  0.955499
4.42  0.954425
4.43  0.950592
4.44  0.957483
4.45  0.956851
4.46  0.95326
4.47  0.947846
4.48  0.946031
4.49  0.942967
4.5  0.941342
4.51  0.938701
4.52  0.940646
4.53  0.943182
4.54  0.934726
4.55  0.93296
4.56  0.936024
4.57  0.939714
4.58  0.939132
4.59  0.941719
4.6  0.941769
4.61  0.943328
4.62  0.944381
4.63  0.948262
4.64  0.956494
4.65  0.952918
4.66  0.951381
4.67  0.94932
4.68  0.947372
4.69  0.946533
4.7  0.949241
4.71  0.94963
4.72  0.950787
4.73  0.946821
4.74  0.94401
4.75  0.945863
4.76  0.942555
4.77  0.942812
4.78  0.944774
4.79  0.947113
4.8  0.943521
4.81  0.939951
4.82  0.94181
4.83  0.937621
4.84  0.934584
4.85  0.937986
4.86  0.941744
4.87  0.944149
4.88  0.947884
4.89  0.944059
4.9  0.94189
4.91  0.94499
4.92  0.939342
4.93  0.9445
4.94  0.947293
4.95  0.943093
4.96  0.944916
4.97  0.943825
4.98  0.934693
4.99  0.932108
5  0.934746
5.01  0.935886
5.02  0.934448
5.03  0.933971
5.04  0.934352
5.05  0.934317
5.06  0.931843
5.07  0.932789
5.08  0.937072
5.09  0.94109
5.1  0.94179
5.11  0.938329
5.12  0.940648
5.13  0.938079
5.14  0.937094
5.15  0.938152
5.16  0.937593
5.17  0.936255
5.18  0.935951
5.19  0.93239
5.2  0.932178
5.21  0.934037
5.22  0.937654
5.23  0.939507
5.24  0.939997
5.25  0.943822
5.26  0.942694
5.27  0.944931
5.28  0.949831
5.29  0.956089
5.3  0.957079
5.31  0.959856
5.32  0.959549
5.33  0.962445
5.34  0.962118
5.35  0.960256
5.36  0.96434
5.37  0.965108
5.38  0.965427
5.39  0.963752
5.4  0.963467
5.41  0.964044
5.42  0.964218
5.43  0.964422
5.44  0.965282
5.45  0.966516
5.46  0.968198
5.47  0.970865
5.48  0.97028
5.49  0.974703
5.5  0.978402
5.51  0.974095
5.52  0.971401
5.53  0.971585
5.54  0.974991
5.55  0.976758
5.56  0.977162
5.57  0.980604
5.58  0.983757
5.59  0.979871
5.6  0.980786
5.61  0.986375
5.62  0.992028
5.63  0.992726
5.64  0.991818
5.65  0.990909
5.66  0.989318
5.67  0.983609
5.68  0.982471
5.69  0.984362
5.7  0.982365
5.71  0.985113
5.72  0.980476
5.73  0.978986
5.74  0.981246
5.75  0.984809
5.76  0.988168
5.77  0.993436
5.78  0.99252
5.79  0.989852
5.8  0.989388
5.81  0.983492
5.82  0.985628
5.83  0.98988
5.84  0.987034
5.85  0.984976
5.86  0.986283
5.87  0.982758
5.88  0.984486
5.89  0.984236
5.9  0.985174
5.91  0.986859
5.92  0.9906
5.93  0.98995
5.94  0.990833
5.95  0.99239
5.96  0.990944
5.97  0.994193
5.98  0.995061
5.99  0.999741
6  1.00128
6.01  1.00239
6.02  1.00561
6.03  1.00754
6.04  1.01087
6.05  1.01002
6.06  1.01065
6.07  1.01142
6.08  1.01233
6.09  1.01417
6.1  1.01193
6.11  1.01838
6.12  1.01727
6.13  1.01813
6.14  1.01943
6.15  1.02246
6.16  1.02196
6.17  1.02008
6.18  1.01859
6.19  1.02114
6.2  1.0266
6.21  1.02342
6.22  1.02529
6.23  1.02716
6.24  1.02642
6.25  1.02857
6.26  1.03326
6.27  1.03454
6.28  1.03814
6.29  1.03986
6.3  1.0419
6.31  1.04338
6.32  1.04083
6.33  1.04008
6.34  1.04098
6.35  1.03957
6.36  1.03918
6.37  1.03742
6.38  1.0348
6.39  1.03345
6.4  1.03135
6.41  1.03105
6.42  1.03014
6.43  1.03011
6.44  1.03089
6.45  1.02806
6.46  1.027
6.47  1.03107
6.48  1.03182
6.49  1.02933
6.5  1.0299
6.51  1.0318
6.52  1.03229
6.53  1.03154
6.54  1.0313
6.55  1.02947
6.56  1.0288
6.57  1.02674
6.58  1.02668
6.59  1.02779
6.6  1.02817
6.61  1.02809
6.62  1.02615
6.63  1.02295
6.64  1.02178
6.65  1.02392
6.66  1.02168
6.67  1.02232
6.68  1.02076
6.69  1.01892
6.7  1.01884
6.71  1.01519
6.72  1.0198
6.73  1.01934
6.74  1.01744
6.75  1.0186
6.76  1.02192
6.77  1.02029
6.78  1.02264
6.79  1.02504
6.8  1.02387
6.81  1.02578
6.82  1.02417
6.83  1.02448
6.84  1.02708
6.85  1.02519
6.86  1.0235
6.87  1.02616
6.88  1.02345
6.89  1.02337
6.9  1.02152
6.91  1.02057
6.92  1.01911
6.93  1.01879
6.94  1.01466
6.95  1.01408
6.96  1.0135
6.97  1.00996
6.98  1.01021
6.99  1.00784
7  1.00958
7.01  1.00975
7.02  1.00682
7.03  1.00783
7.04  1.00972
7.05  1.0075
7.06  1.00412
7.07  1.00428
7.08  1.00381
7.09  1.00433
7.1  1.0029
7.11  1.00156
7.12  1.00119
7.13  0.998038
7.14  0.997821
7.15  1.00042
7.16  1.00071
7.17  0.998682
7.18  0.999681
7.19  0.998263
7.2  0.997004
7.21  0.997056
7.22  0.996507
7.23  0.997391
7.24  0.995077
7.25  0.992445
7.26  0.994261
7.27  0.995192
7.28  0.993917
7.29  0.99258
7.3  0.990857
7.31  0.989378
7.32  0.989472
7.33  0.986346
7.34  0.987233
7.35  0.986107
7.36  0.984025
7.37  0.980867
7.38  0.978929
7.39  0.979639
7.4  0.978383
7.41  0.976584
7.42  0.975188
7.43  0.977764
7.44  0.9767
7.45  0.978753
7.46  0.979133
7.47  0.979323
7.48  0.979013
7.49  0.978497
7.5  0.982222
7.51  0.984063
7.52  0.98426
7.53  0.982827
7.54  0.980101
7.55  0.977767
7.56  0.978713
7.57  0.981258
7.58  0.980135
7.59  0.978875
7.6  0.978835
7.61  0.979668
7.62  0.981724
7.63  0.981291
7.64  0.983582
7.65  0.985148
7.66  0.986841
7.67  0.986424
7.68  0.985148
7.69  0.984574
7.7  0.981864
7.71  0.979066
7.72  0.978911
7.73  0.980411
7.74  0.981632
7.75  0.978929
7.76  0.973687
7.77  0.973149
7.78  0.975011
7.79  0.97513
