0 0 0 0 0 0 0 0 0 0 0 0 0 0 0 0 0 0 0 0 0 0 0 0 0 0 0 0 0 0 0 0 0 0 0 0 0 0 0 0 0 0 
16 0.00194346 -0.00859616 0.00859616 0 0 0 0 0 0 0 0 0 0 0 0 0 0 0 0 0 0 0.00186912 -0.00856895 0.00856896 0.00194346 -0.00859616 0.00859616 1.66951e-05 -1.94966e-05 0 0 0 0 0 0 0 0 -4.60477e-05 -3.48711e-05 1.66951e-05 -1.94966e-05 
32 0.0019341 -0.00368437 0.0036844 0 0 0 0 0 0 0 0 0 0 0 0 0 0 0 0 0 0 0.00187918 -0.00362944 0.00362944 0.0019341 -0.00368437 0.0036844 0.000266895 -0.000245174 0 0 0 0 0 0 0 0 0.000211662 -0.000186726 0.000266895 -0.000245174 
48 0.00101068 -0.00118355 0.00118356 0 0 0 0 0 0 0 0 0 0 0 0 0 0 0 0 0 0 0.000999765 -0.00113054 0.00113054 0.00101068 -0.00118355 0.00118356 7.52897e-05 0.000189703 0 0 0 0 0 0 0 0 0.000122443 0.000214894 7.52897e-05 0.000189703 
64 0.00130562 -0.0022603 0.00226032 0 0 0 0 0 0 0 0 0 0 0 0 0 0 0 0 0 0 0.00123315 -0.00223094 0.00223094 0.00130562 -0.0022603 0.00226032 -1.6353e-05 1.85174e-05 0 0 0 0 0 0 0 0 1.85806e-05 -3.09214e-05 -1.6353e-05 1.85174e-05 
80 0.00110947 -0.00206189 0.0020619 0 0 0 0 0 0 0 0 0 0 0 0 0 0 0 0 0 0 0.000991381 -0.00197898 0.00197898 0.00110947 -0.00206189 0.0020619 4.5418e-05 -0.000203549 0 0 0 0 0 0 0 0 -9.79136e-06 -0.000231141 4.5418e-05 -0.000203549 
96 0.00151678 -0.00208691 0.00208692 0 0 0 0 0 0 0 0 0 0 0 0 0 0 0 0 0 0 0.00142115 -0.00201021 0.00201021 0.00151678 -0.00208691 0.00208692 -0.000364544 0.000327 0 0 0 0 0 0 0 0 -0.000427787 0.000307249 -0.000364544 0.000327 
112 0.0024362 -0.00180947 0.00180948 0 0 0 0 0 0 0 0 0 0 0 0 0 0 0 0 0 0 0.00235481 -0.00170685 0.00170686 0.0024362 -0.00180947 0.00180948 -3.87076e-05 0.000319933 0 0 0 0 0 0 0 0 -5.23883e-05 0.000330727 -3.87076e-05 0.000319933 
128 0.00212034 -0.00115737 0.00115738 0 0 0 0 0 0 0 0 0 0 0 0 0 0 0 0 0 0 0.00206982 -0.00104967 0.00104967 0.00212034 -0.00115737 0.00115738 6.08694e-05 4.53669e-05 0 0 0 0 0 0 0 0 4.67159e-05 8.284e-05 6.08694e-05 4.53669e-05 
144 0.00235767 -0.00210999 0.00211001 0 0 0 0 0 0 0 0 0 0 0 0 0 0 0 0 0 0 0.00239394 -0.00203118 0.00203119 0.00235767 -0.00210999 0.00211001 -0.000393562 0.000290842 0 0 0 0 0 0 0 0 -0.000398888 0.000324309 -0.000393562 0.000290842 
160 0.0022701 -0.00205902 0.00205903 0 0 0 0 0 0 0 0 0 0 0 0 0 0 0 0 0 0 0.00223359 -0.00192806 0.00192808 0.0022701 -0.00205902 0.00205903 -0.000105339 0.000339933 0 0 0 0 0 0 0 0 -0.000124393 0.00031958 -0.000105339 0.000339933 
176 0.00188477 -0.00170975 0.00170977 0 0 0 0 0 0 0 0 0 0 0 0 0 0 0 0 0 0 0.00178828 -0.00164587 0.00164588 0.00188477 -0.00170975 0.00170977 0.000250529 0.000248556 0 0 0 0 0 0 0 0 0.000243705 0.000219914 0.000250529 0.000248556 
192 0.00225989 -0.00176859 0.00176858 0 0 0 0 0 0 0 0 0 0 0 0 0 0 0 0 0 0 0.0021505 -0.00164495 0.00164496 0.00225989 -0.00176859 0.00176858 -0.000141504 0.00030961 0 0 0 0 0 0 0 0 -0.000136852 0.000284226 -0.000141504 0.00030961 
208 0.00203359 -0.00183838 0.00183839 0 0 0 0 0 0 0 0 0 0 0 0 0 0 0 0 0 0 0.00201102 -0.00177585 0.00177586 0.00203359 -0.00183838 0.00183839 -0.00031653 -4.88117e-05 0 0 0 0 0 0 0 0 -0.0003 4.818e-06 -0.00031653 -4.88117e-05 
224 0.00189138 -0.00226534 0.00226534 0 0 0 0 0 0 0 0 0 0 0 0 0 0 0 0 0 0 0.00184118 -0.00219077 0.00219077 0.00189138 -0.00226534 0.00226534 -0.000605102 -0.000322103 0 0 0 0 0 0 0 0 -0.000569717 -0.000196172 -0.000605102 -0.000322103 
240 0.00201456 -0.00206886 0.00206887 0 0 0 0 0 0 0 0 0 0 0 0 0 0 0 0 0 0 0.00189801 -0.00193942 0.00193944 0.00201456 -0.00206886 0.00206887 -0.000833847 4.45686e-06 0 0 0 0 0 0 0 0 -0.00085633 0.000101437 -0.000833847 4.45686e-06 
256 0.00225163 -0.00209367 0.0020937 0 0 0 0 0 0 0 0 0 0 0 0 0 0 0 0 0 0 0.00216516 -0.00208052 0.00208053 0.00225163 -0.00209367 0.0020937 -0.000375016 -0.000206661 0 0 0 0 0 0 0 0 -0.000396453 -0.000180974 -0.000375016 -0.000206661 
272 0.00201432 -0.00177532 0.00177534 0 0 0 0 0 0 0 0 0 0 0 0 0 0 0 0 0 0 0.00196216 -0.00176789 0.00176791 0.00201432 -0.00177532 0.00177534 -0.000539238 0.000252697 0 0 0 0 0 0 0 0 -0.00052647 0.000264425 -0.000539238 0.000252697 
288 0.00217073 -0.00198946 0.00198947 0 0 0 0 0 0 0 0 0 0 0 0 0 0 0 0 0 0 0.00204387 -0.00188539 0.00188541 0.00217073 -0.00198946 0.00198947 -0.00126071 0.000207554 0 0 0 0 0 0 0 0 -0.0011758 0.000241588 -0.00126071 0.000207554 
304 0.00230277 -0.00217307 0.00217308 0 0 0 0 0 0 0 0 0 0 0 0 0 0 0 0 0 0 0.00224035 -0.00216706 0.00216706 0.00230277 -0.00217307 0.00217308 -0.00156536 8.2078e-05 0 0 0 0 0 0 0 0 -0.00149615 0.000152357 -0.00156536 8.2078e-05 
320 0.00222156 -0.0021104 0.00211041 0 0 0 0 0 0 0 0 0 0 0 0 0 0 0 0 0 0 0.00208695 -0.00208073 0.00208073 0.00222156 -0.0021104 0.00211041 -0.00156677 0.000492316 0 0 0 0 0 0 0 0 -0.00155734 0.000600671 -0.00156677 0.000492316 
336 0.00244425 -0.00189129 0.0018913 0 0 0 0 0 0 0 0 0 0 0 0 0 0 0 0 0 0 0.00233013 -0.00194493 0.00194493 0.00244425 -0.00189129 0.0018913 -0.00168927 0.000366979 0 0 0 0 0 0 0 0 -0.0016733 0.000472082 -0.00168927 0.000366979 
352 0.00248301 -0.00284012 0.00284013 0 0 0 0 0 0 0 0 0 0 0 0 0 0 0 0 0 0 0.0023544 -0.00294346 0.00294346 0.00248301 -0.00284012 0.00284013 -0.00176641 0.00036815 0 0 0 0 0 0 0 0 -0.00174249 0.000471326 -0.00176641 0.00036815 
368 0.00209916 -0.00201018 0.00201019 0 0 0 0 0 0 0 0 0 0 0 0 0 0 0 0 0 0 0.00200382 -0.00198744 0.00198744 0.00209916 -0.00201018 0.00201019 -0.00190764 0.000632332 0 0 0 0 0 0 0 0 -0.00188945 0.000713153 -0.00190764 0.000632332 
384 0.00249701 -0.00158052 0.00158054 0 0 0 0 0 0 0 0 0 0 0 0 0 0 0 0 0 0 0.0024163 -0.00150031 0.00150032 0.00249701 -0.00158052 0.00158054 -0.00251805 0.000413379 0 0 0 0 0 0 0 0 -0.00253377 0.000464819 -0.00251805 0.000413379 
400 0.00252891 -0.00210989 0.0021099 0 0 0 0 0 0 0 0 0 0 0 0 0 0 0 0 0 0 0.00241171 -0.00204245 0.00204246 0.00252891 -0.00210989 0.0021099 -0.00262222 0.000526485 0 0 0 0 0 0 0 0 -0.00266611 0.000623615 -0.00262222 0.000526485 
416 0.0022296 -0.0021985 0.0021985 0 0 0 0 0 0 0 0 0 0 0 0 0 0 0 0 0 0 0.00205561 -0.00216598 0.00216599 0.0022296 -0.0021985 0.0021985 -0.00270592 0.000422413 0 0 0 0 0 0 0 0 -0.00268971 0.000575422 -0.00270592 0.000422413 
432 0.00202352 -0.00216858 0.00216859 0 0 0 0 0 0 0 0 0 0 0 0 0 0 0 0 0 0 0.00187519 -0.0021247 0.00212471 0.00202352 -0.00216858 0.00216859 -0.00356923 0.000704369 0 0 0 0 0 0 0 0 -0.00358753 0.000889385 -0.00356923 0.000704369 
448 0.00254221 -0.00211579 0.00211581 0 0 0 0 0 0 0 0 0 0 0 0 0 0 0 0 0 0 0.00243132 -0.00206802 0.00206803 0.00254221 -0.00211579 0.00211581 -0.00404913 0.000255839 0 0 0 0 0 0 0 0 -0.00406846 0.000379559 -0.00404913 0.000255839 
464 0.00205189 -0.00111851 0.00111853 0 0 0 0 0 0 0 0 0 0 0 0 0 0 0 0 0 0 0.00196549 -0.00108438 0.00108438 0.00205189 -0.00111851 0.00111853 -0.00456725 0.000264727 0 0 0 0 0 0 0 0 -0.00459104 0.000367149 -0.00456725 0.000264727 
480 0.0024569 -0.00181527 0.00181527 0 0 0 0 0 0 0 0 0 0 0 0 0 0 0 0 0 0 0.00234054 -0.00171951 0.00171951 0.0024569 -0.00181527 0.00181527 -0.00462574 0.000529072 0 0 0 0 0 0 0 0 -0.00460768 0.000726949 -0.00462574 0.000529072 
496 0.00214443 -0.00243385 0.00243386 0 0 0 0 0 0 0 0 0 0 0 0 0 0 0 0 0 0 0.0020825 -0.00234016 0.00234017 0.00214443 -0.00243385 0.00243386 -0.005165 0.000370928 0 0 0 0 0 0 0 0 -0.00513241 0.000562488 -0.005165 0.000370928 
512 0.00189827 -0.00256602 0.00256604 0 0 0 0 0 0 0 0 0 0 0 0 0 0 0 0 0 0 0.00181048 -0.00243686 0.00243687 0.00189827 -0.00256602 0.00256604 -0.00615691 0.000259313 0 0 0 0 0 0 0 0 -0.00613394 0.000449248 -0.00615691 0.000259313 
528 0.00196681 -0.00204004 0.00204005 0 0 0 0 0 0 0 0 0 0 0 0 0 0 0 0 0 0 0.0018313 -0.00192412 0.00192412 0.00196681 -0.00204004 0.00204005 -0.00661598 0.000374733 0 0 0 0 0 0 0 0 -0.00664776 0.000581456 -0.00661598 0.000374733 
544 0.00214098 -0.00198483 0.00198483 0 0 0 0 0 0 0 0 0 0 0 0 0 0 0 0 0 0 0.00190953 -0.00177571 0.00177572 0.00214098 -0.00198483 0.00198483 -0.00713148 0.000174193 0 0 0 0 0 0 0 0 -0.00714584 0.00036541 -0.00713148 0.000174193 
560 0.00230019 -0.00139808 0.00139808 0 0 0 0 0 0 0 0 0 0 0 0 0 0 0 0 0 0 0.00212556 -0.00129399 0.00129399 0.00230019 -0.00139808 0.00139808 -0.00752222 0.000304304 0 0 0 0 0 0 0 0 -0.00753285 0.000473435 -0.00752222 0.000304304 
576 0.002431 -0.00189558 0.00189559 0 0 0 0 0 0 0 0 0 0 0 0 0 0 0 0 0 0 0.00225982 -0.00179663 0.00179664 0.002431 -0.00189558 0.00189559 -0.00843882 0.000105162 0 0 0 0 0 0 0 0 -0.00853696 0.000269091 -0.00843882 0.000105162 
592 0.00220522 -0.00187314 0.00187316 0 0 0 0 0 0 0 0 0 0 0 0 0 0 0 0 0 0 0.00200041 -0.001778 0.00177801 0.00220522 -0.00187314 0.00187316 -0.00888116 0.000135867 0 0 0 0 0 0 0 0 -0.00891089 0.000358856 -0.00888116 0.000135867 
608 0.00228206 -0.00216085 0.00216086 0 0 0 0 0 0 0 0 0 0 0 0 0 0 0 0 0 0 0.00204332 -0.00208431 0.00208432 0.00228206 -0.00216085 0.00216086 -0.00986411 7.85046e-05 0 0 0 0 0 0 0 0 -0.00989264 0.000263989 -0.00986411 7.85046e-05 
624 0.00219116 -0.00155374 0.00155376 0 0 0 0 0 0 0 0 0 0 0 0 0 0 0 0 0 0 0.00205466 -0.00159821 0.00159821 0.00219116 -0.00155374 0.00155376 -0.0110965 0.000310591 0 0 0 0 0 0 0 0 -0.0112026 0.000413964 -0.0110965 0.000310591 
640 0.00225102 -0.00193115 0.00193117 0 0 0 0 0 0 0 0 0 0 0 0 0 0 0 0 0 0 0.00205641 -0.00193005 0.00193006 0.00225102 -0.00193115 0.00193117 -0.0123109 0.000575567 0 0 0 0 0 0 0 0 -0.0124664 0.000678165 -0.0123109 0.000575567 
656 0.00216678 -0.00153593 0.00153595 0 0 0 0 0 0 0 0 0 0 0 0 0 0 0 0 0 0 0.00190004 -0.00158959 0.0015896 0.00216678 -0.00153593 0.00153595 -0.013693 0.000438548 0 0 0 0 0 0 0 0 -0.013727 0.000542879 -0.013693 0.000438548 
672 0.00245818 -0.00205614 0.00205614 0 0 0 0 0 0 0 0 0 0 0 0 0 0 0 0 0 0 0.0022416 -0.00218532 0.00218534 0.00245818 -0.00205614 0.00205614 -0.0152143 0.000323505 0 0 0 0 0 0 0 0 -0.0152595 0.000486692 -0.0152143 0.000323505 
688 0.0020935 -0.00203208 0.00203209 0 0 0 0 0 0 0 0 0 0 0 0 0 0 0 0 0 0 0.00188261 -0.00203397 0.00203398 0.0020935 -0.00203208 0.00203209 -0.0169928 0.000126019 0 0 0 0 0 0 0 0 -0.0170712 0.000258936 -0.0169928 0.000126019 
704 0.00223026 -0.00210036 0.00210039 0 0 0 0 0 0 0 0 0 0 0 0 0 0 0 0 0 0 0.00201968 -0.00214217 0.00214218 0.00223026 -0.00210036 0.00210039 -0.0186628 0.000336206 0 0 0 0 0 0 0 0 -0.0187253 0.000490724 -0.0186628 0.000336206 
720 0.002249 -0.00179933 0.00179933 0 0 0 0 0 0 0 0 0 0 0 0 0 0 0 0 0 0 0.00192169 -0.0016718 0.00167181 0.002249 -0.00179933 0.00179933 -0.0212524 0.000209252 0 0 0 0 0 0 0 0 -0.0213473 0.000391842 -0.0212524 0.000209252 
736 0.00232435 -0.00191024 0.00191024 0 0 0 0 0 0 0 0 0 0 0 0 0 0 0 0 0 0 0.00207959 -0.00191735 0.00191735 0.00232435 -0.00191024 0.00191024 -0.0237247 0.000259443 0 0 0 0 0 0 0 0 -0.0237911 0.000470017 -0.0237247 0.000259443 
752 0.00183096 -0.00117872 0.00117873 0 0 0 0 0 0 0 0 0 0 0 0 0 0 0 0 0 0 0.00154711 -0.00116737 0.00116736 0.00183096 -0.00117872 0.00117873 -0.0261741 0.000623766 0 0 0 0 0 0 0 0 -0.0261733 0.000853039 -0.0261741 0.000623766 
768 0.00240793 -0.00156811 0.00156811 0 0 0 0 0 0 0 0 0 0 0 0 0 0 0 0 0 0 0.00215308 -0.00155772 0.00155771 0.00240793 -0.00156811 0.00156811 -0.0291764 0.000664537 0 0 0 0 0 0 0 0 -0.0291224 0.000906814 -0.0291764 0.000664537 
784 0.00242929 -0.00192678 0.00192679 0 0 0 0 0 0 0 0 0 0 0 0 0 0 0 0 0 0 0.00216943 -0.00185925 0.00185927 0.00242929 -0.00192678 0.00192679 -0.0322818 0.000730963 0 0 0 0 0 0 0 0 -0.0322452 0.000986188 -0.0322818 0.000730963 
800 0.00239729 -0.00196036 0.00196037 0 0 0 0 0 0 0 0 0 0 0 0 0 0 0 0 0 0 0.0021299 -0.0018555 0.00185551 0.00239729 -0.00196036 0.00196037 -0.0360453 0.000482127 0 0 0 0 0 0 0 0 -0.0360747 0.000766856 -0.0360453 0.000482127 
816 0.00222391 -0.00166676 0.00166677 0 0 0 0 0 0 0 0 0 0 0 0 0 0 0 0 0 0 0.00194706 -0.00155969 0.00155969 0.00222391 -0.00166676 0.00166677 -0.0399668 0.000950819 0 0 0 0 0 0 0 0 -0.039943 0.0012359 -0.0399668 0.000950819 
832 0.00250308 -0.001347 0.00134702 0 0 0 0 0 0 0 0 0 0 0 0 0 0 0 0 0 0 0.00224714 -0.00132555 0.00132556 0.00250308 -0.001347 0.00134702 -0.043696 0.00139059 0 0 0 0 0 0 0 0 -0.0436893 0.00168083 -0.043696 0.00139059 
848 0.00282451 -0.00143584 0.00143586 0 0 0 0 0 0 0 0 0 0 0 0 0 0 0 0 0 0 0.00261366 -0.00147452 0.00147452 0.00282451 -0.00143584 0.00143586 -0.0476255 0.00138024 0 0 0 0 0 0 0 0 -0.0475969 0.00167039 -0.0476255 0.00138024 
864 0.00302701 -0.00156164 0.00156166 0 0 0 0 0 0 0 0 0 0 0 0 0 0 0 0 0 0 0.00273621 -0.00150885 0.00150886 0.00302701 -0.00156164 0.00156166 -0.0529229 0.00170781 0 0 0 0 0 0 0 0 -0.0528317 0.0019549 -0.0529229 0.00170781 
880 0.0032653 -0.00198928 0.0019893 0 0 0 0 0 0 0 0 0 0 0 0 0 0 0 0 0 0 0.00293357 -0.00196989 0.00196989 0.0032653 -0.00198928 0.0019893 -0.0583165 0.0016982 0 0 0 0 0 0 0 0 -0.0582022 0.00195209 -0.0583165 0.0016982 
896 0.00309628 -0.00117138 0.0011714 0 0 0 0 0 0 0 0 0 0 0 0 0 0 0 0 0 0 0.00274792 -0.00113736 0.00113737 0.00309628 -0.00117138 0.0011714 -0.0636412 0.0021287 0 0 0 0 0 0 0 0 -0.0634984 0.00239323 -0.0636412 0.0021287 
912 0.0033135 -0.000760134 0.000760146 0 0 0 0 0 0 0 0 0 0 0 0 0 0 0 0 0 0 0.00304601 -0.000709709 0.000709721 0.0033135 -0.000760134 0.000760146 -0.0699473 0.00283628 0 0 0 0 0 0 0 0 -0.0698398 0.00311721 -0.0699473 0.00283628 
928 0.00385198 -0.000978722 0.000978726 0 0 0 0 0 0 0 0 0 0 0 0 0 0 0 0 0 0 0.00349814 -0.000846397 0.000846408 0.00385198 -0.000978722 0.000978726 -0.0760341 0.00306983 0 0 0 0 0 0 0 0 -0.0758763 0.00329546 -0.0760341 0.00306983 
944 0.00334099 -0.000758068 0.000758076 0 0 0 0 0 0 0 0 0 0 0 0 0 0 0 0 0 0 0.00296653 -0.00069113 0.000691138 0.00334099 -0.000758068 0.000758076 -0.0831158 0.00364446 0 0 0 0 0 0 0 0 -0.0829187 0.00386425 -0.0831158 0.00364446 
960 0.00443901 -0.00125742 0.00125743 0 0 0 0 0 0 0 0 0 0 0 0 0 0 0 0 0 0 0.00398586 -0.00117012 0.00117012 0.00443901 -0.00125742 0.00125743 -0.0898283 0.0041781 0 0 0 0 0 0 0 0 -0.0895661 0.0044211 -0.0898283 0.0041781 
976 0.00423047 -0.000345489 0.000345496 0 0 0 0 0 0 0 0 0 0 0 0 0 0 0 0 0 0 0.00377348 -0.000387292 0.000387291 0.00423047 -0.000345489 0.000345496 -0.0966383 0.00452712 0 0 0 0 0 0 0 0 -0.0962507 0.00472106 -0.0966383 0.00452712 
992 0.00492389 -0.000512571 0.00051258 0 0 0 0 0 0 0 0 0 0 0 0 0 0 0 0 0 0 0.00426981 -0.000579766 0.00057977 0.00492389 -0.000512571 0.00051258 -0.10435 0.00537268 0 0 0 0 0 0 0 0 -0.103986 0.00558824 -0.10435 0.00537268 
1008 0.00499979 -0.000301117 0.000301132 0 0 0 0 0 0 0 0 0 0 0 0 0 0 0 0 0 0 0.00444748 -0.000500104 0.000500123 0.00499979 -0.000301117 0.000301132 -0.111681 0.00607357 0 0 0 0 0 0 0 0 -0.111248 0.0062587 -0.111681 0.00607357 
1024 0.00559356 0.000166123 -0.000166118 0 0 0 0 0 0 0 0 0 0 0 0 0 0 0 0 0 0 0.00504195 9.09226e-05 -9.09166e-05 0.00559356 0.000166123 -0.000166118 -0.119368 0.00732623 0 0 0 0 0 0 0 0 -0.118778 0.00750197 -0.119368 0.00732623 
1040 0.00595468 8.96897e-05 -8.96763e-05 0 0 0 0 0 0 0 0 0 0 0 0 0 0 0 0 0 0 0.00540655 8.21583e-05 -8.21483e-05 0.00595468 8.96897e-05 -8.96763e-05 -0.126765 0.00788199 0 0 0 0 0 0 0 0 -0.126113 0.00806296 -0.126765 0.00788199 
1056 0.00626335 0.000136325 -0.000136314 0 0 0 0 0 0 0 0 0 0 0 0 0 0 0 0 0 0 0.00567692 0.000161897 -0.00016189 0.00626335 0.000136325 -0.000136314 -0.134099 0.00863011 0 0 0 0 0 0 0 0 -0.133364 0.00886278 -0.134099 0.00863011 
1072 0.00668681 0.000508318 -0.00050831 0 0 0 0 0 0 0 0 0 0 0 0 0 0 0 0 0 0 0.00604977 0.000589285 -0.000589271 0.00668681 0.000508318 -0.00050831 -0.141251 0.00991441 0 0 0 0 0 0 0 0 -0.140489 0.010095 -0.141251 0.00991441 
1088 0.00729145 0.000823398 -0.000823393 0 0 0 0 0 0 0 0 0 0 0 0 0 0 0 0 0 0 0.00659738 0.000905643 -0.000905639 0.00729145 0.000823398 -0.000823393 -0.1482 0.0113574 0 0 0 0 0 0 0 0 -0.147313 0.0114915 -0.1482 0.0113574 
1104 0.00753465 0.00121231 -0.0012123 0 0 0 0 0 0 0 0 0 0 0 0 0 0 0 0 0 0 0.00677728 0.00128529 -0.00128528 0.00753465 0.00121231 -0.0012123 -0.154833 0.0125485 0 0 0 0 0 0 0 0 -0.153834 0.0127085 -0.154833 0.0125485 
1120 0.007935 0.00170856 -0.00170855 0 0 0 0 0 0 0 0 0 0 0 0 0 0 0 0 0 0 0.00709782 0.00170296 -0.00170293 0.007935 0.00170856 -0.00170855 -0.160374 0.0133117 0 0 0 0 0 0 0 0 -0.159362 0.0134544 -0.160374 0.0133117 
1136 0.00839926 0.00261393 -0.00261392 0 0 0 0 0 0 0 0 0 0 0 0 0 0 0 0 0 0 0.0075642 0.00248186 -0.00248186 0.00839926 0.00261393 -0.00261392 -0.165089 0.0138586 0 0 0 0 0 0 0 0 -0.164006 0.0139998 -0.165089 0.0138586 
1152 0.00908966 0.00308897 -0.00308896 0 0 0 0 0 0 0 0 0 0 0 0 0 0 0 0 0 0 0.00810497 0.00312698 -0.00312698 0.00908966 0.00308897 -0.00308896 -0.169439 0.014548 0 0 0 0 0 0 0 0 -0.168293 0.0146839 -0.169439 0.014548 
1168 0.00952937 0.00285363 -0.00285361 0 0 0 0 0 0 0 0 0 0 0 0 0 0 0 0 0 0 0.00857395 0.00282637 -0.00282636 0.00952937 0.00285363 -0.00285361 -0.172601 0.015125 0 0 0 0 0 0 0 0 -0.171312 0.0152199 -0.172601 0.015125 
1184 0.00954575 0.00328123 -0.00328121 0 0 0 0 0 0 0 0 0 0 0 0 0 0 0 0 0 0 0.0085411 0.00324813 -0.00324812 0.00954575 0.00328123 -0.00328121 -0.174515 0.0152494 0 0 0 0 0 0 0 0 -0.173074 0.0152948 -0.174515 0.0152494 
1200 0.00941957 0.00351047 -0.00351047 0 0 0 0 0 0 0 0 0 0 0 0 0 0 0 0 0 0 0.00834883 0.00354886 -0.00354886 0.00941957 0.00351047 -0.00351047 -0.174801 0.0153009 0 0 0 0 0 0 0 0 -0.17337 0.0153528 -0.174801 0.0153009 
1216 0.0093192 0.00285039 -0.00285039 0 0 0 0 0 0 0 0 0 0 0 0 0 0 0 0 0 0 0.00822039 0.00278666 -0.00278666 0.0093192 0.00285039 -0.00285039 -0.173404 0.0149948 0 0 0 0 0 0 0 0 -0.171984 0.0150176 -0.173404 0.0149948 
1232 0.00937312 0.00309834 -0.00309832 0 0 0 0 0 0 0 0 0 0 0 0 0 0 0 0 0 0 0.00818048 0.00311793 -0.00311793 0.00937312 0.00309834 -0.00309832 -0.170979 0.014701 0 0 0 0 0 0 0 0 -0.169587 0.0147659 -0.170979 0.014701 
1248 0.00931475 0.00264846 -0.00264845 0 0 0 0 0 0 0 0 0 0 0 0 0 0 0 0 0 0 0.00812107 0.00271148 -0.00271148 0.00931475 0.00264846 -0.00264845 -0.166377 0.0136103 0 0 0 0 0 0 0 0 -0.164952 0.0136947 -0.166377 0.0136103 
1264 0.00945629 0.00257192 -0.00257189 0 0 0 0 0 0 0 0 0 0 0 0 0 0 0 0 0 0 0.00810982 0.00285653 -0.00285651 0.00945629 0.00257192 -0.00257189 -0.159942 0.0123651 0 0 0 0 0 0 0 0 -0.158448 0.0124516 -0.159942 0.0123651 
1280 0.00960498 0.00253701 -0.002537 0 0 0 0 0 0 0 0 0 0 0 0 0 0 0 0 0 0 0.00816572 0.00294057 -0.00294057 0.00960498 0.00253701 -0.002537 -0.151602 0.0109064 0 0 0 0 0 0 0 0 -0.15018 0.0109817 -0.151602 0.0109064 
1296 0.00964868 0.00236916 -0.00236915 0 0 0 0 0 0 0 0 0 0 0 0 0 0 0 0 0 0 0.00812379 0.00288004 -0.00288004 0.00964868 0.00236916 -0.00236915 -0.141701 0.00893965 0 0 0 0 0 0 0 0 -0.140542 0.00906032 -0.141701 0.00893965 
1312 0.00986787 0.00233067 -0.00233066 0 0 0 0 0 0 0 0 0 0 0 0 0 0 0 0 0 0 0.00839843 0.00282132 -0.00282132 0.00986787 0.00233067 -0.00233066 -0.130348 0.00718942 0 0 0 0 0 0 0 0 -0.129387 0.00733795 -0.130348 0.00718942 
1328 0.0106037 0.00224117 -0.00224117 0 0 0 0 0 0 0 0 0 0 0 0 0 0 0 0 0 0 0.00898842 0.00300261 -0.00300261 0.0106037 0.00224117 -0.00224117 -0.11707 0.00554406 0 0 0 0 0 0 0 0 -0.116131 0.00565593 -0.11707 0.00554406 
1344 0.0102134 0.00299148 -0.00299146 0 0 0 0 0 0 0 0 0 0 0 0 0 0 0 0 0 0 0.00847075 0.00404192 -0.00404191 0.0102134 0.00299148 -0.00299146 -0.10236 0.00351291 0 0 0 0 0 0 0 0 -0.101606 0.00368118 -0.10236 0.00351291 
1360 0.0113931 0.00258452 -0.0025845 0 0 0 0 0 0 0 0 0 0 0 0 0 0 0 0 0 0 0.00955472 0.00411805 -0.00411803 0.0113931 0.00258452 -0.0025845 -0.0870654 0.00176286 0 0 0 0 0 0 0 0 -0.0867696 0.00200508 -0.0870654 0.00176286 
1376 0.0124129 0.00331564 -0.00331563 0 0 0 0 0 0 0 0 0 0 0 0 0 0 0 0 0 0 0.00996235 0.00619864 -0.00619863 0.0124129 0.00331564 -0.00331563 -0.0707742 0.000358734 0 0 0 0 0 0 0 0 -0.0714749 0.000741249 -0.0707742 0.000358734 
1392 0.0141363 0.00333092 -0.00333091 0 0 0 0 0 0 0 0 0 0 0 0 0 0 0 0 0 0 0.0130299 0.0044647 -0.00446469 0.0141363 0.00333092 -0.00333091 -0.0532933 -0.000589229 0 0 0 0 0 0 0 0 -0.0553226 -0.000112364 -0.0532933 -0.000589229 
1408 0.0151696 0.00417777 -0.00417777 0 0 0 0 0 0 0 0 0 0 0 0 0 0 0 0 0 0 0.0139067 0.00539922 -0.00539921 0.0151696 0.00417777 -0.00417777 -0.0357809 -0.00175462 0 0 0 0 0 0 0 0 -0.0384246 -0.00138263 -0.0357809 -0.00175462 
1424 0.0167402 0.00548437 -0.00548435 0 0 0 0 0 0 0 0 0 0 0 0 0 0 0 0 0 0 0.0140996 0.00810428 -0.00810427 0.0167402 0.00548437 -0.00548435 -0.0186311 -0.00233526 0 0 0 0 0 0 0 0 -0.0212431 -0.00208878 -0.0186311 -0.00233526 
1440 0.0185158 0.00602303 -0.00602302 0 0 0 0 0 0 0 0 0 0 0 0 0 0 0 0 0 0 0.0161674 0.00756047 -0.00756046 0.0185158 0.00602303 -0.00602302 -0.00137354 -0.00237128 0 0 0 0 0 0 0 0 -0.00408481 -0.00228044 -0.00137354 -0.00237128 
1456 0.0205471 0.00642445 -0.00642445 0 0 0 0 0 0 0 0 0 0 0 0 0 0 0 0 0 0 0.0182168 0.00733827 -0.00733826 0.0205471 0.00642445 -0.00642445 0.0158046 -0.00240428 0 0 0 0 0 0 0 0 0.0127935 -0.00248338 0.0158046 -0.00240428 
1472 0.0220452 0.00737065 -0.00737062 0 0 0 0 0 0 0 0 0 0 0 0 0 0 0 0 0 0 0.0196942 0.00799766 -0.00799765 0.0220452 0.00737065 -0.00737062 0.0323983 -0.00173953 0 0 0 0 0 0 0 0 0.0291434 -0.00188041 0.0323983 -0.00173953 
1488 0.0238486 0.00862806 -0.00862806 0 0 0 0 0 0 0 0 0 0 0 0 0 0 0 0 0 0 0.0215622 0.00914151 -0.00914149 0.0238486 0.00862806 -0.00862806 0.0487406 -0.000631643 0 0 0 0 0 0 0 0 0.0453181 -0.000808492 0.0487406 -0.000631643 
1504 0.0260925 0.0100501 -0.0100501 0 0 0 0 0 0 0 0 0 0 0 0 0 0 0 0 0 0 0.0238513 0.0104449 -0.0104449 0.0260925 0.0100501 -0.0100501 0.0636577 0.00047405 0 0 0 0 0 0 0 0 0.060085 0.000162793 0.0636577 0.00047405 
1520 0.0282496 0.0103507 -0.0103507 0 0 0 0 0 0 0 0 0 0 0 0 0 0 0 0 0 0 0.0260159 0.0105183 -0.0105183 0.0282496 0.0103507 -0.0103507 0.0779158 0.0018732 0 0 0 0 0 0 0 0 0.0742914 0.00142869 0.0779158 0.0018732 
1536 0.0302688 0.0103461 -0.0103461 0 0 0 0 0 0 0 0 0 0 0 0 0 0 0 0 0 0 0.0280555 0.0103871 -0.0103871 0.0302688 0.0103461 -0.0103461 0.0918684 0.00366151 0 0 0 0 0 0 0 0 0.0882523 0.00322466 0.0918684 0.00366151 
1552 0.0310868 0.0118678 -0.0118678 0 0 0 0 0 0 0 0 0 0 0 0 0 0 0 0 0 0 0.0289716 0.0119824 -0.0119824 0.0310868 0.0118678 -0.0118678 0.103898 0.00522174 0 0 0 0 0 0 0 0 0.100188 0.00468366 0.103898 0.00522174 
1568 0.0327151 0.0123046 -0.0123046 0 0 0 0 0 0 0 0 0 0 0 0 0 0 0 0 0 0 0.030655 0.0123835 -0.0123835 0.0327151 0.0123046 -0.0123046 0.113866 0.00674631 0 0 0 0 0 0 0 0 0.110101 0.00618992 0.113866 0.00674631 
1584 0.0336153 0.0122263 -0.0122263 0 0 0 0 0 0 0 0 0 0 0 0 0 0 0 0 0 0 0.0316468 0.0122409 -0.0122409 0.0336153 0.0122263 -0.0122263 0.122223 0.00787388 0 0 0 0 0 0 0 0 0.118498 0.00734729 0.122223 0.00787388 
1600 0.0346804 0.0126534 -0.0126534 0 0 0 0 0 0 0 0 0 0 0 0 0 0 0 0 0 0 0.0327374 0.0127002 -0.0127002 0.0346804 0.0126534 -0.0126534 0.128703 0.00875267 0 0 0 0 0 0 0 0 0.125054 0.00822982 0.128703 0.00875267 
1616 0.0355271 0.0125832 -0.0125832 0 0 0 0 0 0 0 0 0 0 0 0 0 0 0 0 0 0 0.0336975 0.0125346 -0.0125345 0.0355271 0.0125832 -0.0125832 0.133255 0.00960063 0 0 0 0 0 0 0 0 0.129671 0.00897804 0.133255 0.00960063 
1632 0.0358477 0.0124724 -0.0124724 0 0 0 0 0 0 0 0 0 0 0 0 0 0 0 0 0 0 0.0341321 0.0124408 -0.0124408 0.0358477 0.0124724 -0.0124724 0.135624 0.0103055 0 0 0 0 0 0 0 0 0.132075 0.0096441 0.135624 0.0103055 
1648 0.0356663 0.0127791 -0.0127791 0 0 0 0 0 0 0 0 0 0 0 0 0 0 0 0 0 0 0.0339975 0.0128775 -0.0128775 0.0356663 0.0127791 -0.0127791 0.136279 0.0104592 0 0 0 0 0 0 0 0 0.132835 0.00988816 0.136279 0.0104592 
1664 0.0363485 0.011713 -0.011713 0 0 0 0 0 0 0 0 0 0 0 0 0 0 0 0 0 0 0.0347525 0.0118567 -0.0118567 0.0363485 0.011713 -0.011713 0.135687 0.0105275 0 0 0 0 0 0 0 0 0.132328 0.0100148 0.135687 0.0105275 
1680 0.0361846 0.011563 -0.011563 0 0 0 0 0 0 0 0 0 0 0 0 0 0 0 0 0 0 0.0346187 0.0117833 -0.0117833 0.0361846 0.011563 -0.011563 0.133121 0.0105092 0 0 0 0 0 0 0 0 0.12982 0.0100182 0.133121 0.0105092 
1696 0.035963 0.0105415 -0.0105415 0 0 0 0 0 0 0 0 0 0 0 0 0 0 0 0 0 0 0.0344585 0.0107028 -0.0107028 0.035963 0.0105415 -0.0105415 0.129409 0.00965614 0 0 0 0 0 0 0 0 0.126244 0.00927137 0.129409 0.00965614 
1712 0.035675 0.00981181 -0.0098118 0 0 0 0 0 0 0 0 0 0 0 0 0 0 0 0 0 0 0.0342836 0.0098429 -0.00984289 0.035675 0.00981181 -0.0098118 0.125673 0.0089162 0 0 0 0 0 0 0 0 0.122639 0.00856369 0.125673 0.0089162 
1728 0.0359969 0.0094065 -0.0094065 0 0 0 0 0 0 0 0 0 0 0 0 0 0 0 0 0 0 0.0346169 0.00943419 -0.00943417 0.0359969 0.0094065 -0.0094065 0.121478 0.00855759 0 0 0 0 0 0 0 0 0.11854 0.00822032 0.121478 0.00855759 
1744 0.0361826 0.00839905 -0.00839904 0 0 0 0 0 0 0 0 0 0 0 0 0 0 0 0 0 0 0.0348209 0.00841766 -0.00841766 0.0361826 0.00839905 -0.00839904 0.116156 0.00752162 0 0 0 0 0 0 0 0 0.113247 0.00726298 0.116156 0.00752162 
1760 0.035966 0.00824439 -0.00824438 0 0 0 0 0 0 0 0 0 0 0 0 0 0 0 0 0 0 0.0346454 0.00823973 -0.00823973 0.035966 0.00824439 -0.00824438 0.109808 0.00684587 0 0 0 0 0 0 0 0 0.106952 0.00659254 0.109808 0.00684587 
1776 0.0360038 0.00869191 -0.00869189 0 0 0 0 0 0 0 0 0 0 0 0 0 0 0 0 0 0 0.0346942 0.00871886 -0.00871885 0.0360038 0.00869191 -0.00869189 0.103353 0.00578297 0 0 0 0 0 0 0 0 0.100552 0.00556969 0.103353 0.00578297 
1792 0.0364078 0.00767421 -0.00767419 0 0 0 0 0 0 0 0 0 0 0 0 0 0 0 0 0 0 0.0351465 0.00769687 -0.00769686 0.0364078 0.00767421 -0.00767419 0.0979943 0.00489414 0 0 0 0 0 0 0 0 0.0952227 0.00467548 0.0979943 0.00489414 
1808 0.0364081 0.00746901 -0.00746899 0 0 0 0 0 0 0 0 0 0 0 0 0 0 0 0 0 0 0.0351332 0.00750624 -0.00750622 0.0364081 0.00746901 -0.00746899 0.0922356 0.00413199 0 0 0 0 0 0 0 0 0.0895124 0.00395102 0.0922356 0.00413199 
1824 0.0368373 0.00672103 -0.00672102 0 0 0 0 0 0 0 0 0 0 0 0 0 0 0 0 0 0 0.0356119 0.00672465 -0.00672464 0.0368373 0.00672103 -0.00672102 0.0867069 0.00364881 0 0 0 0 0 0 0 0 0.0841165 0.00353892 0.0867069 0.00364881 
1840 0.0369229 0.00613257 -0.00613257 0 0 0 0 0 0 0 0 0 0 0 0 0 0 0 0 0 0 0.0356701 0.0063053 -0.00630529 0.0369229 0.00613257 -0.00613257 0.0819496 0.00325139 0 0 0 0 0 0 0 0 0.0794504 0.00318379 0.0819496 0.00325139 
1856 0.0365124 0.00647348 -0.00647348 0 0 0 0 0 0 0 0 0 0 0 0 0 0 0 0 0 0 0.0353617 0.00650022 -0.00650023 0.0365124 0.00647348 -0.00647348 0.0770452 0.00282005 0 0 0 0 0 0 0 0 0.0746417 0.0028134 0.0770452 0.00282005 
1872 0.0369811 0.00557755 -0.00557754 0 0 0 0 0 0 0 0 0 0 0 0 0 0 0 0 0 0 0.0357615 0.00565157 -0.00565155 0.0369811 0.00557755 -0.00557754 0.0727487 0.00254712 0 0 0 0 0 0 0 0 0.0703611 0.00248718 0.0727487 0.00254712 
1888 0.0372925 0.00543098 -0.00543097 0 0 0 0 0 0 0 0 0 0 0 0 0 0 0 0 0 0 0.0361879 0.00542021 -0.0054202 0.0372925 0.00543098 -0.00543097 0.0690797 0.00217584 0 0 0 0 0 0 0 0 0.0667445 0.00213132 0.0690797 0.00217584 
1904 0.0371206 0.00553474 -0.00553473 0 0 0 0 0 0 0 0 0 0 0 0 0 0 0 0 0 0 0.0359911 0.00555281 -0.00555282 0.0371206 0.00553474 -0.00553473 0.0654323 0.00209652 0 0 0 0 0 0 0 0 0.0631089 0.00207533 0.0654323 0.00209652 
1920 0.0376961 0.00427206 -0.00427204 0 0 0 0 0 0 0 0 0 0 0 0 0 0 0 0 0 0 0.0365122 0.00435782 -0.00435781 0.0376961 0.00427206 -0.00427204 0.0622179 0.00218497 0 0 0 0 0 0 0 0 0.0599639 0.00220261 0.0622179 0.00218497 
1936 0.0376567 0.00452167 -0.00452166 0 0 0 0 0 0 0 0 0 0 0 0 0 0 0 0 0 0 0.0365115 0.00461446 -0.00461445 0.0376567 0.00452167 -0.00452166 0.0591218 0.00159858 0 0 0 0 0 0 0 0 0.0569819 0.00166624 0.0591218 0.00159858 
1952 0.037812 0.00481006 -0.00481005 0 0 0 0 0 0 0 0 0 0 0 0 0 0 0 0 0 0 0.0366955 0.00487359 -0.00487358 0.037812 0.00481006 -0.00481005 0.056659 0.00158838 0 0 0 0 0 0 0 0 0.0545827 0.00161677 0.056659 0.00158838 
1968 0.0380687 0.00459625 -0.00459623 0 0 0 0 0 0 0 0 0 0 0 0 0 0 0 0 0 0 0.036923 0.004494 -0.00449399 0.0380687 0.00459625 -0.00459623 0.0551426 0.00181736 0 0 0 0 0 0 0 0 0.0530728 0.0018588 0.0551426 0.00181736 
1984 0.0381133 0.00426651 -0.00426649 0 0 0 0 0 0 0 0 0 0 0 0 0 0 0 0 0 0 0.0369324 0.00420961 -0.00420959 0.0381133 0.00426651 -0.00426649 0.0540011 0.00170314 0 0 0 0 0 0 0 0 0.0519471 0.00172412 0.0540011 0.00170314 
2000 0.03821 0.00343196 -0.00343195 0 0 0 0 0 0 0 0 0 0 0 0 0 0 0 0 0 0 0.0370645 0.0034506 -0.00345058 0.03821 0.00343196 -0.00343195 0.0527419 0.00159587 0 0 0 0 0 0 0 0 0.0507567 0.00160085 0.0527419 0.00159587 
2016 0.037892 0.00375387 -0.00375385 0 0 0 0 0 0 0 0 0 0 0 0 0 0 0 0 0 0 0.0367299 0.0037535 -0.00375349 0.037892 0.00375387 -0.00375385 0.0522496 0.00126706 0 0 0 0 0 0 0 0 0.0502675 0.00128227 0.0522496 0.00126706 
2032 0.0376952 0.00356031 -0.0035603 0 0 0 0 0 0 0 0 0 0 0 0 0 0 0 0 0 0 0.0365748 0.00361522 -0.0036152 0.0376952 0.00356031 -0.0035603 0.052006 0.00103493 0 0 0 0 0 0 0 0 0.0500234 0.00103664 0.052006 0.00103493 
2048 0.0384777 0.00266876 -0.00266875 0 0 0 0 0 0 0 0 0 0 0 0 0 0 0 0 0 0 0.0374205 0.00268063 -0.00268062 0.0384777 0.00266876 -0.00266875 0.0510962 0.00110589 0 0 0 0 0 0 0 0 0.049141 0.00112178 0.0510962 0.00110589 
2064 0.0377117 0.00264756 -0.00264754 0 0 0 0 0 0 0 0 0 0 0 0 0 0 0 0 0 0 0.0366804 0.00275329 -0.00275329 0.0377117 0.00264756 -0.00264754 0.0502382 0.00129942 0 0 0 0 0 0 0 0 0.0483331 0.00130748 0.0502382 0.00129942 
2080 0.0380921 0.00255171 -0.0025517 0 0 0 0 0 0 0 0 0 0 0 0 0 0 0 0 0 0 0.0370941 0.00270512 -0.00270512 0.0380921 0.00255171 -0.0025517 0.0501766 0.00141243 0 0 0 0 0 0 0 0 0.0482275 0.00140158 0.0501766 0.00141243 
2096 0.0379728 0.00286779 -0.00286778 0 0 0 0 0 0 0 0 0 0 0 0 0 0 0 0 0 0 0.0370594 0.00287871 -0.00287871 0.0379728 0.00286779 -0.00286778 0.0499631 0.00151595 0 0 0 0 0 0 0 0 0.0480557 0.00155073 0.0499631 0.00151595 
2112 0.038012 0.00273878 -0.00273878 0 0 0 0 0 0 0 0 0 0 0 0 0 0 0 0 0 0 0.0370145 0.00277397 -0.00277396 0.038012 0.00273878 -0.00273878 0.0501524 0.00132226 0 0 0 0 0 0 0 0 0.0483408 0.00135909 0.0501524 0.00132226 
2128 0.0384804 0.00220963 -0.00220963 0 0 0 0 0 0 0 0 0 0 0 0 0 0 0 0 0 0 0.0374547 0.00224851 -0.00224851 0.0384804 0.00220963 -0.00220963 0.0495447 0.00141217 0 0 0 0 0 0 0 0 0.0477822 0.00140015 0.0495447 0.00141217 
2144 0.0380259 0.00231343 -0.00231341 0 0 0 0 0 0 0 0 0 0 0 0 0 0 0 0 0 0 0.0369842 0.00237409 -0.00237407 0.0380259 0.00231343 -0.00231341 0.0494546 0.00167095 0 0 0 0 0 0 0 0 0.0475529 0.00164005 0.0494546 0.00167095 
2160 0.0380904 0.00204572 -0.00204571 0 0 0 0 0 0 0 0 0 0 0 0 0 0 0 0 0 0 0.0370524 0.00202973 -0.00202974 0.0380904 0.00204572 -0.00204571 0.0497931 0.00135973 0 0 0 0 0 0 0 0 0.0478269 0.00132191 0.0497931 0.00135973 
2176 0.0377049 0.00158122 -0.00158121 0 0 0 0 0 0 0 0 0 0 0 0 0 0 0 0 0 0 0.036705 0.00158735 -0.00158734 0.0377049 0.00158122 -0.00158121 0.0501096 0.00104184 0 0 0 0 0 0 0 0 0.0482698 0.000989957 0.0501096 0.00104184 
2192 0.0377961 0.00113144 -0.00113143 0 0 0 0 0 0 0 0 0 0 0 0 0 0 0 0 0 0 0.0367693 0.00117411 -0.00117411 0.0377961 0.00113144 -0.00113143 0.0502359 0.00121788 0 0 0 0 0 0 0 0 0.048404 0.00113558 0.0502359 0.00121788 
2208 0.0377704 0.0014969 -0.00149689 0 0 0 0 0 0 0 0 0 0 0 0 0 0 0 0 0 0 0.0367044 0.00153385 -0.00153384 0.0377704 0.0014969 -0.00149689 0.0498229 0.00122597 0 0 0 0 0 0 0 0 0.0479523 0.00119044 0.0498229 0.00122597 
2224 0.038045 0.000971105 -0.000971093 0 0 0 0 0 0 0 0 0 0 0 0 0 0 0 0 0 0 0.0369832 0.000968922 -0.000968911 0.038045 0.000971105 -0.000971093 0.0496756 0.00097858 0 0 0 0 0 0 0 0 0.0478318 0.000947011 0.0496756 0.00097858 
2240 0.0380033 0.000811227 -0.000811215 0 0 0 0 0 0 0 0 0 0 0 0 0 0 0 0 0 0 0.036924 0.000840588 -0.000840587 0.0380033 0.000811227 -0.000811215 0.0495853 0.000903491 0 0 0 0 0 0 0 0 0.0477179 0.000883275 0.0495853 0.000903491 
2256 0.0378979 0.000867753 -0.000867735 0 0 0 0 0 0 0 0 0 0 0 0 0 0 0 0 0 0 0.0367541 0.000972917 -0.00097292 0.0378979 0.000867753 -0.000867735 0.0492194 0.00122252 0 0 0 0 0 0 0 0 0.0473691 0.00126008 0.0492194 0.00122252 
2272 0.0378848 0.00137201 -0.001372 0 0 0 0 0 0 0 0 0 0 0 0 0 0 0 0 0 0 0.0368426 0.0014368 -0.0014368 0.0378848 0.00137201 -0.001372 0.0495214 0.00149566 0 0 0 0 0 0 0 0 0.0477143 0.00152605 0.0495214 0.00149566 
2288 0.0379834 0.000890568 -0.000890566 0 0 0 0 0 0 0 0 0 0 0 0 0 0 0 0 0 0 0.0370396 0.000975201 -0.000975199 0.0379834 0.000890568 -0.000890566 0.0495594 0.00131777 0 0 0 0 0 0 0 0 0.0478545 0.00133579 0.0495594 0.00131777 
2304 0.0382778 0.000747575 -0.000747558 0 0 0 0 0 0 0 0 0 0 0 0 0 0 0 0 0 0 0.0372293 0.000949871 -0.000949865 0.0382778 0.000747575 -0.000747558 0.049533 0.00129854 0 0 0 0 0 0 0 0 0.0478824 0.00125437 0.049533 0.00129854 
2320 0.0384063 0.000275453 -0.000275438 0 0 0 0 0 0 0 0 0 0 0 0 0 0 0 0 0 0 0.0373791 0.000504996 -0.000504986 0.0384063 0.000275453 -0.000275438 0.0493846 0.00102161 0 0 0 0 0 0 0 0 0.0477772 0.00101821 0.0493846 0.00102161 
2336 0.0380417 0.000514386 -0.000514387 0 0 0 0 0 0 0 0 0 0 0 0 0 0 0 0 0 0 0.037066 0.000726284 -0.00072628 0.0380417 0.000514386 -0.000514387 0.0488073 0.00138761 0 0 0 0 0 0 0 0 0.0471512 0.001432 0.0488073 0.00138761 
2352 0.0378131 0.00054402 -0.000544016 0 0 0 0 0 0 0 0 0 0 0 0 0 0 0 0 0 0 0.0368427 0.000779673 -0.000779664 0.0378131 0.00054402 -0.000544016 0.0488084 0.00175076 0 0 0 0 0 0 0 0 0.0471825 0.00178792 0.0488084 0.00175076 
2368 0.037896 0.000384389 -0.000384377 0 0 0 0 0 0 0 0 0 0 0 0 0 0 0 0 0 0 0.0369764 0.00055879 -0.00055879 0.037896 0.000384389 -0.000384377 0.0486291 0.00133705 0 0 0 0 0 0 0 0 0.0471292 0.00132932 0.0486291 0.00133705 
2384 0.0380434 4.79803e-05 -4.79506e-05 0 0 0 0 0 0 0 0 0 0 0 0 0 0 0 0 0 0 0.0370538 0.000199485 -0.000199469 0.0380434 4.79803e-05 -4.79506e-05 0.0485705 0.00130086 0 0 0 0 0 0 0 0 0.047103 0.0012747 0.0485705 0.00130086 
2400 0.0378059 0.000379694 -0.000379696 0 0 0 0 0 0 0 0 0 0 0 0 0 0 0 0 0 0 0.0368329 0.000424215 -0.000424208 0.0378059 0.000379694 -0.000379696 0.0483755 0.00162034 0 0 0 0 0 0 0 0 0.0469502 0.00159007 0.0483755 0.00162034 
2416 0.0381444 0.000153429 -0.000153418 0 0 0 0 0 0 0 0 0 0 0 0 0 0 0 0 0 0 0.037052 0.00026787 -0.000267868 0.0381444 0.000153429 -0.000153418 0.0477661 0.00157246 0 0 0 0 0 0 0 0 0.0463251 0.00153772 0.0477661 0.00157246 
2432 0.0382186 -0.000187187 0.0001872 0 0 0 0 0 0 0 0 0 0 0 0 0 0 0 0 0 0 0.0372168 -0.000195545 0.000195561 0.0382186 -0.000187187 0.0001872 0.047256 0.00115698 0 0 0 0 0 0 0 0 0.0457936 0.00113206 0.047256 0.00115698 
2448 0.0379951 0.000522593 -0.000522583 0 0 0 0 0 0 0 0 0 0 0 0 0 0 0 0 0 0 0.0369412 0.000663997 -0.000663987 0.0379951 0.000522593 -0.000522583 0.0475885 0.00106986 0 0 0 0 0 0 0 0 0.0462499 0.00110916 0.0475885 0.00106986 
2464 0.0386294 -8.98369e-05 8.98586e-05 0 0 0 0 0 0 0 0 0 0 0 0 0 0 0 0 0 0 0.037617 9.55246e-05 -9.55071e-05 0.0386294 -8.98369e-05 8.98586e-05 0.048205 0.0011072 0 0 0 0 0 0 0 0 0.0468834 0.0011552 0.048205 0.0011072 
2480 0.0382309 0.000821733 -0.000821715 0 0 0 0 0 0 0 0 0 0 0 0 0 0 0 0 0 0 0.037305 0.000966224 -0.000966227 0.0382309 0.000821733 -0.000821715 0.0478911 0.0015497 0 0 0 0 0 0 0 0 0.0465386 0.00153834 0.0478911 0.0015497 
2496 0.0381934 0.000367011 -0.000367003 0 0 0 0 0 0 0 0 0 0 0 0 0 0 0 0 0 0 0.0372071 0.000506903 -0.00050689 0.0381934 0.000367011 -0.000367003 0.0474265 0.00120541 0 0 0 0 0 0 0 0 0.0461359 0.00116983 0.0474265 0.00120541 
2512 0.0384224 -0.000293352 0.000293363 0 0 0 0 0 0 0 0 0 0 0 0 0 0 0 0 0 0 0.0374434 -0.000264583 0.000264595 0.0384224 -0.000293352 0.000293363 0.0471095 0.00111481 0 0 0 0 0 0 0 0 0.0458606 0.00113789 0.0471095 0.00111481 
2528 0.0381143 -0.000350417 0.000350433 0 0 0 0 0 0 0 0 0 0 0 0 0 0 0 0 0 0 0.0371259 -0.000360738 0.000360751 0.0381143 -0.000350417 0.000350433 0.0467857 0.00117042 0 0 0 0 0 0 0 0 0.0455582 0.00123649 0.0467857 0.00117042 
2544 0.0381632 -0.000536081 0.000536099 0 0 0 0 0 0 0 0 0 0 0 0 0 0 0 0 0 0 0.037179 -0.000518128 0.000518139 0.0381632 -0.000536081 0.000536099 0.0469035 0.00116531 0 0 0 0 0 0 0 0 0.0457407 0.001167 0.0469035 0.00116531 
2560 0.0381977 -0.000293251 0.000293272 0 0 0 0 0 0 0 0 0 0 0 0 0 0 0 0 0 0 0.0372201 -0.000312276 0.000312288 0.0381977 -0.000293251 0.000293272 0.0467088 0.00103569 0 0 0 0 0 0 0 0 0.0456211 0.00108452 0.0467088 0.00103569 
2576 0.0379085 -0.000814277 0.00081429 0 0 0 0 0 0 0 0 0 0 0 0 0 0 0 0 0 0 0.036964 -0.000825786 0.000825803 0.0379085 -0.000814277 0.00081429 0.0462565 0.000837489 0 0 0 0 0 0 0 0 0.045166 0.000861702 0.0462565 0.000837489 
2592 0.0374141 -0.000504327 0.000504347 0 0 0 0 0 0 0 0 0 0 0 0 0 0 0 0 0 0 0.0364755 -0.000391286 0.000391303 0.0374141 -0.000504327 0.000504347 0.0463797 0.00116297 0 0 0 0 0 0 0 0 0.0452971 0.00119373 0.0463797 0.00116297 
2608 0.0379259 -0.00105167 0.00105169 0 0 0 0 0 0 0 0 0 0 0 0 0 0 0 0 0 0 0.0369935 -0.000960498 0.000960513 0.0379259 -0.00105167 0.00105169 0.0463832 0.00136008 0 0 0 0 0 0 0 0 0.0453256 0.00140573 0.0463832 0.00136008 
2624 0.0378417 -0.00112171 0.00112172 0 0 0 0 0 0 0 0 0 0 0 0 0 0 0 0 0 0 0.0368891 -0.001009 0.00100902 0.0378417 -0.00112171 0.00112172 0.0458598 0.00136278 0 0 0 0 0 0 0 0 0.0447187 0.0013634 0.0458598 0.00136278 
2640 0.0377777 -0.00115813 0.00115814 0 0 0 0 0 0 0 0 0 0 0 0 0 0 0 0 0 0 0.0368448 -0.00112878 0.00112879 0.0377777 -0.00115813 0.00115814 0.045219 0.00141039 0 0 0 0 0 0 0 0 0.0441368 0.00146061 0.045219 0.00141039 
2656 0.037796 -0.00167249 0.00167251 0 0 0 0 0 0 0 0 0 0 0 0 0 0 0 0 0 0 0.0368343 -0.00161645 0.00161646 0.037796 -0.00167249 0.00167251 0.0448343 0.00114661 0 0 0 0 0 0 0 0 0.0437896 0.00125927 0.0448343 0.00114661 
2672 0.0374999 -0.00118933 0.00118933 0 0 0 0 0 0 0 0 0 0 0 0 0 0 0 0 0 0 0.0365809 -0.00112865 0.00112866 0.0374999 -0.00118933 0.00118933 0.0450156 0.0010783 0 0 0 0 0 0 0 0 0.0439803 0.00113852 0.0450156 0.0010783 
2688 0.0377504 -0.00134566 0.00134567 0 0 0 0 0 0 0 0 0 0 0 0 0 0 0 0 0 0 0.0368047 -0.00132694 0.00132696 0.0377504 -0.00134566 0.00134567 0.0447479 0.00110859 0 0 0 0 0 0 0 0 0.0437504 0.00113763 0.0447479 0.00110859 
2704 0.0377647 -0.00105645 0.00105648 0 0 0 0 0 0 0 0 0 0 0 0 0 0 0 0 0 0 0.0367902 -0.00105804 0.00105806 0.0377647 -0.00105645 0.00105648 0.0446392 0.000924683 0 0 0 0 0 0 0 0 0.0435497 0.000978841 0.0446392 0.000924683 
2720 0.0379008 -0.000671626 0.000671643 0 0 0 0 0 0 0 0 0 0 0 0 0 0 0 0 0 0 0.036875 -0.000653422 0.000653423 0.0379008 -0.000671626 0.000671643 0.0444435 0.00114095 0 0 0 0 0 0 0 0 0.0434122 0.00116031 0.0444435 0.00114095 
2736 0.0376651 -0.000703409 0.000703428 0 0 0 0 0 0 0 0 0 0 0 0 0 0 0 0 0 0 0.0367089 -0.000670191 0.000670195 0.0376651 -0.000703409 0.000703428 0.0443948 0.000934159 0 0 0 0 0 0 0 0 0.0433665 0.0010103 0.0443948 0.000934159 
2752 0.0382833 -0.00130523 0.00130525 0 0 0 0 0 0 0 0 0 0 0 0 0 0 0 0 0 0 0.0373135 -0.00124813 0.00124814 0.0382833 -0.00130523 0.00130525 0.0444111 0.000867395 0 0 0 0 0 0 0 0 0.0433641 0.000916239 0.0444111 0.000867395 
2768 0.0377618 -0.000587726 0.000587743 0 0 0 0 0 0 0 0 0 0 0 0 0 0 0 0 0 0 0.0368204 -0.000561469 0.000561479 0.0377618 -0.000587726 0.000587743 0.0439148 0.00114107 0 0 0 0 0 0 0 0 0.0428323 0.00113229 0.0439148 0.00114107 
2784 0.0385035 -0.000858933 0.000858946 0 0 0 0 0 0 0 0 0 0 0 0 0 0 0 0 0 0 0.0375608 -0.000876659 0.000876671 0.0385035 -0.000858933 0.000858946 0.0439949 0.00143488 0 0 0 0 0 0 0 0 0.0429693 0.00142758 0.0439949 0.00143488 
2800 0.0377038 -0.000317779 0.000317788 0 0 0 0 0 0 0 0 0 0 0 0 0 0 0 0 0 0 0.036683 -0.000325537 0.000325555 0.0377038 -0.000317779 0.000317788 0.0435271 0.00130062 0 0 0 0 0 0 0 0 0.0425603 0.00134756 0.0435271 0.00130062 
2816 0.038129 -0.000592016 0.000592018 0 0 0 0 0 0 0 0 0 0 0 0 0 0 0 0 0 0 0.037211 -0.000615744 0.000615742 0.038129 -0.000592016 0.000592018 0.0430472 0.00103388 0 0 0 0 0 0 0 0 0.0420457 0.00111416 0.0430472 0.00103388 
2832 0.0380509 -0.000668907 0.000668905 0 0 0 0 0 0 0 0 0 0 0 0 0 0 0 0 0 0 0.0372138 -0.000648556 0.000648561 0.0380509 -0.000668907 0.000668905 0.0427031 0.00101838 0 0 0 0 0 0 0 0 0.0416786 0.00103857 0.0427031 0.00101838 
2848 0.0382933 -0.000553847 0.000553871 0 0 0 0 0 0 0 0 0 0 0 0 0 0 0 0 0 0 0.037454 -0.000486676 0.000486693 0.0382933 -0.000553847 0.000553871 0.0424763 0.000937006 0 0 0 0 0 0 0 0 0.0414725 0.000979893 0.0424763 0.000937006 
2864 0.0383497 -0.000498301 0.000498323 0 0 0 0 0 0 0 0 0 0 0 0 0 0 0 0 0 0 0.0374632 -0.000428825 0.000428836 0.0383497 -0.000498301 0.000498323 0.04216 0.00126197 0 0 0 0 0 0 0 0 0.0411798 0.00137109 0.04216 0.00126197 
2880 0.0382413 -0.00114091 0.00114092 0 0 0 0 0 0 0 0 0 0 0 0 0 0 0 0 0 0 0.0373684 -0.00112715 0.00112716 0.0382413 -0.00114091 0.00114092 0.0420868 0.00119388 0 0 0 0 0 0 0 0 0.0412 0.001264 0.0420868 0.00119388 
2896 0.0381058 -0.000371402 0.000371401 0 0 0 0 0 0 0 0 0 0 0 0 0 0 0 0 0 0 0.037201 -0.000326052 0.00032605 0.0381058 -0.000371402 0.000371401 0.0422085 0.00120119 0 0 0 0 0 0 0 0 0.041378 0.00119904 0.0422085 0.00120119 
2912 0.0382454 -0.00103799 0.001038 0 0 0 0 0 0 0 0 0 0 0 0 0 0 0 0 0 0 0.0373485 -0.000973941 0.000973947 0.0382454 -0.00103799 0.001038 0.0418698 0.00117989 0 0 0 0 0 0 0 0 0.0409602 0.00119011 0.0418698 0.00117989 
2928 0.0385502 -0.00132064 0.00132065 0 0 0 0 0 0 0 0 0 0 0 0 0 0 0 0 0 0 0.0375868 -0.00125571 0.00125572 0.0385502 -0.00132064 0.00132065 0.0414286 0.0010831 0 0 0 0 0 0 0 0 0.0405049 0.00111428 0.0414286 0.0010831 
2944 0.038097 -0.000350581 0.000350601 0 0 0 0 0 0 0 0 0 0 0 0 0 0 0 0 0 0 0.0370958 -0.000323416 0.000323421 0.038097 -0.000350581 0.000350601 0.0413318 0.00136233 0 0 0 0 0 0 0 0 0.0404562 0.00142633 0.0413318 0.00136233 
2960 0.0386803 -0.000928946 0.000928952 0 0 0 0 0 0 0 0 0 0 0 0 0 0 0 0 0 0 0.0376618 -0.00100519 0.0010052 0.0386803 -0.000928946 0.000928952 0.0413942 0.0010415 0 0 0 0 0 0 0 0 0.0404944 0.00107052 0.0413942 0.0010415 
2976 0.038247 -0.000987376 0.000987388 0 0 0 0 0 0 0 0 0 0 0 0 0 0 0 0 0 0 0.0372441 -0.00106214 0.00106216 0.038247 -0.000987376 0.000987388 0.0413511 0.0013583 0 0 0 0 0 0 0 0 0.0404354 0.00139532 0.0413511 0.0013583 
2992 0.0383469 -0.00126693 0.00126692 0 0 0 0 0 0 0 0 0 0 0 0 0 0 0 0 0 0 0.037399 -0.00129744 0.00129743 0.0383469 -0.00126693 0.00126692 0.0412651 0.00096938 0 0 0 0 0 0 0 0 0.0403684 0.000988761 0.0412651 0.00096938 
3008 0.0383925 -0.000641312 0.000641324 0 0 0 0 0 0 0 0 0 0 0 0 0 0 0 0 0 0 0.0374983 -0.000586219 0.000586233 0.0383925 -0.000641312 0.000641324 0.0410498 0.000746783 0 0 0 0 0 0 0 0 0.0401537 0.000751329 0.0410498 0.000746783 
3024 0.0388335 -0.00037217 0.000372181 0 0 0 0 0 0 0 0 0 0 0 0 0 0 0 0 0 0 0.0379249 -0.000293451 0.000293446 0.0388335 -0.00037217 0.000372181 0.0411707 0.00122322 0 0 0 0 0 0 0 0 0.0402842 0.00125092 0.0411707 0.00122322 
3040 0.0386691 -0.000503515 0.000503536 0 0 0 0 0 0 0 0 0 0 0 0 0 0 0 0 0 0 0.0377836 -0.000463995 0.000464017 0.0386691 -0.000503515 0.000503536 0.0414002 0.00114931 0 0 0 0 0 0 0 0 0.0405047 0.0011435 0.0414002 0.00114931 
3056 0.0387086 -0.000540222 0.000540228 0 0 0 0 0 0 0 0 0 0 0 0 0 0 0 0 0 0 0.037807 -0.000508901 0.000508911 0.0387086 -0.000540222 0.000540228 0.0409158 0.00110713 0 0 0 0 0 0 0 0 0.0399322 0.00109124 0.0409158 0.00110713 
3072 0.0389696 -0.0012004 0.00120042 0 0 0 0 0 0 0 0 0 0 0 0 0 0 0 0 0 0 0.0380208 -0.00110723 0.00110723 0.0389696 -0.0012004 0.00120042 0.0404542 0.000841732 0 0 0 0 0 0 0 0 0.0394704 0.000823061 0.0404542 0.000841732 
3088 0.0383384 -0.000626275 0.000626283 0 0 0 0 0 0 0 0 0 0 0 0 0 0 0 0 0 0 0.0374398 -0.000519768 0.00051978 0.0383384 -0.000626275 0.000626283 0.0404931 0.00090302 0 0 0 0 0 0 0 0 0.0395608 0.00090001 0.0404931 0.00090302 
3104 0.0388035 -0.000579624 0.00057963 0 0 0 0 0 0 0 0 0 0 0 0 0 0 0 0 0 0 0.037842 -0.000449625 0.00044964 0.0388035 -0.000579624 0.00057963 0.0404367 0.00131977 0 0 0 0 0 0 0 0 0.0394785 0.00133304 0.0404367 0.00131977 
3120 0.0384805 -0.000552065 0.00055208 0 0 0 0 0 0 0 0 0 0 0 0 0 0 0 0 0 0 0.0375574 -0.000524298 0.000524318 0.0384805 -0.000552065 0.00055208 0.0402022 0.00104608 0 0 0 0 0 0 0 0 0.0392182 0.00105944 0.0402022 0.00104608 
3136 0.0385748 -0.000666682 0.00066669 0 0 0 0 0 0 0 0 0 0 0 0 0 0 0 0 0 0 0.0376192 -0.000609772 0.000609778 0.0385748 -0.000666682 0.00066669 0.0398775 0.000961363 0 0 0 0 0 0 0 0 0.0389161 0.000965496 0.0398775 0.000961363 
3152 0.0388436 -0.000855233 0.000855244 0 0 0 0 0 0 0 0 0 0 0 0 0 0 0 0 0 0 0.0378804 -0.000812918 0.000812937 0.0388436 -0.000855233 0.000855244 0.0402464 0.00135914 0 0 0 0 0 0 0 0 0.0393825 0.00135175 0.0402464 0.00135914 
3168 0.0387973 -0.000674818 0.000674829 0 0 0 0 0 0 0 0 0 0 0 0 0 0 0 0 0 0 0.0378098 -0.000613101 0.000613109 0.0387973 -0.000674818 0.000674829 0.0404363 0.00123924 0 0 0 0 0 0 0 0 0.0395407 0.00123313 0.0404363 0.00123924 
3184 0.0386186 -0.00115082 0.00115083 0 0 0 0 0 0 0 0 0 0 0 0 0 0 0 0 0 0 0.0376943 -0.00117365 0.00117366 0.0386186 -0.00115082 0.00115083 0.0403021 0.00104347 0 0 0 0 0 0 0 0 0.0393511 0.00106155 0.0403021 0.00104347 
