0 0 0 0 0 0 0 0 0 0 0 0 0 0 0 0 0 0 0 0 0 0 0 0 0 0 0 0 0 0 0 0 0 0 0 0 0 0 0 0 0 0 
16 0.00302535 -0.0107552 0.0107552 0.000779851 -0.016033 0.016033 0.000748814 -0.00940974 0.00940973 0.000294882 -0.00983015 0.00983014 0.000848344 -0.0140297 0.0140297 0.000530142 -0.016191 0.016191 0.00205881 -0.0122312 0.0122312 0.000961174 -0.00929387 0.00929388 0.000966532 -0.00918399 0.00918399 3.58527e-05 -3.32577e-05 0.000848292 0.000197914 -0.000172558 6.80437e-05 -0.000231347 0.000621204 -3.0411e-05 0.000163276 0.000198265 -0.000208124 0.000100779 -0.000164307 
32 0.00213 -0.00401921 0.00401921 0.000554374 -0.00175782 0.00175782 0.000568239 -0.00374763 0.00374763 0.00036326 -0.00591231 0.00591231 0.000601136 -0.00329312 0.00329313 0.000192604 -0.00289501 0.00289502 0.00131521 -0.00323004 0.00323005 0.0007933 -0.00481514 0.00481515 0.000814778 -0.0047797 0.0047797 0.000116026 0.00015579 0.00120094 0.000329912 0.00024952 0.000911047 -0.000615284 -0.000502868 0.000288625 0.000509167 1.39096e-05 -0.000114425 -5.84538e-05 -0.000121634 
48 0.001622 -0.00214591 0.0021459 0.000434843 -0.000199859 0.000199856 0.000516185 -0.00217229 0.00217228 0.000109698 -0.00267392 0.00267391 0.000443958 -0.00151258 0.00151259 0.000235851 -0.000848483 0.000848482 0.00118688 -0.00161515 0.00161514 0.000430221 -0.00258909 0.00258908 0.000435092 -0.00252391 0.00252391 -0.000153348 0.000385165 -0.000653198 -0.000112409 0.000781069 0.00140519 -0.00119096 -0.000493298 0.000162263 0.000766965 -0.000493828 1.05911e-05 -0.000504174 6.19883e-05 
64 0.00138695 -0.00233382 0.00233381 0.000206767 -0.0024386 0.0024386 0.000586535 -0.00216378 0.00216377 0.000181368 -0.00348769 0.00348769 0.000183175 -0.00160181 0.00160182 0.000188675 -0.00157069 0.00157069 0.00098198 -0.00213853 0.00213853 0.000409872 -0.00241067 0.00241067 0.000404958 -0.00246422 0.00246421 0.00023058 0.000127388 0.00139633 0.000747271 0.00049866 0.00117892 -0.00102148 0.000614625 0.000491772 0.00099733 -7.23961e-05 -0.000817131 -7.07059e-05 -0.000748407 
80 0.00143566 -0.00207778 0.00207777 0.000146975 -0.00153691 0.00153691 0.000524973 -0.00178148 0.00178148 0.000327051 -0.002549 0.00254899 0.000283872 -0.00295604 0.00295604 0.000166406 -0.00277793 0.00277793 0.000838357 -0.00197976 0.00197975 0.000714242 -0.00230153 0.00230151 0.000597301 -0.00219985 0.00219984 0.000431835 -9.79654e-05 0.00046323 -0.000336204 0.00119252 0.000395751 0.000209983 8.65889e-05 0.000847516 0.000191164 0.000125172 -0.000432595 5.30904e-05 -0.000356876 
96 0.00229101 -0.00251966 0.00251965 0.000312711 -0.0010575 0.00105749 0.000750295 -0.00190225 0.00190224 0.000361572 -0.00269469 0.00269468 0.000445817 -0.00278751 0.00278751 0.000261277 -0.0010599 0.0010599 0.00132429 -0.00170766 0.00170767 0.001028 -0.00312912 0.00312911 0.000966719 -0.00327367 0.00327367 0.000241983 -0.000106448 0.000404916 0.000393511 0.000937586 4.70357e-05 -0.00124554 0.000216429 0.000413312 0.000143403 0.000105847 -0.000351509 7.01352e-05 -0.000300119 
112 0.00212073 -0.00189749 0.00189748 0.00028483 -0.000513745 0.000513738 0.000693594 -0.00078394 0.000783938 0.000475217 -0.0034822 0.00348219 0.000296171 -0.00112016 0.00112016 0.000310554 -0.00310178 0.00310177 0.00128898 -0.000923739 0.000923741 0.000866503 -0.00264046 0.00264046 0.000831745 -0.00270738 0.00270737 0.000286441 2.56374e-05 0.00198375 0.000565102 0.000267504 0.000618563 -0.00172386 0.000469998 0.000322792 0.000506235 0.000283389 -0.000429529 0.000276791 -0.000419035 
128 0.00220426 -0.00188449 0.00188447 0.000206427 0.000114346 -0.000114338 0.000908541 -0.00149336 0.00149335 0.000511106 -0.00258492 0.00258491 0.000209898 -0.00108709 0.0010871 0.000330824 -0.00336872 0.00336871 0.00144579 -0.00140706 0.00140705 0.000765774 -0.00210628 0.00210627 0.000758455 -0.0022207 0.00222071 0.00018163 3.11614e-05 0.00135254 0.000197711 0.00053449 0.000618136 5.07869e-05 -8.81357e-05 0.000664387 0.000387674 -0.000282756 -0.00036351 -0.0002761 -0.000285436 
144 0.00267998 -0.00257311 0.00257311 0.00024151 -0.00239689 0.00239689 0.000982962 -0.00164692 0.00164692 0.000615959 -0.00302128 0.00302128 0.000267219 -0.00331007 0.00331006 0.00026892 -0.00208347 0.00208347 0.00149339 -0.00184639 0.00184639 0.0012029 -0.00314621 0.00314622 0.00118657 -0.00319686 0.00319686 0.000298783 5.06966e-05 0.00094334 -0.000755902 0.00135967 7.94086e-05 -0.00128552 0.00102057 0.00079745 3.59577e-05 -0.000189334 1.53954e-05 -0.000172674 7.58729e-05 
160 0.00265576 -0.00143565 0.00143563 0.000355567 -0.000155182 0.000155178 0.000811929 -0.00123431 0.0012343 0.000619472 -0.00282136 0.00282135 0.000323128 -0.00125549 0.00125549 0.000305508 -5.35886e-05 5.35911e-05 0.00147301 -0.000809356 0.000809351 0.00114292 -0.00179449 0.00179449 0.00118274 -0.00192114 0.00192115 0.000412312 0.00022281 0.00110984 -1.66046e-05 0.000999608 0.000471753 -0.00153359 0.00100842 0.000578399 0.000448177 0.000264874 4.81551e-05 0.000282525 3.37663e-05 
176 0.00263612 -0.0014664 0.00146639 0.000316588 0.000779135 -0.000779138 0.000911066 -0.00160949 0.00160948 0.000475936 -0.00299114 0.00299113 0.000460408 0.00066065 -0.000660647 0.000240259 -0.00440463 0.00440463 0.00146791 -0.00118276 0.00118276 0.00119765 -0.00169396 0.00169396 0.00116821 -0.00174139 0.00174138 0.000481025 -0.000220829 0.00082343 -0.000539813 0.000920467 0.000164997 -0.00175243 -0.000757397 0.00047603 -0.000103885 0.000449007 -0.000256009 0.00047719 -0.000294424 
192 0.00248933 -0.00162775 0.00162775 0.000413648 -0.000969031 0.000969028 0.000838939 -0.00106045 0.00106045 0.000409804 -0.00381059 0.00381058 0.000495886 0.000868415 -0.000868411 0.000262389 -0.000971747 0.000971746 0.00151498 -0.00124443 0.00124444 0.00102364 -0.00184789 0.00184789 0.000974327 -0.0019271 0.00192711 0.00090924 1.78803e-05 0.001263 -0.000418231 0.0011782 0.000519432 -0.00241687 0.00101122 0.00065046 0.000332946 0.0011711 -0.000171498 0.00119128 -0.000230634 
208 0.00227114 -0.00187337 0.00187337 0.000144093 -0.00126247 0.00126247 0.000991931 -0.0020264 0.00202639 0.000333422 -0.00305458 0.00305457 0.00041193 -0.000341315 0.000341322 0.000246893 0.000145157 -0.000145156 0.00138292 -0.00160774 0.00160774 0.000931785 -0.0020101 0.0020101 0.000888202 -0.0020944 0.00209439 0.000501515 0.000616583 0.001243 0.000700044 0.000506911 0.00119268 -0.0032473 0.000159378 9.71967e-05 0.000961205 0.00099704 0.000290626 0.00093428 0.000331879 
224 0.00239447 -0.00190044 0.00190042 9.94153e-05 -0.00241829 0.00241829 0.000898421 -0.00132668 0.00132668 0.000431168 -0.00256102 0.00256101 0.000585466 -0.000891141 0.000891147 0.000427038 0.00107138 -0.00107138 0.00142488 -0.00122747 0.00122747 0.000976753 -0.00223184 0.00223183 0.000969569 -0.00239933 0.00239933 0.000207203 0.000449817 5.12728e-05 -0.000435539 0.000473369 0.0011322 -0.00352447 0.000429744 -0.000233632 0.000654749 0.000746221 0.000142088 0.000695155 0.000298009 
240 0.00289277 -0.00189957 0.00189956 0.000260741 -0.00272613 0.00272613 0.0010827 -0.00165274 0.00165274 0.000531561 -0.00373967 0.00373966 0.000586816 -0.000204738 0.000204742 0.000437491 0.00252637 -0.00252637 0.00178093 -0.00117805 0.00117805 0.00115365 -0.00243102 0.00243102 0.00111182 -0.00252341 0.00252341 0.000244723 0.000479324 0.000654229 -0.000291656 4.46581e-05 0.000855281 -0.00250343 0.00103389 -0.000196428 0.000531913 0.000731907 0.000475974 0.000782354 0.000490005 
256 0.00259806 -0.00168431 0.00168429 0.000358737 -0.000120598 0.000120592 0.000964957 -0.00211884 0.00211883 0.00052706 -0.0034775 0.0034775 0.000642335 0.00027284 -0.000272838 0.000228887 0.000130917 -0.000130918 0.00155258 -0.00128194 0.00128194 0.00106235 -0.00200267 0.00200266 0.00104546 -0.00205184 0.00205183 0.000174373 0.000857774 -0.00048672 0.000224916 -0.000379072 0.000904899 -0.00198518 0.000594699 -0.000659864 0.000668451 0.000988528 0.00121001 0.00106095 0.00108484 
272 0.00250624 -0.00210244 0.00210242 0.000336421 -0.00173818 0.00173819 0.000866988 -0.00316012 0.00316011 0.000528859 -0.00233571 0.0023357 0.000565264 -0.00129075 0.00129076 0.000166712 -0.000162894 0.000162887 0.00137013 -0.00237843 0.00237843 0.00114911 -0.00156891 0.00156891 0.0011361 -0.0016276 0.00162759 0.000416754 0.000739272 0.000347571 0.000169781 -0.000163038 0.000227572 -0.00296812 0.00147994 -0.000484351 0.000356186 0.00136799 0.00125053 0.00135357 0.00114449 
288 0.00242107 -0.00147868 0.00147866 0.000173777 -0.00210643 0.00210643 0.000712326 -0.00129452 0.00129451 0.000691872 -0.00260285 0.00260283 0.000369567 -0.000166442 0.000166452 0.000225381 0.00134471 -0.00134471 0.00111149 -0.00115856 0.00115857 0.00128982 -0.00144956 0.00144955 0.00130957 -0.00161979 0.00161979 0.000554509 0.000707489 0.000858365 0.000559591 0.000374734 0.000949705 -0.00273893 0.00082121 2.75353e-05 0.000770661 0.00119831 0.000722281 0.00112475 0.000652783 
304 0.00253612 -0.0016799 0.00167988 0.000299684 2.7706e-05 -2.77017e-05 0.000891334 -0.00217678 0.00217677 0.000397045 -0.00267896 0.00267895 0.000429114 -0.000722629 0.00072263 0.000206737 0.000300407 -0.000300401 0.00139775 -0.00126117 0.00126117 0.00114389 -0.00182694 0.00182694 0.00113836 -0.00194784 0.00194784 0.000581658 0.00043898 0.000794888 -0.000455141 0.00081202 0.000962911 -0.00202313 0.00163793 0.000382239 0.000682446 0.000963499 0.000219364 0.00081288 0.000211408 
320 0.00249398 -0.00138932 0.0013893 0.000426445 -0.00229538 0.00229538 0.000831227 -0.00119359 0.00119358 0.000488929 -0.00359477 0.00359476 0.000561196 -0.000728119 0.000728125 7.59289e-05 0.000535055 -0.000535061 0.00133359 -0.00115787 0.00115787 0.00118262 -0.00159019 0.00159018 0.00116035 -0.0015504 0.00155039 0.000230526 0.000553258 -0.000244183 0.000251593 0.0010118 0.000794139 -0.00299328 0.0012129 0.000163313 0.000657568 0.000488955 0.000396607 0.000387292 0.000415658 
336 0.00250994 -0.00118872 0.0011887 0.000281631 -0.00109409 0.00109409 0.00107322 -0.00167762 0.00167761 0.000303348 -0.00206236 0.00206235 0.000475107 -0.000668581 0.000668579 0.000147469 -0.000507603 0.000507609 0.00150232 -0.00108341 0.00108341 0.00102365 -0.00111233 0.00111232 0.00100761 -0.00118407 0.00118407 0.00046932 0.000750542 -0.000997942 -0.000308428 0.00108601 0.00140628 -0.00246899 0.000524475 4.5629e-05 0.000846273 0.000964348 0.000677053 0.000948801 0.000677321 
352 0.00257349 -0.00186979 0.00186979 0.000254503 -0.00365352 0.00365351 0.00111574 -0.00151859 0.00151859 0.000416941 -0.00289411 0.0028941 0.000511862 -0.00211525 0.00211525 0.000225486 0.00169431 -0.00169431 0.00159574 -0.0016451 0.0016451 0.00100958 -0.00191141 0.0019114 0.000977743 -0.00201722 0.00201721 0.000282439 0.000490928 5.23331e-05 9.27914e-05 0.00115511 0.000600231 -0.00290923 0.00132191 0.000230837 0.000526205 0.000310361 0.000552633 0.000377969 0.000497601 
368 0.00241262 -0.00103959 0.0010396 0.000393295 -0.00265892 0.00265892 0.00111256 -0.000372854 0.000372852 0.000524878 -0.00204664 0.00204663 0.000587041 -0.00125404 0.00125403 0.000137253 0.0026477 -0.0026477 0.00164312 -0.000540941 0.000540947 0.000791041 -0.0011745 0.00117449 0.000769485 -0.00139179 0.00139179 -8.93533e-05 0.000969391 -0.000249796 0.000124195 0.000805538 0.00155031 -0.00191071 0.000727948 0.000162134 0.00102051 -0.000209606 0.000957895 -0.000234954 0.000928372 
384 0.0024498 -0.00147632 0.00147631 0.000270119 0.000893125 -0.000893129 0.00112659 -8.38554e-05 8.38511e-05 0.000396258 -0.00172119 0.00172119 0.000585904 0.000231901 -0.000231895 0.000230846 -0.00194204 0.00194204 0.00162755 -0.000120757 0.000120762 0.000845869 -0.00257309 0.00257309 0.000822232 -0.00269981 0.00269981 -0.000406804 0.000921946 -0.00075127 9.0046e-05 0.000357726 0.00185949 -0.00207923 0.000978442 -0.000316018 0.00121486 -0.000291724 0.000673563 -0.000394171 0.000650327 
400 0.00251504 -0.00164767 0.00164766 0.000246094 -0.00230515 0.00230515 0.0011583 8.59074e-05 -8.59126e-05 0.000452605 -0.00259778 0.00259777 0.000641166 -0.00183566 0.00183567 0.000346326 0.00159096 -0.00159096 0.00175072 -0.000199859 0.000199856 0.000789621 -0.00295003 0.00295003 0.000764293 -0.00309291 0.00309291 -0.000920624 0.000318153 0.000265167 0.000213756 -0.000443984 0.000757157 -0.00285443 0.00109975 -0.000657538 0.000604907 -0.00107886 0.000113411 -0.00111584 3.85934e-05 
416 0.00247174 -0.00169149 0.00169149 0.000308644 -0.00380589 0.00380589 0.00109667 -0.0003397 0.000339699 0.000553924 -0.00220217 0.00220216 0.000641703 -0.0012639 0.0012639 0.000342638 0.000743443 -0.000743439 0.00174796 -0.000972895 0.000972905 0.000753388 -0.00218125 0.00218124 0.000723781 -0.00223437 0.00223436 -0.000983584 0.000377741 -0.000511813 -7.57389e-05 -0.000335018 0.000743279 -0.00244604 0.000597732 -0.000713276 0.000496558 -0.00106049 0.000342711 -0.00119605 0.000288256 
432 0.00195262 -0.00213438 0.00213439 0.000106678 -0.00316993 0.00316993 0.000800586 -0.000308363 0.000308364 0.000408202 -0.00292361 0.00292361 0.000357837 -0.000875987 0.000875986 0.000299038 -0.000412797 0.000412798 0.00120632 -0.000991753 0.000991753 0.000702582 -0.00309639 0.00309639 0.000746299 -0.00315394 0.00315394 -0.00136116 0.000846328 -0.00205723 -0.000596081 0.000205355 0.00130771 -0.00268455 0.000865116 -0.000734401 0.000727645 -0.00168304 0.00105963 -0.00189025 0.000980404 
448 0.00253774 -0.00180305 0.00180304 0.000370192 -0.00114171 0.00114171 0.00113697 -0.000862704 0.0008627 0.000333259 -0.00293038 0.00293037 0.000559251 -0.00122915 0.00122916 0.000285746 -0.00287715 0.00287716 0.0017929 -0.00123137 0.00123137 0.000729526 -0.00197836 0.00197836 0.000744826 -0.00206376 0.00206376 -0.00149082 0.000555289 -0.000504671 -0.000650445 5.4186e-06 0.00141872 -0.00343543 0.000869836 -0.000559419 0.000823785 -0.00220527 0.000421898 -0.00233468 0.000338435 
464 0.00278878 -0.00173858 0.00173857 0.000583743 -0.00305202 0.00305202 0.000819703 -0.000218165 0.00021816 0.00054833 -0.00291989 0.00291988 0.00065802 -0.00185636 0.00185636 0.000237006 -0.000483531 0.000483529 0.00164046 -0.00107483 0.00107483 0.00117946 -0.00224077 0.00224077 0.00114832 -0.00226036 0.00226036 -0.00184414 0.000602231 -0.000975339 0.000721237 -0.000577674 0.0013817 -0.00270037 0.000814416 -0.00102778 0.00114025 -0.00251234 0.000198413 -0.00260439 0.000115092 
480 0.0025282 -0.00161991 0.0016199 0.000389494 -0.00122494 0.00122493 0.000888853 -0.00132797 0.00132797 0.000516666 -0.00249627 0.00249626 0.000716504 -0.00129634 0.00129635 0.000284246 0.00125326 -0.00125326 0.0015626 -0.000710023 0.000710022 0.000986641 -0.00213002 0.00213002 0.000965598 -0.00224096 0.00224096 -0.00234538 0.000600964 -0.00116599 -0.000680062 -0.00169787 0.00147008 -0.00375216 0.00114055 -0.00185348 0.000840861 -0.00273444 0.000441712 -0.0027943 0.000427781 
496 0.00263452 -0.00182533 0.00182532 0.000350899 -0.0029795 0.00297951 0.00094643 -0.00139421 0.0013942 0.000352564 -0.00144523 0.00144521 0.000651678 -0.00171849 0.0017185 0.000397631 0.00154788 -0.00154788 0.00169496 -0.00144339 0.0014434 0.000968931 -0.00192021 0.00192022 0.00093956 -0.00208435 0.00208436 -0.00294252 0.000352566 -0.000461721 -0.00016583 -0.00251371 0.000807528 -0.00384983 0.00140326 -0.00216454 0.000568101 -0.00345831 0.00012808 -0.00368134 0.000164271 
512 0.00236234 -0.000972395 0.000972382 0.000304008 -0.00248204 0.00248204 0.000741479 -0.000696002 0.000696005 0.0005192 -0.00252934 0.00252933 0.000544404 -0.00108935 0.00108935 0.000309136 0.00415944 -0.00415943 0.00135463 -0.000484205 0.000484206 0.00102649 -0.00126596 0.00126596 0.00100771 -0.00132332 0.00132331 -0.00293068 0.00035645 -0.00136476 -0.000522891 -0.00171241 0.00085615 -0.00264625 0.00211124 -0.00171201 0.000682467 -0.00386773 8.71969e-05 -0.00406661 6.98309e-05 
528 0.00258989 -0.00132923 0.00132922 0.000279655 -0.00163438 0.00163437 0.000796334 -0.00126061 0.00126061 0.000480442 -0.00118624 0.00118623 0.000678744 -0.00107709 0.00107709 0.00021983 -0.000164777 0.000164779 0.00129582 -0.00121139 0.0012114 0.00128077 -0.00115464 0.00115464 0.00129406 -0.00124228 0.00124229 -0.00329568 0.000539891 -0.00149711 -0.00164558 -0.00202325 0.00129554 -0.0032574 0.00238351 -0.00205032 0.000726057 -0.00438156 0.000371298 -0.00445577 0.000380619 
544 0.00263844 -0.00147905 0.00147905 0.000283797 -0.000122406 0.000122408 0.000938218 -0.00113797 0.00113797 0.000494973 -0.00281494 0.00281493 0.000599685 0.000558845 -0.000558845 0.000208631 0.00167787 -0.00167788 0.00143065 -0.000434605 0.000434608 0.00122588 -0.00228269 0.00228268 0.00120778 -0.00229959 0.00229959 -0.00391356 0.000420948 -0.00124098 -0.000748998 -0.00297994 0.000757832 -0.00428361 0.00112177 -0.00268506 0.00036605 -0.00496183 0.00035119 -0.00509519 0.000500482 
560 0.00277916 -0.0016014 0.00160139 0.000265938 -0.000399946 0.000399942 0.00111372 -0.000637742 0.000637733 0.000451513 -0.00266332 0.00266332 0.000706901 0.00122925 -0.00122926 0.000349091 -0.00215749 0.0021575 0.00172875 -0.000875803 0.000875808 0.00103273 -0.00207857 0.00207857 0.00105039 -0.00218474 0.00218475 -0.00410147 2.70714e-06 -0.00193137 -0.000997281 -0.0027928 0.00060829 -0.00326219 0.00113198 -0.00261602 0.000247153 -0.00546505 -0.000288951 -0.0055404 -0.000219359 
576 0.00231508 -0.00172355 0.00172353 0.000185734 -0.00302812 0.00302812 0.00105741 -0.000892595 0.000892598 0.000569824 -0.00322549 0.00322548 0.000618267 -0.00115211 0.00115211 0.000283837 3.9716e-05 -3.97203e-05 0.00152699 -0.00136008 0.00136009 0.000798785 -0.00213132 0.00213132 0.000788068 -0.00196975 0.00196973 -0.00462453 0.000242037 -0.00140142 -0.000802104 -0.00380094 0.000948631 -0.00299883 0.00256395 -0.00309195 0.000687378 -0.00609451 -0.000244357 -0.00614208 -0.000177665 
592 0.00226209 -0.00218551 0.0021855 0.000183927 0.000830523 -0.000830529 0.000741947 -0.00109583 0.00109582 0.000532157 -0.00334179 0.00334178 0.000532329 -0.000355779 0.000355785 0.000153108 -0.00201355 0.00201355 0.00107899 -0.000810838 0.000810842 0.00115032 -0.00359227 0.00359228 0.00118309 -0.00347591 0.00347591 -0.00570013 0.000309196 -0.00202166 -7.37954e-05 -0.00543536 0.000688163 -0.00520532 0.00138 -0.00456808 0.00054954 -0.00679708 8.6884e-05 -0.00685567 0.000126152 
608 0.00265372 -0.00220716 0.00220715 0.00045283 -0.000760823 0.00076082 0.00066498 -0.00155821 0.0015582 0.000743948 -0.00339998 0.00339997 0.000659385 -0.00131795 0.00131795 0.000269888 -0.00129122 0.00129121 0.00138771 -0.00106946 0.00106946 0.00123299 -0.00337755 0.00337755 0.00126599 -0.00322407 0.00322406 -0.00631804 -5.69791e-05 -0.00197677 -0.00114686 -0.00561088 0.000634796 -0.00454222 0.00135403 -0.00459462 0.000257105 -0.00801875 -0.000335316 -0.00806634 -0.000320106 
624 0.00194962 -0.00189233 0.00189231 0.000184886 -0.00214489 0.00214488 0.000748864 -0.00156256 0.00156255 0.000494583 -0.00186808 0.00186808 0.000408894 -0.000928247 0.000928252 0.00019649 -0.000383037 0.000383034 0.00113023 -0.00126352 0.00126353 0.000796987 -0.00253051 0.00253051 0.00081937 -0.00244988 0.00244987 -0.00674607 0.000567197 -0.00117092 -0.00134977 -0.00658822 0.000783469 -0.00477858 0.00305786 -0.00499393 0.000563834 -0.00861117 0.000516635 -0.00851257 0.000576097 
640 0.00238051 -0.00241996 0.00241995 0.000389177 -0.0011309 0.0011309 0.000694904 -0.00130894 0.00130893 0.00043984 -0.00223575 0.00223574 0.000745841 -0.00185672 0.00185673 0.000282527 -0.00163393 0.00163392 0.00136662 -0.00131521 0.00131521 0.00098409 -0.0033442 0.00334419 0.00101389 -0.00340764 0.00340762 -0.00788349 0.000197376 -0.00188417 -0.00113355 -0.00809111 0.000602412 -0.00432824 0.00134954 -0.00610921 0.000262007 -0.00969179 5.87517e-05 -0.0096621 0.000167615 
656 0.00237298 -0.00215692 0.0021569 0.000337466 -0.000832047 0.000832044 0.000857353 -0.0012643 0.0012643 0.000601057 -0.00397913 0.00397912 0.000579629 -0.000145521 0.000145522 0.00026784 0.00150701 -0.001507 0.00146265 -0.000856831 0.000856837 0.000949881 -0.00342816 0.00342817 0.000910309 -0.0033541 0.00335409 -0.00931719 0.000416721 -0.00289462 -0.00116438 -0.00877511 0.00124476 -0.00402886 0.00139246 -0.00667373 0.000658208 -0.0118489 2.87454e-05 -0.0119523 0.000195151 
672 0.00254746 -0.00179475 0.00179474 0.000411248 -0.00252743 0.00252743 0.000757638 -0.00030875 0.00030874 0.000649551 -0.00104682 0.00104681 0.000660211 -0.00196329 0.0019633 0.0003103 -8.45171e-06 8.44914e-06 0.00147918 -0.000739118 0.000739118 0.00103531 -0.00265145 0.00265145 0.00106827 -0.00278344 0.00278344 -0.0103868 0.000788263 -0.00415688 -0.00130055 -0.00954849 0.00162424 -0.00639715 0.00211925 -0.00770055 0.000993714 -0.0130378 0.000425337 -0.0130647 0.000592261 
688 0.00249075 -0.00187921 0.0018792 0.000260729 -0.00137372 0.00137371 0.00091844 -0.000904875 0.00090486 0.000566409 -0.0020581 0.00205809 0.000433636 -0.000436218 0.000436221 0.000418313 -0.000371621 0.000371622 0.00159748 -0.000951247 0.000951246 0.000887828 -0.00273554 0.00273553 0.000893256 -0.00273634 0.00273634 -0.011612 0.000747337 -0.00453335 -0.00198858 -0.0116003 0.00108189 -0.00585379 0.00213785 -0.00903356 0.000505037 -0.0140518 0.000848289 -0.0141257 0.000979801 
704 0.00241375 -0.00192037 0.00192036 0.000333698 -0.00185019 0.00185019 0.000839857 -0.000820782 0.000820777 0.000364919 -0.00391636 0.00391635 0.0005876 -0.00185455 0.00185454 0.000194394 0.000608772 -0.000608774 0.00136795 -0.000807011 0.000807013 0.00105434 -0.00295461 0.00295459 0.00104578 -0.00290463 0.00290462 -0.0130651 0.000879881 -0.00604519 -0.000434398 -0.0124561 0.00147401 -0.00737571 0.000717036 -0.0101656 0.000856757 -0.0158264 0.000787243 -0.0159086 0.000877327 
720 0.00278127 -0.00196165 0.00196164 0.000424973 0.00138878 -0.00138879 0.00103152 -0.00154922 0.00154922 0.000378411 -0.00493503 0.00493503 0.000536612 0.000864571 -0.000864567 0.00028556 -0.000738405 0.000738412 0.00174205 -0.000825386 0.000825389 0.00096152 -0.00281836 0.00281836 0.0010392 -0.00297166 0.00297165 -0.014357 0.000761659 -0.00506565 -0.00159231 -0.0138909 0.00167895 -0.00720465 0.00192453 -0.0108033 0.000937639 -0.0178131 0.000458783 -0.017952 0.000543566 
736 0.00241441 -0.00197204 0.00197204 0.000393697 -0.000254552 0.000254549 0.000838362 -0.000506527 0.000506523 0.000377013 -0.00508326 0.00508325 0.000563611 -0.000438099 0.000438104 0.000378865 0.00198759 -0.00198758 0.00161093 -0.000127836 0.000127834 0.000842749 -0.00388659 0.00388658 0.000803478 -0.00361022 0.00361022 -0.0159174 0.000731643 -0.00580069 -0.00135265 -0.0163105 0.00176589 -0.00639455 0.00171546 -0.0123615 0.001009 -0.0193006 0.000394149 -0.0194456 0.000459637 
752 0.00219033 -0.00131389 0.00131387 0.000191288 0.000883146 -0.000883148 0.000878023 -0.000250276 0.00025027 0.000382978 -0.0045894 0.00458938 0.000418482 0.00125729 -0.00125729 0.000282363 0.00437886 -0.00437885 0.00135167 0.00083374 -0.00083375 0.000778529 -0.00321189 0.00321189 0.000838635 -0.00324576 0.00324577 -0.0181823 0.000790535 -0.00719666 -0.00129418 -0.0191118 0.00131714 -0.008643 0.000931531 -0.0147859 0.00062849 -0.0214638 0.000883885 -0.0215027 0.000958942 
768 0.00275874 -0.00220931 0.0022093 0.000320316 -0.00163117 0.00163118 0.0009132 -0.000780649 0.000780643 0.000562888 -0.00409866 0.00409865 0.000602975 -0.000513973 0.000513977 0.000362923 0.000489727 -0.000489725 0.00159644 -0.000697273 0.000697269 0.00107946 -0.00354293 0.00354292 0.0011623 -0.00357357 0.00357356 -0.0203529 0.000638659 -0.00683188 -0.00184678 -0.0206547 0.00116007 -0.00889297 0.000684878 -0.0156742 0.000355838 -0.0247822 0.000793823 -0.0249332 0.000932434 
784 0.00209808 -0.00086067 0.000860665 0.000225073 -0.00101337 0.00101337 0.000638391 0.000501488 -0.000501491 0.000637869 -0.00237272 0.00237271 0.000391336 0.00123462 -0.00123462 0.000183313 0.00367383 -0.00367383 0.00104678 0.000606888 -0.000606892 0.00103907 -0.00233345 0.00233346 0.0010513 -0.00219334 0.00219334 -0.0225781 0.000715243 -0.00767839 -0.000952629 -0.0225881 0.00137264 -0.00896392 0.00075276 -0.0170214 0.000784343 -0.0279185 0.000482057 -0.0280215 0.000625538 
800 0.00281364 -0.00150396 0.00150396 0.000342348 -0.00199548 0.00199547 0.000995676 -0.000822074 0.000822059 0.000810681 -0.00229477 0.00229476 0.000547925 -0.000327641 0.000327645 0.000230266 0.000489289 -0.000489279 0.00156829 -0.000838196 0.000838199 0.00118987 -0.0021608 0.00216079 0.00124535 -0.00201894 0.00201893 -0.0254013 0.000865987 -0.00893351 -0.000870159 -0.02557 0.00107579 -0.00968203 0.00141709 -0.0192824 0.000672073 -0.0311987 0.00102025 -0.0314236 0.00101318 
816 0.00276079 -0.00164628 0.00164627 0.000253815 -0.00242705 0.00242704 0.00100323 -0.000395554 0.000395553 0.000709143 -0.00219834 0.00219833 0.000525214 -0.000169784 0.000169782 0.000213247 0.00180909 -0.0018091 0.0014703 -0.000747517 0.000747529 0.00122754 -0.00254116 0.00254115 0.00129046 -0.00244753 0.00244752 -0.028239 0.000878041 -0.0103023 -0.0012555 -0.0283806 0.00103698 -0.0113047 0.00052462 -0.0215845 0.000380911 -0.0345606 0.00131941 -0.0347575 0.00133103 
832 0.00259983 -0.000998777 0.000998766 0.000305087 -0.00267386 0.00267385 0.000794178 -0.000205076 0.000205077 0.000731974 -0.00190017 0.00190016 0.000422664 -0.000108703 0.000108712 0.000273167 0.00190497 -0.00190498 0.00137243 -0.000210121 0.000210123 0.00117711 -0.00175454 0.00175454 0.00122739 -0.00167372 0.00167372 -0.0310377 0.000862271 -0.0110753 -0.00148605 -0.031732 0.000891696 -0.0119583 0.00204726 -0.0240165 0.000488494 -0.0376996 0.00116276 -0.0378981 0.00123827 
848 0.00301878 -0.00177484 0.00177483 0.000352048 -0.00264635 0.00264635 0.000922242 -0.00111984 0.00111983 0.000714498 -0.002147 0.002147 0.000599173 -0.000707309 0.000707318 0.000270845 0.000417309 -0.000417319 0.00154513 -0.00123249 0.00123251 0.00137785 -0.00219848 0.00219847 0.00147362 -0.00216581 0.00216581 -0.0343167 0.00129814 -0.0124228 -0.00107493 -0.0347229 0.00128752 -0.0119379 0.00162313 -0.026052 0.000711191 -0.0421017 0.00173194 -0.0424071 0.00189208 
864 0.00278899 -0.00180854 0.00180853 0.000260552 -0.00234588 0.00234589 0.000934416 -0.00100891 0.00100891 0.000483788 -0.00213648 0.00213647 0.000494384 -0.00105704 0.00105705 0.000243212 -0.00165252 0.00165252 0.00143817 -0.00132885 0.00132885 0.0012408 -0.00236545 0.00236544 0.0013508 -0.00208949 0.00208948 -0.0381112 0.00165963 -0.0127373 -0.000738429 -0.03839 0.00188516 -0.013883 0.00120081 -0.0286616 0.00114376 -0.0471471 0.00207625 -0.047424 0.00217456 
880 0.00289527 -0.00177932 0.00177931 0.000352319 -0.00293128 0.00293128 0.00109656 -0.00106456 0.00106455 0.000562986 -0.00257285 0.00257284 0.000573347 -0.000810664 0.000810669 0.00011878 -0.00174019 0.00174019 0.00156766 -0.00140092 0.00140092 0.00122058 -0.0022913 0.00229129 0.0013276 -0.00202922 0.00202922 -0.0420085 0.00169285 -0.0148248 -0.00118731 -0.0426901 0.00192019 -0.0141554 0.00119287 -0.0319045 0.00102275 -0.0515942 0.00227733 -0.051942 0.00235027 
896 0.00307571 -0.00171809 0.00171808 0.000277491 -0.000168975 0.00016897 0.00099534 -0.000743413 0.000743409 0.000724719 -0.00257726 0.00257725 0.000535035 -0.000309403 0.000309405 0.000253236 -0.00160352 0.00160352 0.00152605 -0.000718033 0.000718033 0.00146111 -0.00256939 0.00256939 0.00154963 -0.002454 0.002454 -0.0458664 0.00168782 -0.0159499 -0.000935153 -0.046945 0.00192027 -0.0152718 0.00152591 -0.0349826 0.00115529 -0.0561397 0.00211074 -0.0565201 0.0022109 
912 0.00352289 -0.00165314 0.00165312 0.000446121 -0.000350964 0.000350967 0.00117392 -0.00107303 0.00107303 0.000867422 -0.00240012 0.00240011 0.00082761 -0.000536559 0.00053656 0.000331946 -0.0036627 0.00366271 0.00195199 -0.00106605 0.00106606 0.00150593 -0.002027 0.002027 0.0015709 -0.00205698 0.00205698 -0.0502597 0.0020803 -0.0181109 -0.000810497 -0.0507821 0.00250921 -0.017511 0.00160811 -0.0381726 0.00156552 -0.0616671 0.00260737 -0.0621064 0.00263054 
928 0.00332881 -0.00116182 0.00116179 0.000403898 -0.0017225 0.0017225 0.00108844 -0.000461902 0.000461887 0.000708807 -0.00067345 0.000673433 0.000766299 -0.00102153 0.00102152 0.000365865 0.000946242 -0.000946243 0.0018582 -0.000467961 0.000467971 0.00142048 -0.00166525 0.00166525 0.00147059 -0.00168216 0.00168217 -0.054544 0.00248418 -0.0188644 -0.000105279 -0.0544753 0.0022698 -0.0195541 0.000809837 -0.0408408 0.00144665 -0.0674981 0.00346002 -0.0679927 0.00353822 
944 0.00299598 -0.00138003 0.00138001 0.000283257 0.000221981 -0.000221978 0.00079987 -0.000761768 0.000761769 0.000835651 -0.00224438 0.00224437 0.00082254 -0.000400947 0.000400947 0.000309819 0.00145859 -0.00145859 0.00139295 -0.000214747 0.000214746 0.00155089 -0.00241796 0.00241795 0.00160303 -0.00236464 0.00236463 -0.0597131 0.00281219 -0.0193757 -0.000862773 -0.0596088 0.00274081 -0.0203078 0.000816986 -0.0443587 0.00158433 -0.0743164 0.0039727 -0.0748206 0.00406791 
960 0.00342143 -0.00173049 0.00173048 0.00036037 -0.00250144 0.00250144 0.00105959 -0.00123097 0.00123096 0.000883116 -0.00270903 0.00270902 0.000735469 -0.000554721 0.000554724 0.00028191 0.00181892 -0.00181892 0.00170187 -0.000882304 0.000882305 0.00163487 -0.00252731 0.0025273 0.00171954 -0.00238028 0.00238028 -0.0652579 0.00322111 -0.023205 -0.00122398 -0.065114 0.002723 -0.020979 0.00133579 -0.0487326 0.00151173 -0.0808724 0.00482909 -0.0814673 0.00493636 
976 0.00409788 -0.00113066 0.00113064 0.000383367 -0.00212583 0.00212583 0.00149352 -0.0019734 0.00197339 0.000910664 -0.000671082 0.000671065 0.00102249 0.0001445 -0.00014449 0.000360524 0.00296866 -0.00296866 0.00223741 -0.00119975 0.00119976 0.00170869 -0.00098509 0.000985098 0.00186046 -0.000995957 0.00099596 -0.0698827 0.00354282 -0.0230057 -0.00080372 -0.0707494 0.00271471 -0.0222904 0.00126622 -0.0523382 0.00164246 -0.0865331 0.00538099 -0.0871272 0.00542034 
992 0.0043177 -0.000937772 0.000937744 0.000584522 -0.00266896 0.00266896 0.00131717 -0.000460268 0.000460251 0.000756158 -5.15163e-05 5.15037e-05 0.000986581 -0.00131826 0.00131826 0.000319501 -0.00104319 0.00104319 0.00222121 -0.00097981 0.000979809 0.00196941 -0.000988721 0.000988714 0.00209647 -0.000836612 0.000836607 -0.0750058 0.0036517 -0.0240812 -0.000866391 -0.0757704 0.00290693 -0.0254451 0.000519564 -0.0562017 0.00161396 -0.0929506 0.00555366 -0.093551 0.00567029 
1008 0.00424343 -0.00126902 0.00126901 0.000464616 -0.00250457 0.00250457 0.00133435 -0.000353977 0.000353969 0.000791398 -0.00106585 0.00106584 0.000898788 -0.00321699 0.003217 0.000304656 -0.00101211 0.0010121 0.00210362 -0.000834579 0.000834592 0.00193122 -0.00172176 0.00172176 0.00213979 -0.00156517 0.00156516 -0.0796168 0.00417114 -0.0257622 -0.000351199 -0.0799024 0.00328883 -0.0251185 0.00177191 -0.059046 0.00211406 -0.0992028 0.00605511 -0.0999127 0.00614526 
1024 0.00476704 -0.00135857 0.00135856 0.000622189 -0.00329677 0.00329677 0.00148448 -0.000238248 0.000238242 0.000872885 0.000261839 -0.000261849 0.000851747 -0.000780695 0.000780704 0.000359028 0.000988182 -0.000988184 0.00246569 -0.000737606 0.000737608 0.00206761 -0.00200181 0.0020018 0.00230133 -0.00188198 0.00188197 -0.0847939 0.00454646 -0.0274428 -0.00131123 -0.0850565 0.00363643 -0.0248393 0.00110269 -0.0626213 0.00212423 -0.105923 0.00686932 -0.106656 0.00693103 
1040 0.00439473 -0.000465788 0.000465759 0.000474448 -0.00283425 0.00283425 0.00133108 0.000414842 -0.000414852 0.00106455 0.000217236 -0.000217237 0.000871384 -0.000785269 0.000785279 0.000228802 0.000840595 -0.000840594 0.00203433 -4.71929e-05 4.71911e-05 0.002134 -0.000946341 0.000946333 0.0023604 -0.000794864 0.000794856 -0.0905461 0.00553039 -0.0291001 -0.000568481 -0.0904121 0.00480979 -0.0264586 0.000939807 -0.0665647 0.00292237 -0.113354 0.00803591 -0.114151 0.00812297 
1056 0.00480887 -0.000859835 0.000859829 0.00057323 -0.00172526 0.00172526 0.00139474 -0.00113242 0.00113241 0.00102472 0.000124238 -0.000124249 0.000840211 -0.00139972 0.00139972 0.000293826 2.1949e-05 -2.19531e-05 0.00226179 -0.00101206 0.00101206 0.00230392 -0.000734526 0.000734522 0.00254706 -0.000655913 0.000655916 -0.0955269 0.00591908 -0.0298092 -0.000519947 -0.0951491 0.0051306 -0.0291696 0.00107328 -0.0700604 0.00311636 -0.119689 0.00856377 -0.120646 0.00871915 
1072 0.00519912 -0.000556739 0.000556723 0.000467784 -0.00270194 0.00270193 0.00129966 5.60689e-05 -5.60669e-05 0.00112425 -0.000460044 0.000460037 0.000803107 -4.44623e-05 4.44691e-05 0.000342572 0.00177276 -0.00177276 0.00211001 -0.000117422 0.000117424 0.00281487 -0.000886473 0.000886468 0.00308909 -0.000877751 0.000877751 -0.10015 0.00649413 -0.0311809 -0.000741557 -0.099753 0.00564432 -0.0293089 0.00113342 -0.0732624 0.00348199 -0.125658 0.00930291 -0.12667 0.00947937 
1088 0.00555386 -1.30837e-05 1.30651e-05 0.000530526 -0.0013973 0.0013973 0.00165749 0.000593334 -0.000593335 0.00136466 -0.00187546 0.00187545 0.000943925 -0.000904122 0.000904121 0.000258509 0.00204953 -0.00204953 0.00244652 0.000455849 -0.000455841 0.00286748 -0.000484142 0.000484133 0.00310733 -0.00040343 0.000403419 -0.104259 0.00680285 -0.0328139 -0.000971812 -0.103058 0.00605213 -0.0294451 0.0020196 -0.0757387 0.00382444 -0.131273 0.00953062 -0.132383 0.00970601 
1104 0.00553408 0.00112769 -0.0011277 0.000517137 -0.000673342 0.000673338 0.00160534 0.00243852 -0.00243853 0.00107172 0.0011307 -0.0011307 0.00101717 0.000431006 -0.000431008 0.000304748 0.00111365 -0.00111365 0.00242723 0.00173613 -0.00173614 0.0029054 0.000439369 -0.000439376 0.00310685 0.000659273 -0.000659277 -0.108083 0.00703036 -0.0336617 -0.000848609 -0.106094 0.00574493 -0.0296299 0.00106015 -0.0778492 0.00348826 -0.136693 0.010279 -0.137935 0.0105189 
1120 0.0065006 0.000313569 -0.000313578 0.000404251 -0.00147888 0.00147887 0.00202904 0.000403296 -0.000403302 0.00131914 0.000116978 -0.000116987 0.000994954 0.000474964 -0.000474951 0.000476172 0.00373352 -0.00373352 0.00290946 0.000612167 -0.000612161 0.00328655 0.000367732 -0.000367737 0.00359113 0.000166913 -0.000166906 -0.111629 0.00787832 -0.0340157 0.000813352 -0.109893 0.0057477 -0.0293732 0.00180688 -0.0801932 0.00393465 -0.141349 0.0115059 -0.142692 0.0117616 
1136 0.00637257 0.00121387 -0.00121387 0.000599671 -0.00178237 0.00178237 0.00191974 0.00211706 -0.00211706 0.00131478 0.00115088 -0.00115089 0.00117083 0.000113582 -0.000113585 0.000385396 0.000558306 -0.00055831 0.00290481 0.00106339 -0.0010634 0.00323239 0.00164386 -0.00164385 0.00346775 0.00149669 -0.0014967 -0.11431 0.00808567 -0.0352111 -0.000123837 -0.112344 0.00694891 -0.0295835 0.00116353 -0.0820206 0.00437664 -0.144845 0.0115469 -0.146257 0.0117379 
1152 0.00677709 0.00103119 -0.00103121 0.000390358 -0.000777456 0.000777449 0.0022112 0.000964784 -0.000964788 0.00151879 0.00068609 -0.000686095 0.000941961 0.00168916 -0.00168915 0.000301677 0.00277763 -0.00277763 0.00290324 0.000834843 -0.000834845 0.00357625 0.00161319 -0.00161321 0.00387383 0.00143613 -0.00143615 -0.116135 0.00840089 -0.0343616 -0.000774943 -0.113327 0.00767663 -0.0284929 0.000572497 -0.0823395 0.00462917 -0.147996 0.0119421 -0.149525 0.0121086 
1168 0.00700613 0.00057983 -0.000579834 0.00051927 -0.00227697 0.00227697 0.00206638 -0.000292881 0.000292867 0.00151305 0.00127628 -0.0012763 0.00114588 -0.0008497 0.000849708 0.000490922 -0.000516952 0.00051695 0.00307658 -0.000732563 0.000732565 0.00358663 0.00197719 -0.00197719 0.00392955 0.00189534 -0.00189535 -0.116894 0.0085102 -0.0330515 -0.000517523 -0.113126 0.00704405 -0.0272872 0.00155287 -0.0817327 0.00448146 -0.150016 0.012194 -0.15161 0.0124776 
1184 0.00682735 0.00143064 -0.00143065 0.000392783 -0.000407592 0.000407587 0.00190945 0.000705263 -0.000705261 0.00155945 0.0011071 -0.00110711 0.00110778 0.0001121 -0.000112094 0.000271685 0.0033798 -0.00337981 0.00257393 0.000901913 -0.000901902 0.00373227 0.00230389 -0.00230389 0.00425342 0.00204599 -0.00204599 -0.116721 0.00836916 -0.0324695 6.71683e-05 -0.11273 0.00689688 -0.0270888 0.000464555 -0.0812207 0.00433657 -0.150056 0.0119032 -0.151794 0.0123238 
1200 0.00681175 0.00131609 -0.0013161 0.000445992 -0.00064579 0.000645791 0.00163534 0.00126073 -0.00126074 0.00173647 0.000506842 -0.000506853 0.000995957 0.00192206 -0.00192207 0.000326395 0.00258292 -0.00258293 0.00240772 0.000910724 -0.000910724 0.00397424 0.00163976 -0.00163977 0.004404 0.0017516 -0.0017516 -0.115192 0.00840406 -0.031459 -0.000210826 -0.110774 0.00717631 -0.0244435 0.00100124 -0.0794611 0.00456878 -0.148661 0.0117281 -0.150503 0.0121394 
1216 0.00710333 0.00078521 -0.000785216 0.000479409 0.00162669 -0.0016267 0.00193551 -0.00086643 0.000866419 0.00170766 0.000385777 -0.000385785 0.00109299 0.00153441 -0.00153441 0.000388574 0.00185837 -0.00185837 0.0028035 0.000262146 -0.00026214 0.00381271 0.00144033 -0.00144033 0.00429982 0.00141013 -0.00141013 -0.112472 0.00807227 -0.0298519 -2.3872e-05 -0.107373 0.00651103 -0.022926 0.000975885 -0.0767593 0.00420028 -0.145824 0.0114643 -0.147751 0.0118711 
1232 0.00678568 0.000773967 -0.000773979 0.000434703 -0.000772986 0.000772981 0.00185191 0.000369382 -0.00036939 0.00162649 -0.000317239 0.000317226 0.00112061 0.00195177 -0.00195177 0.000409832 -0.000284061 0.000284061 0.00269645 5.1094e-05 -5.10943e-05 0.00361328 0.00173114 -0.00173114 0.00408921 0.00165474 -0.00165473 -0.108447 0.00717522 -0.0266802 2.93789e-05 -0.102917 0.00552892 -0.0213618 -0.00047355 -0.0730141 0.00332251 -0.141423 0.0105265 -0.143385 0.0109299 
1248 0.00678361 0.000855047 -0.000855048 0.000392434 -0.00118826 0.00118826 0.00200482 0.000452747 -0.000452751 0.00166368 0.000663659 -0.000663666 0.00113829 0.000366111 -0.000366109 0.000344363 -0.00343343 0.00343344 0.00274162 -0.000390405 0.000390406 0.0035697 0.00227385 -0.00227386 0.00404198 0.00206459 -0.00206459 -0.103131 0.00674697 -0.0255614 0.0005162 -0.096583 0.00540958 -0.0181978 0.000441092 -0.0683297 0.00356163 -0.135508 0.00949489 -0.137445 0.00981674 
1264 0.00732569 0.000925094 -0.000925099 0.000623043 -0.000993332 0.000993327 0.00184044 0.000775513 -0.000775525 0.00185799 0.000425604 -0.000425622 0.00106781 0.00076627 -0.000766262 0.000436941 -0.000770942 0.000770936 0.00290043 0.000334928 -0.000334924 0.00390116 0.00189746 -0.00189747 0.00442525 0.00168131 -0.00168132 -0.0963635 0.0057798 -0.0222753 0.000255172 -0.0886867 0.00455113 -0.01474 -0.00046353 -0.0621177 0.00286668 -0.128324 0.00835254 -0.130194 0.00863666 
1280 0.00706871 0.00135129 -0.0013513 0.000616841 0.0021113 -0.00211131 0.00199737 -1.29963e-05 1.29926e-05 0.00157765 0.00170346 -0.00170346 0.00114742 0.00150711 -0.00150711 0.000498296 0.0019019 -0.0019019 0.0031125 0.000890372 -0.000890361 0.00335849 0.0022489 -0.0022489 0.0039562 0.00199281 -0.0019928 -0.0887784 0.00471842 -0.0189461 0.000372027 -0.0812269 0.00340108 -0.0110199 -0.000574272 -0.0562183 0.0020792 -0.119176 0.00711551 -0.120897 0.00730958 
1296 0.00772966 0.000588581 -0.000588596 0.000740665 -0.000657524 0.000657519 0.00220704 0.000401306 -0.000401317 0.00171264 -0.000396491 0.000396479 0.00122698 0.00120776 -0.00120776 0.000476845 0.00225778 -0.00225778 0.00342455 0.000536223 -0.000536226 0.00361856 0.000873808 -0.000873805 0.00430509 0.000609413 -0.000609422 -0.079853 0.00375435 -0.0143418 0.000846075 -0.0717877 0.00250988 -0.00724445 -0.00196316 -0.0487882 0.00149373 -0.108886 0.00579463 -0.110477 0.00594159 
1312 0.00749723 0.00122384 -0.00122386 0.000901709 -0.000317578 0.00031758 0.00200946 0.00165735 -0.00165735 0.00147675 0.000331677 -0.000331684 0.00147715 -0.000247861 0.000247857 0.000510619 0.00109939 -0.00109939 0.00342179 0.00102396 -0.00102397 0.00338497 0.00157042 -0.00157043 0.00407543 0.00138898 -0.00138899 -0.0689139 0.00262098 -0.010221 7.38687e-05 -0.0601291 0.00182133 -0.00228036 -0.000466 -0.0398905 0.00115136 -0.096082 0.00391547 -0.0975284 0.00404428 
1328 0.00805182 0.00130591 -0.00130593 0.000706385 0.00273626 -0.00273626 0.00245613 0.00169257 -0.00169258 0.00166882 -0.000460398 0.000460391 0.00137503 0.00153008 -0.00153006 0.000466838 0.00429632 -0.00429631 0.00362936 0.00233412 -0.00233411 0.00363143 0.000897249 -0.000897255 0.00442244 0.000398279 -0.000398272 -0.057537 0.00157079 -0.0060574 0.000528107 -0.0479532 0.00153027 0.000755138 -0.0012232 -0.0309146 0.000859421 -0.0824989 0.00224341 -0.0837656 0.00223142 
1344 0.00887585 0.00172878 -0.00172879 0.000806097 0.00281824 -0.00281824 0.00281857 0.00285806 -0.00285807 0.00187887 -0.000134588 0.000134569 0.00139123 0.00294386 -0.00294386 0.000746208 0.00183756 -0.00183756 0.00437088 0.00275436 -0.00275435 0.00371781 0.00163001 -0.00163001 0.00450498 0.000808487 -0.000808477 -0.0457816 0.000589764 -0.00233921 -0.000239731 -0.0362712 0.000747708 0.00592544 -0.000237919 -0.0220939 0.000334179 -0.068025 0.000866915 -0.0691565 0.000834469 
1360 0.00943745 0.00300032 -0.00300034 0.000729349 0.00379624 -0.00379625 0.00300453 0.00386575 -0.00386574 0.00197133 0.00254974 -0.00254974 0.0017352 0.00393267 -0.00393268 0.000780353 0.00598726 -0.00598726 0.00451423 0.00428784 -0.00428784 0.00411551 0.00312348 -0.00312348 0.00492321 0.00176631 -0.0017663 -0.0328151 -0.000533486 0.00105634 -0.000708979 -0.0232149 -0.000267468 0.0104319 0.000329225 -0.0125207 -0.000277369 -0.0520375 -0.00072449 -0.052812 -0.000812518 
1376 0.0107835 0.0030475 -0.00304751 0.000948354 0.00210045 -0.00210045 0.00328636 0.00443435 -0.00443436 0.00241738 0.00184144 -0.00184144 0.00195506 0.00428549 -0.00428548 0.000852413 0.00528514 -0.00528514 0.00508712 0.00438737 -0.00438736 0.0046617 0.00427412 -0.00427413 0.00569636 0.00176391 -0.00176391 -0.0191506 -0.00128764 0.00644705 0.000105752 -0.0100734 -0.00123466 0.0125158 -0.00135265 -0.00273449 -0.00093377 -0.0355724 -0.00144114 -0.0353117 -0.00168554 
1392 0.011915 0.00357439 -0.0035744 0.00095309 0.00461858 -0.00461859 0.00374611 0.00486942 -0.00486942 0.0024934 0.0018624 -0.00186241 0.00204544 0.00430591 -0.0043059 0.000979288 0.00327828 -0.0032783 0.0056785 0.00495248 -0.00495248 0.00575556 0.00342234 -0.00342234 0.0062365 0.0022801 -0.00228011 -0.0058893 -0.00176233 0.00787378 -0.000731916 0.00290622 -0.00148805 0.0173839 -0.00101407 0.00629948 -0.00125087 -0.0195062 -0.00202252 -0.0178824 -0.00226194 
1408 0.0131145 0.00448698 -0.00448699 0.00115595 0.00572718 -0.00572718 0.00412081 0.00525529 -0.00525529 0.00273597 0.0020026 -0.00200261 0.00232371 0.00531936 -0.00531936 0.000993551 0.00479647 -0.00479647 0.00627031 0.00536255 -0.00536255 0.00629981 0.00474513 -0.00474514 0.00684413 0.00365292 -0.00365293 0.00716606 -0.00191036 0.0120747 -0.000435847 0.0157067 -0.00101286 0.0205451 -0.00215552 0.0156528 -0.00108895 -0.00344089 -0.00254598 -0.00117037 -0.00273749 
1424 0.0140018 0.00513382 -0.00513383 0.00124314 0.00484788 -0.00484788 0.0040312 0.00629118 -0.0062912 0.00301626 0.00274523 -0.00274524 0.00239623 0.00508582 -0.00508582 0.00100413 0.00932705 -0.00932706 0.00627848 0.00664472 -0.00664473 0.00648097 0.00632945 -0.00632945 0.00772331 0.00368173 -0.00368173 0.0197765 -0.00186158 0.0168505 -0.000125269 0.0286194 -0.00135884 0.0206128 -0.00217761 0.0248458 -0.00114505 0.0125539 -0.00245649 0.0148298 -0.00257527 
1440 0.015706 0.00609691 -0.00609692 0.00156545 0.00551575 -0.00551574 0.00465505 0.00680604 -0.00680604 0.00344327 0.00560442 -0.00560443 0.00260129 0.00644916 -0.00644916 0.00109472 0.0093819 -0.0093819 0.00731523 0.0071143 -0.00711429 0.00738534 0.00661519 -0.0066152 0.00839081 0.005217 -0.00521701 0.0321557 -0.00178655 0.0193663 -0.000446489 0.0412763 -0.00108192 0.0241957 -0.00326029 0.0336952 -0.00119678 0.028356 -0.00237402 0.0307209 -0.0023723 
1456 0.0172278 0.00751999 -0.00751998 0.00155686 0.0081422 -0.00814221 0.00518279 0.00866726 -0.00866728 0.00372378 0.00631915 -0.00631915 0.00277298 0.00847707 -0.00847706 0.00109858 0.00862125 -0.00862126 0.00783825 0.00884335 -0.00884334 0.00837274 0.00723194 -0.00723194 0.0093896 0.00635097 -0.00635098 0.0439708 -0.00141834 0.0231295 -0.000411988 0.0526011 -0.00111407 0.0262083 -0.00249847 0.0418883 -0.00111985 0.0435306 -0.00175434 0.0461615 -0.00171854 
1472 0.0188615 0.00782957 -0.00782958 0.00176899 0.00835964 -0.00835964 0.00573274 0.0091646 -0.00916461 0.00405147 0.00563439 -0.0056344 0.00302289 0.00971965 -0.00971964 0.00116745 0.0104369 -0.0104369 0.00866917 0.00933254 -0.00933254 0.00913708 0.00707467 -0.00707467 0.0101923 0.00638363 -0.00638364 0.0548834 -0.00100131 0.0257151 -0.00117207 0.0629745 -0.00103242 0.0256742 -0.0024522 0.0488932 -0.00119566 0.0580764 -0.000910737 0.0608737 -0.000816178 
1488 0.0194801 0.00941622 -0.00941624 0.00181324 0.0100328 -0.0100328 0.00595859 0.0109035 -0.0109035 0.00407636 0.00761889 -0.0076189 0.00320306 0.0113205 -0.0113205 0.00114376 0.0113479 -0.0113479 0.00891559 0.0110749 -0.0110749 0.00956299 0.00818245 -0.00818246 0.0105645 0.00785156 -0.00785155 0.0652371 -4.04343e-05 0.0279961 -0.00138662 0.0720891 -0.000128094 0.029 -0.00232715 0.0554998 -0.000707465 0.0720385 0.000335385 0.0749277 0.00057128 
1504 0.0206849 0.00974288 -0.00974289 0.00188921 0.00888935 -0.00888936 0.00628678 0.0110517 -0.0110517 0.00442036 0.00796696 -0.00796697 0.00338871 0.0113601 -0.0113601 0.00112453 0.00875771 -0.00875771 0.00930052 0.0104953 -0.0104953 0.0104037 0.00928641 -0.00928641 0.0113844 0.00906313 -0.00906313 0.0746659 0.00120292 0.0293867 -0.000422722 0.0808297 0.00122091 0.0305123 -0.00163351 0.0614805 0.00044323 0.0847982 0.00164354 0.0877967 0.00197671 
1520 0.0222353 0.00932105 -0.00932105 0.00209957 0.00830723 -0.00830724 0.00659025 0.0101207 -0.0101207 0.00472566 0.00790945 -0.00790946 0.00381324 0.0111199 -0.0111199 0.00132079 0.00841676 -0.00841676 0.0100106 0.0094802 -0.0094802 0.0112664 0.0093738 -0.0093738 0.0122247 0.00911402 -0.00911402 0.083557 0.00203622 0.0319138 -0.000358158 0.0891884 0.00202448 0.0302692 -0.00238374 0.0671218 0.000907439 0.0969494 0.00283284 0.0999469 0.0031764 
1536 0.0231304 0.0101101 -0.0101101 0.00212062 0.00733669 -0.00733668 0.00683448 0.0102534 -0.0102535 0.00495454 0.00871315 -0.00871317 0.00380593 0.010138 -0.010138 0.00129794 0.0109231 -0.0109231 0.010253 0.0098288 -0.00982879 0.0118855 0.0108104 -0.0108104 0.0128773 0.0103411 -0.0103411 0.0913083 0.00273203 0.0324931 -0.00109344 0.0975288 0.00255202 0.0313053 -0.00196082 0.0725929 0.00112675 0.106934 0.00402735 0.109897 0.0043125 
1552 0.0241121 0.010363 -0.010363 0.00202461 0.00727275 -0.00727276 0.00722847 0.0113756 -0.0113756 0.0053154 0.00832641 -0.00832641 0.00380343 0.0102651 -0.0102651 0.00138588 0.00989031 -0.00989031 0.0106389 0.0103055 -0.0103055 0.0125821 0.0105271 -0.0105271 0.0134731 0.0103636 -0.0103636 0.0980449 0.0035591 0.0339566 -0.000356083 0.103938 0.0034085 0.0310627 -0.00188397 0.0769229 0.00174455 0.115967 0.00489726 0.118981 0.00529888 
1568 0.0246751 0.0108648 -0.0108648 0.00204981 0.0072806 -0.0072806 0.00736187 0.01224 -0.01224 0.00531412 0.0103593 -0.0103593 0.00395889 0.00994826 -0.00994826 0.00136352 0.00915856 -0.00915856 0.0107752 0.0108666 -0.0108666 0.0130788 0.0108278 -0.0108278 0.0138999 0.01077 -0.01077 0.102675 0.00402757 0.0355469 -0.000599968 0.107333 0.00376354 0.0305691 -0.00360264 0.0792922 0.00176196 0.122879 0.0057372 0.125878 0.00621754 
1584 0.0254157 0.0108039 -0.0108039 0.00208216 0.00649996 -0.00649997 0.00768126 0.0115765 -0.0115765 0.00574754 0.00908673 -0.00908674 0.00391154 0.0114124 -0.0114124 0.00123784 0.00920746 -0.00920746 0.0110013 0.0102638 -0.0102638 0.0135682 0.0115373 -0.0115374 0.0144144 0.0112963 -0.0112963 0.105911 0.00523662 0.0342054 -0.000458846 0.110039 0.00481499 0.0291753 -0.000706099 0.0804004 0.00273207 0.128297 0.00726124 0.131212 0.00772062 
1600 0.0254932 0.0107084 -0.0107084 0.00202387 0.00661544 -0.00661545 0.00765553 0.0116839 -0.0116839 0.00573369 0.011072 -0.011072 0.0038883 0.0111458 -0.0111458 0.00134284 0.00697988 -0.00697989 0.0110222 0.00995578 -0.00995577 0.0136262 0.0116212 -0.0116212 0.014471 0.0114923 -0.0114923 0.108479 0.00577324 0.0339154 -0.000858982 0.111357 0.00531704 0.0278115 -0.00105312 0.0810453 0.0029759 0.13283 0.00797402 0.135701 0.00851677 
1616 0.0260088 0.0108661 -0.0108661 0.00225163 0.00704095 -0.00704095 0.00787224 0.0108763 -0.0108763 0.00560196 0.0122069 -0.012207 0.00417805 0.0118067 -0.0118067 0.00143482 0.00714958 -0.00714957 0.0115587 0.00957147 -0.00957148 0.0136458 0.0122493 -0.0122493 0.0144501 0.0120907 -0.0120907 0.109131 0.00588598 0.0326753 -0.0012971 0.111421 0.00540368 0.0269659 -0.00186007 0.080632 0.00286513 0.134535 0.00821421 0.137419 0.00883193 
1632 0.026838 0.0105679 -0.0105679 0.00229591 0.0073482 -0.0073482 0.00805197 0.0111912 -0.0111912 0.0059768 0.00923041 -0.00923042 0.00428812 0.0112863 -0.0112863 0.00146097 0.00805255 -0.00805255 0.0118088 0.0100997 -0.0100997 0.0142463 0.0110017 -0.0110017 0.0150291 0.0109213 -0.0109213 0.108169 0.00554314 0.0304102 -0.00066688 0.109822 0.00458552 0.0246317 -0.00148996 0.078764 0.00253891 0.134388 0.007891 0.137311 0.00845639 
1648 0.0266829 0.0103178 -0.0103178 0.00227647 0.00417691 -0.00417692 0.0081836 0.0116547 -0.0116547 0.00579091 0.0116914 -0.0116914 0.00423574 0.00841613 -0.00841613 0.00151568 0.00509403 -0.00509403 0.0119758 0.00916305 -0.00916305 0.0139684 0.0112145 -0.0112145 0.0147072 0.011301 -0.011301 0.106126 0.00574254 0.0295547 -0.000855025 0.106342 0.00523421 0.0204693 -0.00118973 0.0758428 0.0030096 0.13331 0.00797142 0.136131 0.00840086 
1664 0.026772 0.0101779 -0.0101779 0.0022117 0.00671121 -0.00671121 0.0084266 0.0112762 -0.0112762 0.00595519 0.0105882 -0.0105882 0.0041279 0.00949088 -0.00949087 0.00137555 0.00793049 -0.00793049 0.0120139 0.00983371 -0.00983372 0.0140247 0.0104291 -0.0104291 0.0147581 0.0104907 -0.0104907 0.1033 0.00527632 0.0279423 -0.00114524 0.10249 0.00438509 0.01848 -0.000903832 0.0727422 0.00236606 0.130914 0.00764194 0.133584 0.00810341 
1680 0.0266575 0.00984937 -0.00984938 0.00218848 0.00654441 -0.00654442 0.00857557 0.0111401 -0.0111401 0.00591452 0.011426 -0.011426 0.0041672 0.00983009 -0.00983008 0.00147073 0.00355135 -0.00355135 0.0122348 0.00912924 -0.00912924 0.0137303 0.010524 -0.010524 0.0144227 0.0105487 -0.0105487 0.0994551 0.00469209 0.0249172 -0.00199541 0.0978038 0.00401933 0.0168843 -0.00155597 0.0688945 0.0019445 0.127179 0.00687992 0.129747 0.00733285 
1696 0.027287 0.00880651 -0.00880651 0.00238584 0.00400277 -0.00400278 0.00850945 0.0102091 -0.0102091 0.00613059 0.00959359 -0.0095936 0.00438449 0.00907373 -0.00907373 0.0014972 0.00681793 -0.00681793 0.0123925 0.0083726 -0.0083726 0.01424 0.00926036 -0.00926036 0.0148945 0.00926286 -0.00926286 0.0944492 0.00453214 0.0237052 -0.00148106 0.0917736 0.00403527 0.0140288 -0.00123317 0.0645293 0.00204143 0.121639 0.0065228 0.124125 0.00690688 
1712 0.0270698 0.00900199 -0.009002 0.00221618 0.00149485 -0.00149486 0.00835522 0.0103252 -0.0103252 0.0061433 0.0094191 -0.00941911 0.00422464 0.00820925 -0.00820924 0.00152851 0.00604556 -0.00604556 0.0120999 0.00778373 -0.00778372 0.0143654 0.0100836 -0.0100836 0.0149699 0.0100872 -0.0100872 0.0891361 0.00380889 0.021529 -0.000591339 0.0858792 0.00333078 0.0122209 -0.000236381 0.0600361 0.00193296 0.115501 0.00523802 0.117954 0.00560804 
1728 0.0272676 0.00875004 -0.00875005 0.00230784 0.00463782 -0.00463783 0.00834792 0.0100582 -0.0100582 0.006167 0.00874925 -0.00874926 0.00420769 0.00835877 -0.00835876 0.00151798 0.00505349 -0.00505349 0.0121737 0.00798472 -0.00798472 0.014495 0.00953184 -0.00953184 0.0150939 0.00951159 -0.0095116 0.0840618 0.00349561 0.0192002 -0.00138601 0.080988 0.00356456 0.0106781 -0.00073645 0.0561451 0.00190875 0.109288 0.00466867 0.111744 0.00501691 
1744 0.0274358 0.0078422 -0.00784222 0.00244002 0.00368329 -0.0036833 0.00847887 0.00914987 -0.00914987 0.00613285 0.00833107 -0.00833108 0.00433917 0.00577481 -0.00577481 0.00142682 0.00558194 -0.00558194 0.0123457 0.00725096 -0.00725096 0.0145246 0.00859958 -0.00859957 0.0150901 0.0085565 -0.0085565 0.078639 0.0032002 0.0164308 -0.00132399 0.0754172 0.0032877 0.00901911 0.000127455 0.0518692 0.00179341 0.102929 0.00424583 0.105229 0.00454615 
1760 0.0276271 0.00788057 -0.00788059 0.00247499 0.00296619 -0.00296619 0.00855334 0.00903384 -0.00903384 0.00605761 0.00730799 -0.007308 0.00458844 0.00806426 -0.00806426 0.00159313 0.00611018 -0.00611018 0.0126215 0.00731753 -0.00731753 0.0144282 0.00851011 -0.00851012 0.0150056 0.00843386 -0.00843386 0.0728188 0.00255122 0.0149729 -0.000985602 0.0689737 0.00220466 0.0061861 -0.000167114 0.047157 0.00120902 0.0960311 0.00357759 0.0982872 0.00386533 
1776 0.0282037 0.00757886 -0.00757887 0.00263018 0.00390456 -0.00390455 0.00892725 0.00840182 -0.00840183 0.00593413 0.00748152 -0.00748154 0.00484493 0.00679629 -0.00679629 0.00164167 0.00469733 -0.00469732 0.0131991 0.00697368 -0.00697367 0.0144665 0.00813928 -0.00813928 0.0150046 0.00824226 -0.00824226 0.0671796 0.00196024 0.0124987 -0.00132434 0.06237 0.00132928 0.00584097 0.000105212 0.042425 0.000607075 0.0894831 0.00304402 0.0917303 0.00325849 
1792 0.0284068 0.00743458 -0.00743459 0.00259227 0.00499543 -0.00499543 0.00870507 0.00965263 -0.00965264 0.00596159 0.00726284 -0.00726286 0.00473161 0.00684004 -0.00684004 0.00168085 0.0035088 -0.0035088 0.0129782 0.00768088 -0.00768087 0.014866 0.00737541 -0.00737541 0.0154286 0.00727632 -0.00727631 0.0619339 0.00167227 0.0111163 -0.00125351 0.0563993 0.000558849 0.00475707 -0.000120817 0.0382164 8.52617e-05 0.083367 0.00308027 0.0854901 0.00323924 
1808 0.0283084 0.007824 -0.00782402 0.00268253 0.00368437 -0.00368436 0.00899482 0.00971832 -0.00971833 0.00588346 0.00677782 -0.00677784 0.00472762 0.00802569 -0.00802569 0.00159268 0.00589943 -0.00589943 0.01327 0.00785725 -0.00785725 0.0145147 0.00777137 -0.00777138 0.0150383 0.00774028 -0.00774027 0.0569209 0.00137875 0.0100761 -0.00121529 0.0511748 0.000914338 0.00233403 -0.000977747 0.0344932 0.000255164 0.0771644 0.00220175 0.0791843 0.00246752 
1824 0.0288071 0.00733727 -0.00733728 0.00249909 0.0038553 -0.00385531 0.00937475 0.00930996 -0.00930997 0.00591921 0.00650881 -0.00650882 0.00475147 0.00762689 -0.00762689 0.001657 0.0074962 -0.0074962 0.0135308 0.0076532 -0.00765319 0.0147503 0.00718597 -0.00718598 0.0152763 0.00708706 -0.00708706 0.0529881 0.00113514 0.00969205 -0.00154705 0.0470447 0.00122646 0.00318606 0.000188335 0.031862 0.000509218 0.0720133 0.00138768 0.0740011 0.00168106 
1840 0.0291613 0.00709933 -0.00709934 0.00267986 0.0029149 -0.0029149 0.00942452 0.00843674 -0.00843674 0.00611622 0.00579794 -0.00579795 0.00495529 0.00614262 -0.00614262 0.00171039 0.00594808 -0.00594808 0.0138148 0.00673292 -0.00673292 0.014782 0.00757372 -0.00757372 0.0153466 0.00748037 -0.00748038 0.0486175 0.000473871 0.00858089 -0.00143592 0.0425166 -4.45043e-05 0.00169054 0.000159618 0.0285837 -0.000254059 0.0665839 0.00100387 0.0685707 0.00118077 
1856 0.0294055 0.00709679 -0.0070968 0.00281049 0.00363975 -0.00363975 0.00930267 0.0086961 -0.00869611 0.00603239 0.00609738 -0.00609738 0.00489179 0.00798816 -0.00798815 0.00178251 0.00702897 -0.00702898 0.0138957 0.00736412 -0.00736411 0.0149351 0.00694895 -0.00694895 0.0155098 0.00690034 -0.00690034 0.0447018 0.000463672 0.00653426 -0.000608889 0.0379803 -0.000142238 0.00256507 0.000223267 0.0255363 -0.00012582 0.0617834 0.000900291 0.063755 0.00102262 
1872 0.0291896 0.00719243 -0.00719244 0.0028604 0.00489884 -0.00489883 0.00917135 0.00844507 -0.00844508 0.00618206 0.00639911 -0.00639913 0.00497975 0.00691555 -0.00691555 0.00178025 0.0020343 -0.00203429 0.013812 0.00678096 -0.00678096 0.0148459 0.00757817 -0.00757818 0.0153776 0.00760117 -0.00760118 0.0417516 0.000354077 0.00783209 -0.00159264 0.0354132 9.94369e-05 0.00286074 0.000442826 0.0242221 -0.000214983 0.0572487 0.00079631 0.0591805 0.000877397 
1888 0.0294924 0.00618592 -0.00618593 0.00283045 0.00345633 -0.00345632 0.00931548 0.00788147 -0.00788148 0.00611384 0.00619519 -0.0061952 0.00502131 0.00617448 -0.00617448 0.00174244 0.00331546 -0.00331547 0.0138884 0.00617961 -0.00617961 0.0150793 0.00626823 -0.00626824 0.015604 0.00623212 -0.00623212 0.0380926 0.000346123 0.00672227 -0.000988333 0.0319516 0.00083032 0.00189831 0.000972966 0.0216282 0.000426373 0.052673 2.01474e-05 0.0544539 0.000183977 
1904 0.0293173 0.00629099 -0.006291 0.00277966 0.00357621 -0.00357621 0.00945988 0.00659542 -0.00659543 0.00631946 0.00479147 -0.00479148 0.00483641 0.00647626 -0.00647626 0.00183062 0.0034534 -0.0034534 0.0140702 0.00551731 -0.00551731 0.0147764 0.00691736 -0.00691736 0.0152471 0.0070404 -0.0070404 0.0351768 0.000592326 0.00554713 -0.000647195 0.0286001 0.000823513 0.00166404 0.000779102 0.0193235 0.000518592 0.0493139 0.000535475 0.0509207 0.000637304 
1920 0.0297647 0.00575885 -0.00575886 0.00280345 0.00280267 -0.00280267 0.00950738 0.00706369 -0.00706369 0.00618839 0.00509659 -0.0050966 0.00514618 0.00503661 -0.00503662 0.00187359 0.00110865 -0.00110865 0.0141844 0.00528329 -0.00528328 0.0150452 0.00609212 -0.00609213 0.0155803 0.00615267 -0.00615267 0.0340377 0.000213696 0.00714319 -0.000751978 0.0272769 -0.000153844 0.0021778 -0.000451916 0.0189541 -0.000275672 0.0473862 0.000602607 0.0490601 0.000679147 
1936 0.0300283 0.00600782 -0.00600783 0.00291898 0.00302343 -0.00302343 0.00950468 0.007585 -0.00758501 0.00629268 0.00458673 -0.00458673 0.0049723 0.00755021 -0.00755021 0.00188913 0.00373797 -0.00373798 0.0143128 0.00624974 -0.00624974 0.0152103 0.00567099 -0.00567099 0.0157155 0.00584711 -0.00584711 0.0323896 7.6756e-05 0.00507366 0.000196706 0.0266215 0.000287722 0.00101548 0.000750491 0.017782 0.000364313 0.0452867 -0.00030649 0.0469805 -0.000241116 
1952 0.0295978 0.00622564 -0.00622565 0.00287679 0.00225663 -0.00225664 0.00941167 0.007275 -0.00727501 0.00607441 0.00592559 -0.0059256 0.00495021 0.00578624 -0.00578624 0.00183687 0.0058444 -0.00584441 0.0141253 0.0058765 -0.00587649 0.0149504 0.00638592 -0.00638592 0.0154724 0.00644638 -0.00644638 0.0307045 -0.000185871 0.00590786 -0.00190676 0.0240788 -3.3066e-05 0.00318604 0.000930147 0.0168157 -0.00023737 0.0429578 -0.000184103 0.044598 -0.000139903 
1968 0.0299839 0.00498722 -0.00498723 0.00282038 0.00265634 -0.00265634 0.00946382 0.00663019 -0.00663019 0.00630459 0.00302844 -0.00302845 0.00497517 0.00489505 -0.00489505 0.001781 0.00227536 -0.00227536 0.0140652 0.00508611 -0.00508611 0.0153786 0.00484537 -0.00484538 0.0159187 0.00489724 -0.00489725 0.0296016 0.000273813 0.00586131 -0.000403532 0.0225374 0.000193426 0.00229863 -4.50261e-05 0.0156844 4.98451e-05 0.0417635 0.000377226 0.0434589 0.000480102 
1984 0.0297304 0.00485174 -0.00485176 0.00284711 0.00195123 -0.00195123 0.00961072 0.00602012 -0.00602011 0.00609826 0.00315163 -0.00315165 0.00493123 0.00557553 -0.00557554 0.00202303 0.000369091 -0.000369091 0.0144809 0.00455515 -0.00455515 0.014709 0.00504439 -0.0050444 0.0152495 0.00521168 -0.00521168 0.0286826 0.000174519 0.00543905 -0.00176528 0.022147 0.000632591 0.00122182 0.00131447 0.0151868 0.000240902 0.0404288 -6.3042e-05 0.0421349 0.000105522 
2000 0.030179 0.00441877 -0.00441877 0.00293024 0.00231683 -0.00231684 0.00962457 0.00637964 -0.00637964 0.00624321 0.00306564 -0.00306565 0.00504869 0.00486449 -0.00486448 0.00190628 0.00225373 -0.00225374 0.0144611 0.0049494 -0.00494939 0.0151883 0.00394452 -0.00394451 0.0157179 0.00394437 -0.00394437 0.0282788 -0.000185853 0.0058934 -0.00106927 0.0221557 -0.000299511 0.00418081 -0.000291376 0.015761 -0.00040952 0.0391251 -7.24214e-05 0.0407683 4.95403e-05 
2016 0.0300724 0.00430963 -0.00430964 0.00293971 -1.11306e-05 1.11291e-05 0.00959922 0.00597089 -0.00597089 0.0062898 0.00329489 -0.00329489 0.0050225 0.00224392 -0.00224392 0.00191235 0.0010352 -0.0010352 0.0144513 0.00386357 -0.00386356 0.0151657 0.00473634 -0.00473634 0.015621 0.00485584 -0.00485584 0.0276886 0.000346759 0.00507362 -0.000185403 0.0221338 -2.19189e-05 0.00304202 0.000687516 0.0153122 5.82837e-05 0.0383741 0.000616506 0.0400337 0.000656581 
2032 0.0300727 0.00418615 -0.00418616 0.00299469 -0.000551971 0.000551972 0.00942971 0.00577255 -0.00577257 0.00617408 0.00418969 -0.0041897 0.00514088 0.00346115 -0.00346115 0.00201263 0.00250396 -0.00250396 0.014437 0.00419387 -0.00419387 0.0151623 0.00425142 -0.00425142 0.0156356 0.00420558 -0.00420559 0.0275885 0.000455748 0.00549563 -0.000708162 0.0220727 0.000145385 0.004522 -7.67071e-05 0.0156433 -7.15491e-05 0.0378467 0.000948183 0.0394548 0.00102103 
2048 0.0303456 0.00409455 -0.00409455 0.00299223 0.00455447 -0.00455447 0.0094549 0.00499301 -0.00499302 0.00643283 0.00232354 -0.00232354 0.00519035 0.00520468 -0.00520467 0.0020912 0.00251692 -0.00251691 0.0145383 0.00473457 -0.00473457 0.0153609 0.00342156 -0.00342156 0.0158073 0.00356583 -0.00356584 0.0275934 0.000598613 0.00586685 -0.000496323 0.0229312 0.000860771 0.00386771 -0.000201907 0.0161325 0.000385407 0.0374712 0.000681173 0.03899 0.000843145 
2064 0.0302328 0.00381272 -0.00381274 0.00309694 0.000869718 -0.000869719 0.00932765 0.00484572 -0.00484572 0.00630015 0.00358214 -0.00358215 0.00525589 0.00313455 -0.00313454 0.0019847 0.00283522 -0.00283523 0.0144093 0.00388357 -0.00388357 0.0153828 0.00371271 -0.00371271 0.0158235 0.00380321 -0.00380323 0.0277318 0.000508498 0.00629651 -0.000965061 0.0226976 0.000696624 0.00391554 8.95071e-05 0.0161707 0.000279428 0.03779 0.000583576 0.0393192 0.000763919 
2080 0.0298467 0.00395622 -0.00395623 0.00293175 0.000268111 -0.000268114 0.00925093 0.00547464 -0.00547464 0.00625861 0.00336289 -0.0033629 0.00495219 0.00357661 -0.00357661 0.00200101 0.00341876 -0.00341876 0.0141837 0.00408433 -0.00408434 0.0152222 0.0038316 -0.0038316 0.015663 0.00383422 -0.00383423 0.0280318 0.000835652 0.00644208 -0.000735066 0.0225561 0.00106156 0.00278794 -0.000890748 0.0159774 0.000401041 0.0384032 0.00117054 0.0400556 0.00127335 
2096 0.0301525 0.00307725 -0.00307727 0.00299038 -0.00137704 0.00137704 0.00957197 0.00413454 -0.00413455 0.00605104 0.00414827 -0.00414828 0.00502454 0.000792103 -0.000792097 0.002161 0.00150422 -0.00150423 0.0147234 0.00254178 -0.00254179 0.0149939 0.00371652 -0.00371653 0.0154292 0.00368952 -0.00368954 0.0279534 0.000965768 0.0061398 -0.000570794 0.0227559 0.000989016 0.00405929 0.00118695 0.0161863 0.000693494 0.0379705 0.00111697 0.0396635 0.00123215 
2112 0.0304527 0.00335679 -0.0033568 0.0031932 0.00113879 -0.00113879 0.00956502 0.00460197 -0.00460197 0.00624557 0.00233553 -0.00233554 0.00503046 0.00159973 -0.00159972 0.00198566 0.00497699 -0.00497699 0.0147439 0.00383614 -0.00383615 0.0152959 0.00296158 -0.00296159 0.0157087 0.00290733 -0.00290733 0.0279953 0.000641274 0.00715092 -0.000834667 0.0232352 0.000660706 0.0032421 -0.000395656 0.0166849 0.000264256 0.037617 0.000880896 0.0393176 0.00101128 
2128 0.0306308 0.00349616 -0.00349615 0.00323048 0.00204637 -0.00204638 0.00985751 0.00387513 -0.00387514 0.00626728 0.00154356 -0.00154357 0.0050942 0.00229385 -0.00229385 0.00191352 0.00370437 -0.00370437 0.0150015 0.00346811 -0.00346811 0.0152834 0.0034938 -0.00349381 0.0156293 0.00368983 -0.00368983 0.0281247 0.000586733 0.00743858 -0.000596507 0.0233229 0.000617277 0.00426386 -0.00138867 0.0168592 9.11286e-05 0.0378793 0.000992917 0.0394523 0.00109459 
2144 0.0306914 0.00270523 -0.00270525 0.00305329 0.000119926 -0.000119929 0.0100163 0.00293044 -0.00293045 0.00603687 0.00321595 -0.00321595 0.00510526 0.000795132 -0.000795121 0.00200201 0.00230672 -0.00230672 0.0150716 0.00225917 -0.00225916 0.01514 0.00329842 -0.00329842 0.0156198 0.00322374 -0.00322373 0.0279982 0.000562273 0.00739716 -0.000186467 0.0229729 0.000671498 0.0044654 -0.0011649 0.0166916 0.000239132 0.0379471 0.000818649 0.0393651 0.000899182 
2160 0.0305282 0.00281841 -0.00281843 0.00297663 0.000317323 -0.000317332 0.00974366 0.00420711 -0.00420712 0.00627366 0.000962886 -0.000962901 0.00513874 0.00292486 -0.00292485 0.00199209 0.00379645 -0.00379644 0.0147124 0.00357344 -0.00357344 0.0153608 0.00229306 -0.00229307 0.0158158 0.00233404 -0.00233404 0.0280577 0.000337634 0.00711775 -0.00129763 0.0241354 0.000670027 0.00388313 -0.0018163 0.017251 -0.000103108 0.0373256 0.000664875 0.0388693 0.000778388 
2176 0.0306374 0.00302813 -0.00302814 0.00298612 -0.00147548 0.00147548 0.0101334 0.00295847 -0.00295847 0.00617183 0.00191827 -0.00191828 0.00514716 0.00316653 -0.00316652 0.00201744 0.00520032 -0.00520031 0.015137 0.00233345 -0.00233345 0.015057 0.00362167 -0.00362167 0.0155004 0.0037817 -0.0037817 0.0284697 0.000700489 0.00706312 -0.000779618 0.0244812 0.000601633 0.00541737 -0.00141769 0.0176321 7.40649e-05 0.0377321 0.0011594 0.0393187 0.00133956 
2192 0.0308065 0.00213249 -0.0021325 0.00312219 -0.00218462 0.00218462 0.00991175 0.00342141 -0.00342142 0.00631734 0.00245993 -0.00245994 0.0052797 0.000369951 -0.000369951 0.00193166 0.00153426 -0.00153426 0.0149656 0.00170964 -0.00170964 0.0153775 0.00251116 -0.00251116 0.0158408 0.00260286 -0.00260286 0.0288939 0.00057604 0.00763672 -0.00126695 0.0243199 0.000735928 0.00433238 -0.0013492 0.0175448 6.91303e-05 0.0388012 0.000961472 0.0402669 0.00111254 
2208 0.0308679 0.00162461 -0.00162462 0.0033388 -0.00175725 0.00175725 0.00987818 0.00300814 -0.00300815 0.00623941 0.00128537 -0.00128539 0.00544093 0.000900673 -0.000900668 0.0019341 -0.000181836 0.000181843 0.0151511 0.00148729 -0.00148727 0.0152685 0.00178986 -0.00178987 0.0157168 0.00186146 -0.00186145 0.028303 0.000558466 0.00623649 -0.000813903 0.0238977 0.0010191 0.0049156 -0.000827205 0.0170784 0.000423389 0.038141 0.000538707 0.039543 0.000699939 
2224 0.0308256 0.00261578 -0.00261578 0.0032685 0.000819044 -0.000819036 0.0100431 0.00365518 -0.00365518 0.00613103 0.000477093 -0.000477107 0.00522869 0.00342226 -0.00342226 0.00207803 0.00137797 -0.00137797 0.0153896 0.00281098 -0.00281097 0.0150197 0.00243444 -0.00243445 0.015436 0.00255345 -0.00255346 0.0278776 -3.49994e-05 0.00761188 -0.000653435 0.0236596 2.75243e-05 0.00232014 -0.000922011 0.0169501 -0.000225541 0.0374328 -5.49086e-06 0.0388164 0.000191283 
2240 0.0309452 0.00202703 -0.00202704 0.00323677 -0.00115441 0.00115441 0.0100082 0.00370257 -0.00370258 0.00597287 0.00200789 -0.00200789 0.00539123 0.000803206 -0.000803199 0.00199961 0.00163102 -0.00163102 0.0152446 0.00239409 -0.00239409 0.0152839 0.00177836 -0.00177836 0.0157006 0.00187869 -0.0018787 0.0275843 0.000218497 0.00685825 -0.000460286 0.0231287 0.000238925 0.00288595 0.000630011 0.0164665 0.000165819 0.0373293 0.000111601 0.0386953 0.000321752 
2256 0.0305531 0.0012571 -0.00125712 0.00308818 -0.00232849 0.00232849 0.00988221 0.00202533 -0.00202533 0.00609302 0.000662922 -0.000662928 0.00522568 0.000681247 -0.000681245 0.00212174 0.000740479 -0.000740484 0.0150921 0.000932962 -0.000932954 0.0150586 0.00171391 -0.00171391 0.0154609 0.00173988 -0.00173988 0.0276898 0.000578577 0.00834071 -0.000512319 0.0229925 0.00103416 0.00308698 -0.000818924 0.0167985 0.000449016 0.0371846 0.000569072 0.0385888 0.000738797 
2272 0.030396 0.00148507 -0.00148509 0.00336092 0.00082859 -0.000828597 0.0095951 0.00160004 -0.00160005 0.00609615 0.000591843 -0.000591856 0.00513788 0.0012045 -0.0012045 0.0019644 0.00146201 -0.00146201 0.0149204 0.00152602 -0.001526 0.0150356 0.00155683 -0.00155683 0.0154756 0.00152379 -0.0015238 0.0273359 0.000183623 0.00732286 -0.00049418 0.0228932 0.000439705 0.00118645 -0.00172745 0.0162812 -5.02749e-05 0.0369976 0.000366811 0.0383806 0.000451326 
2288 0.0305347 0.00126467 -0.00126468 0.00340049 -0.00103446 0.00103447 0.00982496 0.00121432 -0.00121432 0.00598982 0.00124541 -0.00124541 0.00535808 0.000455428 -0.00045543 0.00206788 0.00106223 -0.00106223 0.0152933 0.000624165 -0.000624152 0.0148713 0.00199132 -0.00199133 0.0152413 0.00205898 -0.00205899 0.0276191 -0.000129783 0.00648275 -0.000897278 0.0230031 0.000390309 0.00254514 -0.000657657 0.0162368 8.02991e-05 0.0375375 -0.000389373 0.0389419 -0.00033688 
2304 0.030626 0.000768882 -0.00076888 0.00330735 -0.00336318 0.00336318 0.00976956 0.0013978 -0.00139782 0.00617669 -9.6478e-05 9.64671e-05 0.0051688 -0.000211391 0.000211397 0.00192531 0.00436382 -0.00436382 0.0150022 0.000829076 -0.000829074 0.0152266 0.000840267 -0.000840278 0.0156238 0.000742381 -0.000742391 0.0280121 -0.000187322 0.00787074 -0.00164142 0.0235025 -0.000107682 0.00213426 -0.00106077 0.0168356 -0.000570468 0.0377857 0.000110879 0.0391819 0.000155911 
2320 0.0301691 0.000941587 -0.00094159 0.00326615 -0.00184606 0.00184605 0.00957241 0.00125635 -0.00125634 0.00624225 0.00107063 -0.00107064 0.00504423 -0.000591415 0.000591417 0.00204615 0.000508728 -0.000508728 0.0148847 0.000498878 -0.000498883 0.0148938 0.00161936 -0.00161936 0.0152844 0.00148338 -0.00148338 0.0274038 0.000111391 0.00699755 -0.00115599 0.0224668 0.000471175 0.00301923 -0.000356494 0.0161288 3.58389e-05 0.0374391 0.000149578 0.0386478 0.000167613 
2336 0.0301471 0.000462652 -0.000462669 0.00339055 -0.00130766 0.00130766 0.00956802 0.00146386 -0.00146387 0.00615294 0.000353768 -0.000353769 0.0051823 -0.000170596 0.0001706 0.00195888 0.00276709 -0.00276709 0.0149175 0.000954752 -0.000954754 0.0148641 0.000273526 -0.000273533 0.0152296 7.80034e-05 -7.80094e-05 0.0278106 0.000626012 0.00771465 -0.000598862 0.0226956 0.0013841 0.0030783 -0.000451877 0.0164347 0.00075817 0.0380225 0.000397823 0.0391871 0.000484147 
2352 0.0305427 0.000339957 -0.000339972 0.00342554 -0.00191246 0.00191246 0.00979986 0.0012986 -0.00129861 0.00607055 -5.56029e-05 5.55869e-05 0.00537346 0.00063017 -0.000630165 0.00217037 0.00127911 -0.00127912 0.0153958 0.00045924 -0.000459246 0.0148132 0.000327147 -0.000327147 0.0151469 0.000192693 -0.0001927 0.0278187 0.000527529 0.0083205 -0.00139223 0.023267 0.000583191 0.000390707 -0.00069979 0.0164829 -4.64143e-06 0.0379992 0.000940196 0.0391867 0.00104305 
2368 0.0307595 0.000536316 -0.000536321 0.00341561 -0.00133578 0.00133578 0.00964391 0.00173902 -0.00173902 0.00623252 0.000654296 -0.000654314 0.00533801 0.000231504 -0.000231501 0.00224241 0.00249851 -0.00249851 0.0153019 0.00116325 -0.00116324 0.0150337 0.000292641 -0.000292639 0.0154576 0.00011413 -0.000114138 0.0271925 0.000131088 0.00678757 -0.000791192 0.0231385 0.000525347 0.0017845 -0.000918163 0.0162921 6.74491e-05 0.0369673 6.1116e-05 0.0381051 0.000184817 
2384 0.0307216 0.00082976 -0.000829782 0.00327192 0.000667909 -0.000667909 0.00967877 0.00120068 -0.00120068 0.00625022 0.00145511 -0.00145512 0.00521923 0.00157441 -0.00157442 0.00224584 0.00294133 -0.00294132 0.0151965 0.00131276 -0.00131274 0.0151269 0.000451833 -0.000451835 0.015525 0.000483587 -0.00048359 0.0272933 -8.62963e-05 0.00728951 -1.23343e-06 0.0229094 -0.000125935 0.0030583 -0.0014579 0.016479 -0.00025469 0.0368409 -5.74331e-05 0.0381031 7.80986e-05 
2400 0.0305808 0.00113498 -0.00113499 0.0033485 0.000783101 -0.000783107 0.00950727 0.00155651 -0.00155651 0.00626079 0.00110626 -0.00110628 0.00528586 0.00166223 -0.00166223 0.00215294 0.00322208 -0.00322207 0.0150087 0.00152696 -0.00152696 0.0151829 0.000885703 -0.000885709 0.0155721 0.000824623 -0.000824629 0.0269392 0.000171627 0.00663398 -0.000436346 0.0228005 -3.77743e-06 0.00247562 -0.000360507 0.0161027 -2.11831e-05 0.0364538 0.000235429 0.0377979 0.000389048 
2416 0.0308124 4.19794e-05 -4.20011e-05 0.00322012 -0.00241469 0.00241468 0.00982987 0.000267663 -0.000267664 0.00636394 0.000787201 -0.000787213 0.00530526 -0.00141466 0.00141467 0.00222067 -0.000504971 0.000504976 0.0152707 -0.000485378 0.000485372 0.0152082 0.00068983 -0.000689837 0.0155417 0.000657433 -0.00065743 0.026908 2.536e-05 0.00620578 -0.00115307 0.0229804 0.000292517 0.00174758 -0.00156982 0.0160023 -0.000211465 0.0365455 0.000111201 0.0378698 0.000237905 
2432 0.0309641 0.000183086 -0.000183097 0.00334264 -0.00152221 0.00152222 0.00977201 0.00144252 -0.00144253 0.00640237 -0.00067752 0.000677507 0.00519808 -0.000821164 0.000821164 0.00218422 0.00262203 -0.00262202 0.0152989 0.000708989 -0.000709002 0.015295 -0.000115381 0.000115379 0.0156652 -0.000228194 0.000228202 0.0270123 -4.56569e-05 0.0068342 -0.0011283 0.0228063 0.000120931 0.00326377 -0.000221616 0.0163032 -0.000201041 0.0365975 -0.000116386 0.0377564 9.74254e-05 
2448 0.0311506 0.000531997 -0.000532011 0.00346021 0.000679893 -0.000679891 0.00991316 0.00133059 -0.00133059 0.006296 -9.81929e-05 9.81811e-05 0.00529937 0.00118158 -0.00118158 0.0022964 0.00102273 -0.00102273 0.0156698 0.00106955 -0.00106955 0.015123 0.000124323 -0.000124335 0.0154808 0.00013273 -0.000132737 0.0267207 0.000208475 0.00646901 -0.000920832 0.0227536 0.000501001 0.00233468 0.000442627 0.0160841 0.000225571 0.0362351 -2.34171e-06 0.0373972 0.000206849 
2464 0.0309855 -9.48831e-05 9.4872e-05 0.0033234 -0.000345098 0.000345088 0.00988968 0.00148508 -0.00148509 0.00628049 -0.00107493 0.00107492 0.00514864 0.000292691 -0.00029269 0.0021965 -0.000176675 0.000176677 0.0154096 0.000598551 -0.000598547 0.0152313 -0.00063547 0.000635461 0.0155759 -0.000744724 0.00074472 0.0264896 -0.000190088 0.00670724 -0.00103859 0.0223044 0.000271698 0.000860018 -0.00185978 0.0156172 -0.000313632 0.0360904 -0.000305895 0.037366 -8.23863e-05 
2480 0.0302617 0.000426084 -0.00042609 0.0033883 -0.000313491 0.000313484 0.00957911 0.00148763 -0.00148764 0.00602344 -0.000505078 0.00050507 0.00537161 -0.000595304 0.00059531 0.00229713 -0.00223347 0.00223347 0.0152645 0.000557905 -0.000557909 0.0146548 0.000645989 -0.000645993 0.0149971 0.000432287 -0.000432294 0.0265059 -9.18886e-05 0.00627731 -3.24489e-05 0.0224127 -0.000228729 0.0013669 -0.00011691 0.0156489 -0.000139053 0.036035 -0.000309305 0.0373297 -8.471e-05 
2496 0.0307694 -0.000164113 0.000164103 0.00348128 -0.00301782 0.00301781 0.00950603 0.0012139 -0.0012139 0.00621616 0.000132212 -0.000132227 0.00520107 -0.000353565 0.000353574 0.00222521 0.000704147 -0.00070415 0.0152125 0.000103203 -0.000103203 0.0152081 -0.000198833 0.000198829 0.0155569 -0.000373054 0.000373048 0.0265889 0.000164941 0.00575676 -0.00124732 0.0226629 0.000471553 0.00382418 -0.000254794 0.0159724 -3.91594e-05 0.0359131 8.70237e-05 0.0372079 0.000322281 
2512 0.030833 -1.95746e-05 1.95631e-05 0.00338574 0.000745813 -0.000745815 0.00979558 -0.000291654 0.000291639 0.00628514 -0.000655052 0.000655045 0.00522784 0.00115597 -0.00115597 0.0021776 -0.000260561 0.00026056 0.0153589 -0.000243411 0.000243412 0.0151208 0.000388571 -0.000388571 0.0154741 0.000329759 -0.000329758 0.0268648 8.94077e-05 0.00681022 -4.78999e-05 0.0235614 2.63503e-05 0.00275032 -0.000595651 0.0166587 -2.7318e-05 0.0359468 -7.19809e-05 0.0371164 0.00015615 
2528 0.0306171 0.00053244 -0.00053246 0.00343666 0.000435954 -0.000435957 0.009323 0.000772676 -0.000772679 0.0061769 0.000518645 -0.000518646 0.00534814 0.000803158 -0.000803156 0.00233848 0.000120508 -0.000120506 0.0150981 0.000672875 -0.000672873 0.0151317 0.000580357 -0.00058036 0.015519 0.000529035 -0.000529044 0.0264983 8.91257e-05 0.00541062 -1.15114e-06 0.0230983 -0.000130368 0.00144719 -0.000991684 0.0158727 -0.000129975 0.0360446 9.4446e-05 0.0371352 0.000271869 
2544 0.0308352 0.000224883 -0.000224898 0.00361044 -0.00248306 0.00248306 0.00955484 -0.000172124 0.000172113 0.00623094 0.000454751 -0.000454761 0.0052973 0.000829945 -0.000829945 0.0021177 0.00146998 -0.00146997 0.015283 -0.000568063 0.00056808 0.0151879 0.000999857 -0.000999867 0.0155522 0.00103059 -0.00103059 0.026609 0.000427318 0.00642364 -0.00144543 0.0229083 0.000653159 0.00281467 0.000396077 0.0161402 0.000172682 0.0358703 0.000378899 0.0370689 0.000614594 
2560 0.0307133 0.000582877 -0.000582887 0.00344919 -0.00027231 0.000272309 0.00941874 0.000464647 -0.000464652 0.00606741 9.90129e-05 -9.90169e-05 0.00549337 -1.67494e-05 1.67549e-05 0.00226956 -0.000661691 0.000661689 0.0151375 0.000191625 -0.000191624 0.0151904 0.00111967 -0.00111968 0.0155758 0.00102665 -0.00102665 0.0267114 0.000485952 0.00559907 -0.00155066 0.0226729 0.000433613 0.00249334 0.000592273 0.015831 7.8532e-05 0.0363613 0.000618282 0.0376117 0.000823845 
2576 0.0311488 0.000275604 -0.000275621 0.00357117 -0.00025586 0.00025586 0.0096915 0.000420531 -0.000420533 0.00602937 0.000624787 -0.000624794 0.00558328 -0.000144627 0.000144628 0.00233107 -0.00123471 0.00123471 0.0155937 5.3004e-05 -5.30051e-05 0.0151696 0.00071238 -0.000712378 0.015555 0.000613275 -0.000613282 0.0266056 0.000383917 0.00619442 -0.00141033 0.0225765 -0.000237974 0.00183928 -0.000275863 0.0157426 -0.000397734 0.0363393 0.000890666 0.037473 0.0011044 
2592 0.0312296 0.000170187 -0.000170197 0.0034003 -0.00142905 0.00142905 0.00977091 0.000254188 -0.000254195 0.0063497 -0.000395133 0.000395121 0.00546051 0.000641095 -0.000641093 0.00231923 0.00110275 -0.00110275 0.0154904 0.000236735 -0.000236741 0.0153448 0.000360681 -0.000360667 0.0157392 0.000201922 -0.000201917 0.0265353 0.00040548 0.00598661 -0.0010032 0.0233798 0.00045695 0.00204826 -0.000852006 0.0162464 1.36751e-05 0.0357247 0.000422434 0.0368405 0.000710116 
2608 0.0307433 0.000123857 -0.000123871 0.00349225 -0.00250073 0.00250073 0.009607 0.00135527 -0.00135528 0.00604417 0.000699283 -0.000699291 0.00548312 -0.000769305 0.000769305 0.00223776 -4.91909e-05 4.91934e-05 0.015337 0.00032086 -0.000320864 0.0150215 0.000230209 -0.00023022 0.0154063 6.4084e-05 -6.40866e-05 0.0260186 0.000256646 0.00618457 -0.00214423 0.022672 0.000613471 0.00132201 -5.69047e-05 0.0157288 -1.23443e-05 0.0352536 0.000240871 0.0363406 0.000470001 
2624 0.0305475 -0.00018824 0.000188225 0.00339723 -0.0016288 0.00162879 0.00957602 0.000410475 -0.000410479 0.00617428 -0.000581667 0.000581647 0.00528655 -0.0010062 0.00100621 0.00231639 -0.000493551 0.000493554 0.0152896 -0.000250018 0.000250013 0.0149197 5.05863e-05 -5.05829e-05 0.0152579 -3.27909e-05 3.279e-05 0.0258849 0.000488226 0.00605177 -0.000607854 0.0214938 0.000412001 0.00156217 0.000146892 0.0150159 0.000224229 0.0356781 0.000571887 0.0367264 0.000732098 
2640 0.0306116 9.29029e-06 -9.306e-06 0.00347564 -9.24786e-05 9.24869e-05 0.00970566 0.000146081 -0.000146079 0.00620568 -0.000178553 0.000178545 0.00527169 0.000364544 -0.000364539 0.00226371 -0.00126363 0.00126363 0.015445 0.000140847 -0.000140841 0.014805 0.000139526 -0.000139524 0.0151665 -0.000132665 0.00013266 0.0260515 0.000454736 0.00517244 -0.00101809 0.0219894 -8.51989e-05 0.00363916 0.0009222 0.0154441 -2.3148e-05 0.0355275 0.000757062 0.0366309 0.000865407 
2656 0.030489 0.000237529 -0.000237551 0.00332315 0.00303154 -0.00303155 0.00977168 0.000612545 -0.000612545 0.00609306 -0.000507544 0.000507533 0.00530582 0.00205617 -0.00205616 0.00232769 0.000689983 -0.000689976 0.0154225 0.00123949 -0.00123949 0.0147223 -0.000448701 0.000448695 0.0150664 -0.000727373 0.000727359 0.0261311 0.000198876 0.00622071 -0.00161625 0.0225903 -4.84286e-05 0.00209343 0.000820627 0.0158044 -0.000178145 0.0353863 0.000357989 0.0364668 0.000501006 
2672 0.0306001 -0.00124989 0.00124988 0.00345304 -0.00285223 0.00285223 0.00979597 -0.000611225 0.000611218 0.006001 -0.00109607 0.00109606 0.0054276 -0.00115522 0.00115522 0.00230618 -0.000115191 0.000115191 0.0155552 -0.000963966 0.000963951 0.0147334 -0.00110805 0.00110804 0.0150449 -0.00131865 0.00131865 0.0259573 0.000295058 0.00552348 -0.000434846 0.0224312 -8.75777e-05 0.00284739 0.00128306 0.01571 0.0001144 0.0351823 0.000277596 0.0362212 0.000420784 
2688 0.0303944 -0.000664907 0.000664896 0.00323326 -0.00139338 0.00139337 0.00966426 -0.000673046 0.000673049 0.00622181 -0.000651938 0.000651923 0.00519318 -0.000566621 0.000566628 0.00230127 -0.00340648 0.00340648 0.0151988 -0.00114544 0.00114545 0.0148226 0.000205229 -0.000205218 0.0151956 -9.76871e-05 9.76971e-05 0.025322 0.00063892 0.00525171 -0.000510798 0.0213405 0.000186867 0.00301969 -0.000217368 0.0149624 1.73074e-05 0.0346686 0.00109903 0.0356963 0.00121236 
2704 0.0308509 -0.000342819 0.000342805 0.00347712 -0.00205586 0.00205586 0.00970357 -2.24114e-06 2.23657e-06 0.00609838 0.000373753 -0.000373759 0.00540804 -0.00135541 0.00135541 0.0022073 -0.00115941 0.00115941 0.015388 -0.000633866 0.000633864 0.0150553 0.000169115 -0.000169117 0.0154629 -4.91134e-05 4.91117e-05 0.0253485 0.000320181 0.00571928 -0.00148749 0.0213031 -0.000162067 0.00236053 0.000163536 0.0148783 -0.000324482 0.0348219 0.0007699 0.0358369 0.00091294 
2720 0.0308808 -0.000341906 0.000341881 0.00353204 -0.00224728 0.00224727 0.0099269 0.000155002 -0.000155006 0.00607788 -0.000872454 0.000872439 0.00550721 -0.00105586 0.00105586 0.00220181 -0.00222424 0.00222423 0.0156608 -0.000576597 0.000576592 0.0148566 0.000190938 -0.000190946 0.0152201 7.51977e-05 -7.51997e-05 0.0255418 -0.00031512 0.00483258 -0.00195531 0.0222188 -0.000253494 0.00491184 0.000261468 0.0156137 -0.000472855 0.0344428 -0.000399931 0.03548 -0.000219794 
2736 0.0308254 0.000112579 -0.000112588 0.00345633 -0.000371864 0.000371857 0.00981834 0.00104139 -0.00104139 0.00603797 -0.00106007 0.00106005 0.00531669 0.000893663 -0.000893659 0.00226561 -0.00186505 0.00186506 0.0155403 0.000347133 -0.000347128 0.0149038 -2.39431e-05 2.39397e-05 0.0152851 -7.52323e-05 7.5232e-05 0.0252405 1.288e-06 0.00585363 -0.000399422 0.0223353 0.000198111 0.00308683 -5.50083e-06 0.0157153 7.27094e-05 0.0336097 -0.000257823 0.0347685 -9.026e-05 
2752 0.0311315 -3.05703e-05 3.05694e-05 0.00341958 -0.00201061 0.00201061 0.00989197 0.000671992 -0.000671986 0.00634294 -0.00187345 0.00187344 0.0052922 -0.000735698 0.000735701 0.00207651 -0.0014884 0.0014884 0.0153881 -0.000141302 0.0001413 0.0153595 0.000159537 -0.000159532 0.0157435 0.000139073 -0.000139077 0.0250977 9.46306e-05 0.00591576 -0.000719909 0.0219921 0.000172071 0.00209278 -0.00062307 0.0152981 -4.31469e-05 0.0338089 0.000124112 0.034926 0.000219439 
2768 0.0309257 0.000128659 -0.000128683 0.00335952 -0.000196517 0.000196519 0.00963352 0.000740782 -0.000740784 0.00617242 -0.000768767 0.000768756 0.00516183 -0.000193796 0.000193796 0.0021545 0.000755185 -0.000755191 0.0151475 0.000568305 -0.000568306 0.0154189 -0.000213523 0.000213517 0.0157782 -0.000340916 0.000340914 0.0252472 0.000155227 0.00530382 -0.00154147 0.0222516 0.000139755 0.00201053 0.000904925 0.0153102 -2.84154e-05 0.0340704 0.000145797 0.0351983 0.000280598 
2784 0.0310525 -0.000870123 0.000870112 0.00354093 -0.00438412 0.00438411 0.00946543 0.000513146 -0.000513141 0.00635815 -0.00179551 0.0017955 0.00549241 -0.00351172 0.00351172 0.00227813 -0.00153686 0.00153686 0.0152845 -0.000770979 0.000770979 0.0154001 -0.000812535 0.000812527 0.015768 -0.000987885 0.000987873 0.0251607 0.000239266 0.00532705 -0.000759599 0.0219753 0.000708132 0.00178879 0.00115131 0.015215 0.000513392 0.0339012 -0.000234964 0.0351036 -7.85234e-05 
2800 0.0305567 -8.95534e-05 8.95423e-05 0.00340987 -0.00109447 0.00109447 0.00963698 0.00103559 -0.00103559 0.00611561 -0.00031481 0.000314809 0.00515591 -0.000614236 0.000614236 0.00218557 0.000274398 -0.000274397 0.0152324 0.000486193 -0.000486183 0.0150412 -0.000393383 0.000393377 0.0153243 -0.00053102 0.000531009 0.0245053 5.46923e-05 0.00440001 -0.00077149 0.0213332 0.00104529 0.00202533 -0.000667481 0.0145334 0.00048549 0.0332769 -0.000500328 0.0344855 -0.000399394 
2816 0.0309805 -0.00066994 0.000669937 0.00371677 -0.00300042 0.00300042 0.00971896 0.000633112 -0.000633121 0.00629519 -0.00167117 0.00167116 0.00540429 -0.00200121 0.00200121 0.00216294 0.000311777 -0.000311776 0.0155987 -0.000194922 0.000194931 0.0150846 -0.000612227 0.000612225 0.0153819 -0.000951065 0.000951059 0.0244417 0.000163799 0.0044207 -0.000137489 0.0212381 0.000297128 0.00221299 0.000117815 0.0146171 0.000254821 0.0331221 -0.000129184 0.0342267 1.12154e-05 
2832 0.0306548 -0.000920047 0.000920043 0.0035976 -0.00260688 0.00260688 0.00955852 -0.000687313 0.000687302 0.00620771 -0.000683972 0.000683959 0.00514271 -0.000188211 0.000188213 0.00227885 0.00149688 -0.00149688 0.015435 -0.000874252 0.000874251 0.0149554 -0.000565995 0.00056599 0.0152198 -0.000802326 0.000802331 0.0245522 -0.000114879 0.00479918 -0.000746826 0.0209562 6.31183e-05 0.000799799 -0.000209553 0.0143755 -8.86943e-05 0.033698 -0.000273058 0.034721 -0.000174681 
2848 0.0303168 -0.000598372 0.00059836 0.00349562 -0.00397361 0.00397361 0.00949848 -0.00081414 0.000814135 0.00618292 -0.000386642 0.000386631 0.00531816 -0.0018084 0.00180841 0.00215943 0.00357969 -0.00357968 0.0151535 -0.000841432 0.000841434 0.0149178 -0.000211002 0.000211005 0.0151632 -0.000280149 0.000280149 0.0241242 -8.77243e-05 0.00434459 -0.000335489 0.019908 -0.000348808 0.00285799 0.000528847 0.0137678 -0.000201284 0.0333304 -0.000232882 0.0344566 -4.14574e-05 
2864 0.0308736 -0.00107453 0.00107452 0.00346978 -0.00443934 0.00443933 0.00955083 -0.00113964 0.00113964 0.00635651 -8.95389e-05 8.95274e-05 0.00516562 -0.00137827 0.00137827 0.00220396 6.92449e-05 -6.92386e-05 0.0152246 -0.00157115 0.00157116 0.0153041 -0.000287012 0.00028701 0.015649 -0.000586023 0.000586019 0.0239285 0.000372897 0.00528703 -0.000194091 0.0197 0.000567564 0.00253589 0.000825426 0.013831 0.000513103 0.0327935 7.31323e-05 0.0339566 0.000159633 
2880 0.0305675 -0.000573235 0.000573226 0.0035459 -0.0033084 0.0033084 0.00952347 -0.00161441 0.0016144 0.00615517 0.000264829 -0.000264839 0.00523184 -0.000282889 0.000282901 0.00222139 0.00198686 -0.00198686 0.0152908 -0.00154552 0.00154552 0.0149671 0.000543232 -0.000543235 0.0152767 0.000338395 -0.000338396 0.0244205 0.000268019 0.00588356 -0.000943413 0.0203946 0.000497786 0.00167454 -0.000307069 0.0143262 9.19886e-05 0.0334606 0.00030623 0.0345334 0.000347604 
2896 0.030761 -0.000827219 0.000827216 0.00357823 -0.00225386 0.00225385 0.00946832 5.56486e-05 -5.56583e-05 0.00634898 -0.00130721 0.0013072 0.00542708 -0.000953117 0.000953125 0.00219891 -0.00180757 0.00180757 0.0152455 -0.000709139 0.000709138 0.015224 -0.000839565 0.000839557 0.0155155 -0.000977946 0.000977942 0.0238855 3.40246e-05 0.00592981 0.000398482 0.020032 6.94474e-05 0.0025869 0.000642593 0.0142158 0.000284522 0.0324762 -0.000358074 0.033548 -0.000275852 
2912 0.0309265 -0.000988041 0.000988025 0.00360478 -0.00135814 0.00135813 0.00976359 -0.00103546 0.00103545 0.00631143 -0.00119981 0.00119979 0.005382 -0.00100185 0.00100186 0.00222445 -0.000461106 0.000461096 0.0155928 -0.0010846 0.00108461 0.0150171 -0.000666328 0.000666319 0.0153337 -0.000795717 0.000795709 0.0236227 9.15314e-05 0.00500806 -0.000336266 0.0197015 0.000169002 0.00266295 0.00107649 0.0137832 0.000256237 0.032274 -0.000198709 0.0334028 -0.000131667 
2928 0.0310825 -0.000278242 0.00027824 0.00367332 -0.000154353 0.000154357 0.00979752 0.000436347 -0.000436346 0.00624281 3.8392e-05 -3.84014e-05 0.00531391 -0.000298642 0.000298651 0.00217365 0.000307809 -0.000307804 0.0156445 0.000238939 -0.000238946 0.0151034 -0.000609403 0.000609393 0.015438 -0.000670775 0.000670779 0.0242736 0.000527249 0.00528836 0.000344905 0.0202632 0.000698423 0.00358873 0.00167333 0.0143841 0.000773322 0.0329769 5.9642e-05 0.0341162 0.000190635 
2944 0.0313582 -0.000639506 0.000639488 0.00357458 -0.00253456 0.00253455 0.00992745 0.000395499 -0.000395494 0.00628607 0.000452481 -0.000452494 0.00542396 -0.00211489 0.00211489 0.00228337 -0.000397662 0.000397667 0.0157854 -0.000269985 0.000269995 0.0152381 -0.000698992 0.000698986 0.0155728 -0.000834442 0.000834444 0.0241018 0.000296431 0.0061261 -0.000879392 0.0203198 0.000599275 0.00337542 0.00185485 0.0145522 0.000511224 0.0324752 -0.000179635 0.0336202 -1.88137e-05 
2960 0.031038 -0.000510268 0.000510245 0.00353591 -0.00245347 0.00245347 0.00981393 0.000663643 -0.000663652 0.0063176 -3.84343e-06 3.83943e-06 0.00537359 -0.00114265 0.00114265 0.00216567 -0.000958347 0.000958353 0.0155155 -0.000445918 0.000445915 0.0152135 -0.000462425 0.000462419 0.0155225 -0.000477291 0.000477288 0.0237854 0.000251861 0.00611384 -0.000744172 0.019491 0.000381291 0.00294516 0.00125336 0.0139733 0.000295539 0.0323842 3.24706e-05 0.0335625 0.000118058 
2976 0.0309329 -0.000663089 0.000663071 0.00351141 -0.00280565 0.00280565 0.00989769 0.000441587 -0.00044159 0.00621801 8.57566e-05 -8.57666e-05 0.00543933 -0.000614446 0.000614453 0.00224514 -0.000474162 0.00047416 0.0156542 -0.000373068 0.000373076 0.0149423 -0.000923987 0.000923986 0.0152786 -0.000865822 0.000865822 0.0237546 0.000470109 0.00559676 0.000214556 0.0196905 0.00069633 0.00131736 -0.000305042 0.0137566 0.000491617 0.0326735 0.000334734 0.0337209 0.00040934 
2992 0.0310273 -0.00099295 0.000992934 0.00359337 -0.00232478 0.00232478 0.00990168 0.000948981 -0.000948984 0.00639294 -0.00281864 0.00281863 0.00539854 -0.000496144 0.000496143 0.0023191 -0.00148382 0.00148381 0.0158142 -0.000228825 0.000228831 0.0148858 -0.00160732 0.00160732 0.0152132 -0.00152572 0.00152572 0.0236676 0.000493358 0.00563408 -0.00102732 0.0191326 0.000287515 0.00350768 0.00133478 0.0137022 0.000226673 0.0326499 0.000561047 0.033667 0.000684595 
3008 0.0310462 -0.000266811 0.000266793 0.00340246 -0.000428251 0.000428248 0.0100297 0.00118323 -0.00118324 0.00608587 -0.00178713 0.00178712 0.00542169 0.000322497 -0.000322489 0.00226003 0.000924909 -0.000924912 0.0156922 0.000696357 -0.000696355 0.0149549 -0.000836361 0.000836347 0.015354 -0.00107448 0.00107448 0.0232965 0.000240815 0.00613753 4.4178e-06 0.0188078 -0.000205273 0.00230879 0.000583746 0.0134451 -1.78743e-06 0.0320377 0.000277925 0.0331559 0.000400824 
3024 0.0313413 -0.000438973 0.000438974 0.00349091 -0.00195585 0.00195585 0.00994155 0.00228437 -0.00228437 0.00630093 -0.00308381 0.00308381 0.00552259 -0.00027084 0.000270842 0.00236579 -0.000891226 0.000891228 0.0157982 0.000844217 -0.00084422 0.0152387 -0.00161721 0.00161722 0.015543 -0.00158362 0.00158361 0.0229516 0.000104847 0.00516815 -0.000318134 0.0189111 -3.20886e-06 0.00146743 -0.000116274 0.0132238 5.05086e-06 0.0315419 -9.87914e-06 0.0326631 0.000129194 
3040 0.031419 -0.000564571 0.00056456 0.00352361 -0.00309845 0.00309845 0.0101168 0.000815421 -0.000815426 0.00621548 -0.0018691 0.00186909 0.00535298 -0.000705285 0.00070529 0.00244909 0.00403059 -0.00403059 0.0160895 0.000228096 -0.000228085 0.0149749 -0.00102861 0.0010286 0.0153295 -0.00114005 0.00114004 0.022981 0.000335629 0.00604442 -0.00055646 0.018627 0.000425456 0.00294281 0.00249013 0.0134204 0.000557211 0.0315331 -0.000190749 0.0325493 4.16769e-05 
3056 0.0316211 -0.0014642 0.00146419 0.00353463 -0.002255 0.002255 0.0101239 0.000234549 -0.000234551 0.00637471 -0.00265921 0.0026592 0.00548601 -0.00189297 0.00189297 0.00234644 -0.000229816 0.000229808 0.016005 -0.000434435 0.000434439 0.0152537 -0.0022703 0.00227031 0.0156161 -0.00224063 0.00224063 0.0230164 0.000154513 0.00552181 -0.00115815 0.0187154 0.000462279 0.00232815 0.00114508 0.0132152 0.000251288 0.031856 -0.000281009 0.0328013 -4.53237e-05 
3072 0.03096 -0.00100688 0.00100687 0.00342601 -0.00372071 0.00372072 0.00987708 -0.000260311 0.000260309 0.00627829 -0.000761439 0.000761429 0.00527518 -0.00111213 0.00111213 0.00227274 0.00235793 -0.00235792 0.0155758 -0.000701924 0.000701917 0.0150645 -0.00132127 0.00132126 0.0153842 -0.00121852 0.00121852 0.0233368 0.000588694 0.00611226 -0.000346415 0.0186495 0.000584461 0.0032422 0.00146462 0.0134957 0.000535666 0.0321494 0.000378727 0.0331672 0.000543247 
3088 0.0311184 -0.00127015 0.00127014 0.00347908 -0.00187203 0.00187203 0.00983928 -0.000868374 0.000868359 0.00640767 -0.00101107 0.00101105 0.00525628 -0.0027315 0.00273151 0.00230507 -0.00145103 0.00145102 0.0156234 -0.00118468 0.00118468 0.0151665 -0.00117929 0.00117929 0.0154949 -0.00130432 0.00130431 0.023381 0.00022219 0.00621815 -0.000549029 0.0191128 9.72949e-05 0.00232572 0.00149845 0.0136499 0.000214107 0.0321107 7.18154e-05 0.0331093 0.00013558 
3104 0.0313212 -0.00137892 0.0013789 0.00361268 -0.00185976 0.00185976 0.00985411 -0.00149824 0.00149824 0.00644936 -0.00164795 0.00164792 0.00523947 -0.00131567 0.00131567 0.00218606 0.000666215 -0.000666213 0.0156529 -0.00139039 0.0013904 0.015306 -0.00113722 0.00113721 0.0156683 -0.00139571 0.00139571 0.023303 0.000233627 0.00500519 -7.51288e-05 0.0196136 0.000126175 0.00202578 0.00113952 0.0136178 0.000312084 0.032005 -2.26306e-05 0.0329913 0.000102404 
3120 0.030473 -0.000923425 0.000923418 0.00340754 -0.0022457 0.00224569 0.00951483 -0.000995632 0.000995621 0.00622391 -3.37754e-05 3.37671e-05 0.00501874 -0.00215269 0.00215269 0.00228149 -0.00198893 0.00198891 0.0152039 -0.00138579 0.0013858 0.0149705 -0.000377335 0.000377345 0.0152691 -0.000416006 0.000416006 0.023042 0.000509249 0.00558042 0.000844132 0.0197379 -2.038e-06 0.00167318 0.000277287 0.0137738 0.000285067 0.0312137 0.000480455 0.0322931 0.000695136 
3136 0.0309254 -0.00172931 0.00172931 0.00352168 -0.00262302 0.00262302 0.00962866 -0.00138188 0.00138187 0.00639754 -0.000690119 0.000690109 0.00532498 -0.00303761 0.00303761 0.0022336 -0.00158388 0.00158388 0.0153839 -0.00168819 0.00168818 0.0151478 -0.00150678 0.00150677 0.0155415 -0.00171491 0.00171491 0.0228612 0.00054885 0.00613207 0.000352757 0.0188777 0.000255954 0.00188707 0.000990757 0.0134266 0.000418025 0.0312339 0.000430633 0.0322877 0.000620993 
3152 0.0305192 -0.00162276 0.00162274 0.00332189 -0.00188003 0.00188003 0.00962637 -0.00084103 0.00084103 0.00638019 -0.00201661 0.0020166 0.0050658 -0.00158273 0.00158272 0.00222756 -0.000816316 0.00081632 0.0151758 -0.00106913 0.00106913 0.0149931 -0.00197832 0.00197832 0.0153433 -0.00203135 0.00203136 0.0225119 0.000506062 0.0044618 0.000753429 0.0180238 0.000433545 0.00348343 0.000805611 0.0127326 0.000633555 0.0313031 7.7056e-05 0.0322593 0.000320543 
3168 0.0308219 -0.00163717 0.00163716 0.00347809 -0.00283744 0.00283744 0.00981268 -0.00214805 0.00214804 0.00635833 -0.0015229 0.00152289 0.00536565 -0.00316243 0.00316244 0.00220664 0.000306532 -0.000306533 0.0154974 -0.00200228 0.00200229 0.0150239 -0.00127551 0.00127551 0.0153245 -0.00120651 0.0012065 0.0221837 0.000438933 0.00448539 -0.00036694 0.0177344 2.68171e-05 0.00320838 0.000941713 0.0126015 0.000113937 0.0307669 0.000475843 0.0317315 0.000690676 
3184 0.0310296 -0.00131344 0.00131343 0.0035151 -0.000304409 0.000304405 0.00969904 -0.00146785 0.00146785 0.00643957 -0.00155768 0.00155766 0.0053506 -0.000872936 0.000872939 0.00225752 -0.00318717 0.00318716 0.0154717 -0.0013868 0.00138681 0.0152069 -0.00105093 0.00105093 0.0155579 -0.0012135 0.0012135 0.0226713 0.000484535 0.00615114 -0.000318301 0.0190757 -0.000232728 0.000889217 0.000387488 0.0134372 -2.82966e-05 0.0309591 0.000775979 0.031873 0.000931711 
