0 0 0 0 0 0 0 0 0 0 0 0 0 0 0 0 0 0 0 0 0 0 0 0 0 0 0 0 0 0 0 0 0 0 0 0 0 0 0 0 0 0 
16 0.00210907 -0.0112651 0.0112651 0.00059305 -0.0163957 0.0163957 0.000465079 -0.00792244 0.00792244 6.71e-05 -0.00772567 0.00772567 0.000355987 -0.0177221 0.0177221 0.000772239 -0.0181492 0.0181492 0.00183038 -0.0121967 0.0121967 0.000284868 -0.00886067 0.00886068 0.000278702 -0.00885759 0.0088576 -0.000350358 -0.000158265 7.87119e-05 -0.00011459 -0.000135708 0.000376591 -0.000436396 0.00022739 -0.000125264 0.000268358 -0.000951905 -0.00112822 -0.000972643 -0.00127401 
32 0.00124617 -0.00327767 0.00327766 0.000438077 -0.000319576 0.000319574 0.000346807 -0.00392608 0.00392608 0.000109875 -0.00438047 0.00438047 0.000198293 -0.00580249 0.00580249 0.000334167 -0.00366306 0.00366306 0.00111907 -0.00310111 0.00310112 0.000117999 -0.00314712 0.00314712 0.000127118 -0.00346082 0.00346082 -0.000232793 -0.000280284 -0.000301342 -0.000877053 7.00781e-05 0.000612008 0.000220072 -3.69509e-05 8.34452e-05 0.000213897 -0.00113704 -0.00127633 -0.00112864 -0.00149458 
48 0.00130409 -0.00188782 0.00188782 0.000426064 -0.00024384 0.000243836 0.000118213 -0.00167604 0.00167603 0.000134816 -0.00330733 0.00330734 0.00036869 -0.000874989 0.000874992 0.000567287 -0.00404549 0.00404549 0.00111157 -0.00182163 0.00182163 0.000222732 -0.00180363 0.00180363 0.000192536 -0.00208577 0.00208576 0.000211727 0.000319334 -6.86388e-05 0.00109393 0.000607667 0.000755273 -0.000428901 -0.000127574 0.00022738 0.000603511 2.58423e-05 -0.000211428 0.000122919 -0.000356258 
64 0.00102895 -0.00191858 0.00191858 0.000185338 -0.000610291 0.000610293 0.000390585 -0.00256104 0.00256104 1.04319e-05 -0.00141132 0.00141133 0.000229605 -0.00138113 0.00138114 0.000407144 -0.00402969 0.00402969 0.000983074 -0.00246691 0.00246692 7.43249e-05 -0.000404273 0.000404277 4.58851e-05 -0.000627698 0.00062769 0.000315358 0.000249379 -0.000598204 -3.16904e-05 0.000755653 0.00098835 -0.000121286 4.32626e-05 0.000289756 0.000578991 0.000158438 -0.000360551 0.000275174 -0.000411549 
80 0.000942576 -0.00201797 0.00201799 9.51318e-05 0.00121894 -0.00121894 0.000369429 -0.00197294 0.00197293 0.000181209 -0.00338276 0.00338277 0.000173035 0.00126655 -0.00126655 0.000255915 -0.00422446 0.00422446 0.000720479 -0.00178964 0.00178965 0.000273885 -0.00258324 0.00258324 0.000222094 -0.00254479 0.00254478 0.000789554 -5.45237e-05 -0.000308045 -0.000853467 0.00153559 0.000660264 0.000290387 -7.44454e-05 0.00086084 0.000221535 0.000593781 -0.000765188 0.000607196 -0.000767219 
96 0.00131705 -0.00195851 0.00195851 0.000234322 -0.000212817 0.000212819 0.000463469 -0.00210662 0.00210661 6.17282e-05 -0.00167994 0.00167994 0.000123343 -0.00336161 0.00336162 0.000427296 -0.00397006 0.00397005 0.00112509 -0.002079 0.002079 0.000228285 -0.00176809 0.00176809 0.000191978 -0.00183005 0.00183005 0.000837156 0.000113053 0.00019376 0.000286202 0.00193824 0.000826693 0.000426033 -0.000634843 0.00120065 0.000438036 -4.19967e-05 -0.000614186 -1.42698e-05 -0.000726413 
112 0.000967869 -0.00200948 0.00200948 -1.30054e-05 -0.00295006 0.00295005 0.000296444 -0.00166344 0.00166344 7.57606e-05 0.00147653 -0.00147653 1.93261e-05 -0.00578164 0.00578166 0.00034747 -0.00336943 0.00336943 0.000630909 -0.00239942 0.00239942 0.000364962 -0.000809295 0.000809294 0.000336955 -0.000873541 0.000873545 9.80493e-05 0.000324212 -0.00106081 0.000603454 0.00109708 0.000870508 -0.000358943 0.000291277 0.000335138 0.000746413 -0.000407925 -0.000494979 -0.000381804 -0.000635919 
128 0.00145235 -0.00254188 0.0025419 0.000212712 -0.00195695 0.00195696 0.000508273 -0.00259774 0.00259773 0.000153019 -0.00229597 0.00229597 0.000171275 -0.00226099 0.00226099 0.000362241 -0.0045723 0.0045723 0.00108323 -0.00280038 0.00280039 0.000397835 -0.00154591 0.00154591 0.000369121 -0.00152752 0.00152751 -4.86387e-05 3.42543e-05 -5.77433e-07 -0.000404478 0.000225074 0.000493943 9.21606e-05 0.000823221 0.000178129 0.000433548 -0.000332385 -0.000748275 -0.000355011 -0.000896773 
144 0.00155197 -0.00204853 0.00204853 0.000315144 -0.00139578 0.00139577 0.000377908 -0.00154061 0.0015406 7.17919e-05 -0.00357682 0.00357683 0.000266052 -0.0070786 0.00707861 0.000477839 -0.00422069 0.00422069 0.00117089 -0.00212227 0.00212228 0.000407808 -0.00184108 0.00184108 0.000381089 -0.00173916 0.00173916 0.00019193 1.3752e-05 1.411e-05 -0.000295647 -6.55937e-06 0.000624784 0.000720444 0.000598347 0.000148789 0.000471342 0.000537464 -0.000882134 0.000361794 -0.00103785 
160 0.00182137 -0.00170019 0.00170018 0.000310462 8.2208e-05 -8.22177e-05 0.000654347 -0.00275941 0.0027594 0.000214534 -0.0021841 0.00218411 0.000186988 -0.00427107 0.00427107 0.000470534 -0.0036711 0.00367109 0.00143536 -0.00229825 0.00229825 0.000412484 -5.71646e-05 5.71526e-05 0.000386004 -3.00537e-05 3.00477e-05 -0.000155634 0.000163631 -0.00114472 -0.000181651 0.000493454 0.00108383 -0.000351378 0.000208795 -4.85106e-05 0.000647757 -0.000343933 -0.000792031 -0.000381443 -0.000864405 
176 0.00150796 -0.001815 0.00181499 0.000344274 -0.00156065 0.00156065 0.000300948 -0.00199536 0.00199536 0.000195274 -0.00211261 0.00211262 0.000204392 -0.00625787 0.00625787 0.000615978 -0.00569999 0.00569999 0.00126121 -0.00271331 0.0027133 0.00029389 0.000404543 -0.000404545 0.00024675 0.000619256 -0.000619253 -0.000429211 -2.69994e-05 -0.00139275 0.000118372 0.000918643 0.00112618 -0.000193571 -0.00013273 0.000205358 0.000682127 -0.00215312 -0.00154805 -0.00199512 -0.00166377 
192 0.00153799 -0.00198724 0.00198724 0.000383905 -8.96497e-05 8.96511e-05 0.000195337 -0.00254776 0.00254775 0.00015325 -0.00293555 0.00293555 0.000251575 -0.00519645 0.00519645 0.000462308 -0.00332436 0.00332437 0.00104155 -0.00204503 0.00204503 0.000491434 -0.00164083 0.00164083 0.000496446 -0.00163606 0.00163606 -3.27179e-05 -0.000194787 -0.00117849 0.000270987 0.0014491 8.57354e-05 0.000202901 0.00043008 0.000654659 0.000236805 -0.00186052 -0.0012084 -0.00171587 -0.00125441 
208 0.00136359 -0.00199882 0.00199883 0.000254827 -5.1888e-05 5.1882e-05 0.000358838 -0.00303436 0.00303436 0.000105072 -0.00400759 0.00400759 0.000230646 -0.00335729 0.00335729 0.00052013 -0.00304964 0.00304964 0.0011338 -0.00247369 0.0024737 0.000249816 -0.000902156 0.000902165 0.0002298 -0.000751676 0.00075168 -0.000327842 0.00015825 -0.000994386 8.96941e-05 0.000923474 0.000456429 -0.000766277 0.000369052 0.000126766 0.000416261 -0.00148957 -0.000459421 -0.00132586 -0.00044683 
224 0.00125467 -0.00234343 0.00234342 0.000163401 -0.00138878 0.00138878 0.000334674 -0.00243887 0.00243888 0.000129292 -0.00374723 0.00374723 0.000148687 -0.00615851 0.0061585 0.000409677 -0.00386208 0.00386209 0.000907754 -0.00250196 0.00250196 0.000347734 -0.00186727 0.00186728 0.000346924 -0.00196568 0.00196568 -0.000716434 0.000226655 -0.000572273 0.000231541 0.000386338 0.000740974 -0.00134208 -0.000103331 -0.000236172 0.000515495 -0.00193774 -0.000387046 -0.00179727 -0.000421401 
240 0.00160539 -0.00186385 0.00186386 0.000294666 -0.000626738 0.000626735 0.000362853 -0.00247851 0.00247851 0.000203529 -0.00493334 0.00493334 0.000206204 -0.00391457 0.00391456 0.000540627 -0.00207563 0.00207563 0.00119815 -0.00181822 0.00181823 0.000394198 -0.0017715 0.00177151 0.000407251 -0.00185901 0.00185901 -0.000294619 0.000544917 -0.00144787 -0.000741696 0.000775215 0.00101503 -0.000267834 0.000640135 0.000151158 0.000619439 -0.0015577 0.000311764 -0.00136008 0.000279929 
256 0.00175748 -0.00175973 0.00175974 0.000259253 0.00177563 -0.00177563 0.00040238 -0.00239847 0.00239846 0.000229607 -0.00511206 0.00511206 0.000240305 -0.00228983 0.00228984 0.00059659 -0.00196334 0.00196334 0.00125822 -0.00148191 0.0014819 0.000490765 -0.00198271 0.00198272 0.000499268 -0.00220188 0.00220189 -0.000616961 0.00022451 -0.00144928 -0.000456498 -0.000122293 0.00097939 -0.00128055 0.000232951 -0.000662306 0.000553124 -0.000592702 -0.000704919 -0.000557826 -0.000620765 
272 0.00153794 -0.00170494 0.00170492 0.000120479 -0.00106389 0.00106389 0.000309777 -0.00236403 0.00236402 0.000156319 -0.0030453 0.00304529 0.000121209 -0.000361174 0.000361173 0.000570498 -0.00253506 0.00253507 0.00100076 -0.00203108 0.00203108 0.000557519 -0.000592092 0.000592095 0.000537181 -0.000710976 0.000710979 -0.00105357 0.00012035 -0.00186368 0.000234588 -0.000556138 0.000984212 -0.00108358 0.000156837 -0.000913584 0.000705851 -0.00135282 -0.00129598 -0.00139475 -0.00124425 
288 0.00139008 -0.00191258 0.00191256 0.000193562 -0.000959298 0.000959301 0.00040899 -0.0033394 0.00333939 0.000216978 -0.00371826 0.00371826 0.000220818 0.000407446 -0.000407448 0.000333019 -0.00250475 0.00250475 0.000935573 -0.00260525 0.00260525 0.000425778 -0.00016968 0.000169675 0.000454495 -0.000337665 0.000337661 -0.000983013 0.000420097 -0.00217683 -0.000260309 -0.000510731 0.00135402 0.000767022 0.000818529 -0.000500704 0.000969572 -0.00207764 -0.00102488 -0.00211364 -0.000945211 
304 0.00187745 -0.00132158 0.00132159 0.000513286 -0.000165688 0.000165679 0.000297262 -0.00162557 0.00162557 0.00017817 -0.00260213 0.00260213 0.000260352 0.000442223 -0.000442218 0.000603367 -0.00269653 0.00269654 0.00141392 -0.00153665 0.00153665 0.000461499 -0.00108624 0.00108625 0.000463534 -0.00106719 0.00106719 -0.00137955 0.000113131 -0.00149868 4.25978e-05 -0.000621476 0.000627891 -0.00153003 0.000254325 -0.000981379 0.000445332 -0.0024152 -0.000636868 -0.0023688 -0.000638222 
320 0.00173475 -0.00114652 0.00114653 0.000474232 -9.93746e-05 9.9372e-05 0.00060234 -0.00247825 0.00247824 0.000184668 -0.00204911 0.00204911 0.000296633 -0.00278933 0.00278934 0.00031709 -0.00139805 0.00139804 0.00139367 -0.00167511 0.00167511 0.000326268 -0.000294343 0.000294344 0.000341094 -9.28431e-05 9.28394e-05 -0.00101608 0.000289725 -0.00070093 -0.000255668 -0.000721846 0.000732669 -0.000894549 -0.000440775 -0.000687482 0.000315213 -0.0018208 0.000121652 -0.00171827 0.000241409 
336 0.00179807 -0.00132312 0.00132313 0.000367985 -0.000230158 0.000230157 0.000584328 -0.00171792 0.00171792 0.000180837 -0.00139481 0.00139482 0.000240182 -0.0042842 0.00428421 0.000542992 -0.00358526 0.00358526 0.00149532 -0.00185499 0.00185499 0.00027432 -0.000517206 0.000517214 0.000302764 -0.000275795 0.000275799 -0.000909471 0.000544446 -0.00165506 0.000191382 -0.000718869 0.00130175 0.000683293 0.000507907 -0.000550979 0.000970739 -0.00180007 -0.000674155 -0.00170809 -0.000459904 
352 0.00155237 -0.000958355 0.000958347 0.000232957 -0.000167123 0.000167119 0.000580349 -0.00155847 0.00155846 0.000225597 -0.0022389 0.0022389 0.000181056 -0.00304268 0.00304269 0.000370208 -0.000190273 0.000190275 0.00118352 -0.000871859 0.00087186 0.000332141 -0.00135529 0.00135529 0.000368857 -0.00132859 0.0013286 -0.00124912 0.000335134 -0.000805588 -0.00048811 -0.00111959 0.000836443 -0.000751873 0.000400859 -0.00093562 0.000545341 -0.00220625 -0.000292345 -0.00215172 -0.000129235 
368 0.00131946 -0.00130835 0.00130835 0.000225016 -0.00114597 0.00114596 0.000375618 -0.00120881 0.0012088 0.000163405 -0.00210948 0.00210948 0.000283039 -0.00384309 0.00384309 0.000518717 -0.00164237 0.00164237 0.00111936 -0.00132652 0.00132652 0.000190079 -0.00106974 0.00106975 0.000200107 -0.0012657 0.00126569 -0.00111964 0.000176199 -0.000378396 -0.000663585 -0.0011555 0.00141377 0.000153001 -0.000244253 -0.000636433 0.000619155 -0.00242298 -0.000992165 -0.00234933 -0.000861579 
384 0.00160955 -0.00198065 0.00198064 0.00026636 -0.00140824 0.00140824 0.00052431 -0.00219041 0.00219041 0.000300574 -0.00499677 0.00499677 0.000274386 -0.000611476 0.000611485 0.000585985 -0.00157711 0.0015771 0.00137666 -0.00166104 0.00166105 0.000263593 -0.00259937 0.00259938 0.000232893 -0.00274067 0.00274067 -0.00118577 4.41029e-06 -0.00198683 -0.000206128 -0.000826986 0.00122641 2.16452e-05 -2.47529e-06 -0.000830067 0.000673015 -0.00217325 -0.001637 -0.0019779 -0.00160051 
400 0.00150462 -0.000976883 0.000976885 0.000473985 0.00179406 -0.00179405 0.000491999 -0.00132251 0.00132249 0.000100011 -0.00460091 0.00460091 0.000324239 0.000955342 -0.000955338 0.00054685 0.000184982 -0.000184975 0.00151283 -0.000171325 0.000171334 6.53649e-06 -0.00270128 0.0027013 -8.214e-06 -0.00282729 0.00282729 -0.00167624 -0.000465688 -0.000870956 -0.00164107 -0.00131474 0.000299629 -0.000549039 -1.14463e-05 -0.00101039 -7.48283e-05 -0.00347299 -0.0013691 -0.00329708 -0.00141186 
416 0.00158335 -0.00122563 0.00122563 0.000429674 0.000414017 -0.000414032 0.000535637 -0.000842003 0.000841991 0.000128804 -0.00536967 0.00536967 0.000278424 -0.00217904 0.00217904 0.000485904 -0.00058935 0.000589355 0.00145123 -0.000377999 0.000377999 0.00014043 -0.00339283 0.00339283 0.000132138 -0.00335065 0.00335065 -0.00184659 3.09451e-05 -0.000179975 -0.000364837 -0.00156941 0.000731811 -0.000642147 0.000189982 -0.00104175 0.000405338 -0.00402371 -0.000918895 -0.00382913 -0.000907728 
432 0.00209129 -0.001205 0.001205 0.000416694 9.66863e-05 -9.66817e-05 0.000952404 -0.000817257 0.000817257 6.84373e-05 -0.00447748 0.00447748 0.000251153 -0.00138173 0.00138174 0.000568795 -0.00104642 0.00104641 0.00193789 -0.000365025 0.000365033 0.000166893 -0.00298367 0.00298367 0.000153393 -0.00287048 0.00287049 -0.00154318 0.000140603 -0.00207691 -0.000488414 -0.000926896 0.00144443 -0.00105319 -0.00034094 -0.00111474 0.000675706 -0.00277615 -0.0012552 -0.00253709 -0.00117312 
448 0.00145446 -0.000741175 0.000741179 0.000224654 0.0021531 -0.0021531 0.000793659 0.000233248 -0.000233251 2.45076e-05 -0.00584185 0.00584185 8.38985e-05 -0.000980636 0.000980644 0.000411357 -0.00235576 0.00235576 0.00142968 9.62817e-05 -9.6278e-05 3.23555e-05 -0.00278781 0.00278782 2.47978e-05 -0.00256984 0.00256984 -0.00186415 -0.000130915 -0.000994581 -0.00106882 -0.00174381 0.00114999 -0.00148129 -1.25542e-05 -0.0014884 0.000443829 -0.00292073 -0.00155019 -0.0027166 -0.00146348 
464 0.00164346 -0.000928366 0.000928369 0.000385402 0.000751219 -0.000751213 0.000691415 -0.000339783 0.000339777 2.55509e-05 -0.00400041 0.00400042 0.000193277 -0.00400592 0.00400592 0.000330447 -0.00247196 0.00247197 0.00140727 -0.000532788 0.000532792 0.000242589 -0.00179974 0.00179974 0.000236193 -0.0017328 0.0017328 -0.00198635 0.000285223 -0.00125391 0.000590874 -0.00187834 0.000734621 -0.00140081 0.000394805 -0.00161713 0.000643163 -0.00283397 -0.00060633 -0.00271076 -0.000562211 
480 0.00173357 -0.000984536 0.00098453 0.000412505 -0.000392874 0.000392882 0.000445624 -0.00074463 0.000744632 0.000167549 -0.00264098 0.00264097 0.000279905 -0.00261247 0.00261247 0.000370032 -0.002438 0.00243801 0.00122816 -0.00100164 0.00100164 0.000515768 -0.000770288 0.000770288 0.000505416 -0.000832533 0.000832535 -0.00251711 1.68869e-05 -0.00174827 0.000272186 -0.00137086 0.000716557 -0.0012934 -0.000156337 -0.00139475 0.000428098 -0.00507235 -0.00105868 -0.00503231 -0.00102199 
496 0.00147131 -0.00117132 0.00117132 0.000198526 -0.00047463 0.000474633 0.00041159 -0.00119038 0.00119038 0.000218579 -0.0018934 0.00189341 0.000132468 -0.00157782 0.00157782 0.000283572 -0.00180906 0.00180906 0.000893687 -0.00100227 0.00100227 0.000565743 -0.00135066 0.00135066 0.000577639 -0.00137638 0.00137639 -0.00283726 1.27397e-05 -0.00181814 -0.000516737 -0.00150619 0.00144204 -0.00166085 0.000432761 -0.00163012 0.000834807 -0.00568796 -0.00198525 -0.00561882 -0.00194864 
512 0.00144648 -0.000780654 0.000780652 0.000226735 0.000960911 -0.000960905 0.000318766 -0.00011923 0.00011921 0.000257599 -0.00215922 0.00215922 0.000182431 -0.00217131 0.00217132 0.000396919 -0.00287915 0.00287915 0.000942423 -0.000592766 0.000592769 0.00047432 -0.00135222 0.00135224 0.000504043 -0.00129977 0.00129977 -0.00318125 0.000322553 -0.00253669 -0.000424856 -0.00278879 0.00173559 -0.00153538 -0.000411349 -0.00237254 0.000830116 -0.0049128 -0.000820852 -0.00490494 -0.000782038 
528 0.00190263 -0.000716458 0.000716457 0.000378885 0.000436029 -0.000436031 0.000581354 -0.000781696 0.000781691 0.000193831 -0.00225925 0.00225926 0.000216625 -0.00105583 0.00105583 0.000496226 -0.000754134 0.000754137 0.00145647 -0.000510011 0.00051002 0.000432791 -0.00145659 0.00145659 0.00044617 -0.00125162 0.00125162 -0.0039178 -1.87663e-05 -0.0020983 -0.000187061 -0.00335553 0.00057924 -0.00166712 0.0005777 -0.00265246 0.000487031 -0.00662441 -0.0012847 -0.00674294 -0.00131114 
544 0.0018203 -0.00161616 0.00161616 0.000293804 -0.00213032 0.00213032 0.000680817 -0.00151111 0.0015111 0.000270681 -0.00406997 0.00406997 5.09587e-05 -0.00383465 0.00383465 0.000418453 -0.00166208 0.00166208 0.00139308 -0.00157206 0.00157206 0.000381353 -0.00157129 0.0015713 0.000427225 -0.00156022 0.00156023 -0.00428606 0.000122386 -0.0016666 -0.000605978 -0.00391396 0.00105911 -0.0013837 0.000825513 -0.00285388 0.000731288 -0.00738808 -0.00127461 -0.00752798 -0.00140768 
560 0.00141988 -0.000824803 0.000824804 0.000247548 0.000528741 -0.000528746 0.000529637 -0.0010739 0.00107389 0.000244146 -0.00351511 0.00351511 -4.36498e-06 -0.00105749 0.0010575 0.000202782 -0.00102103 0.00102103 0.00097998 -0.000687997 0.000688001 0.000401875 -0.00142286 0.00142287 0.000439899 -0.00140384 0.00140384 -0.004196 0.00028174 -0.00184864 -0.000546082 -0.00391311 0.0017441 -0.00161946 0.000232583 -0.00290202 0.000959727 -0.00686406 -0.00122823 -0.00709595 -0.00131603 
576 0.00193445 -0.00137702 0.00137702 0.000370835 -0.00175959 0.00175958 0.000559761 -0.000495177 0.000495177 0.00022489 -0.00482629 0.0048263 0.000292424 -0.0032216 0.00322161 0.000484839 -0.00256692 0.00256692 0.00141544 -0.0012957 0.0012957 0.000504658 -0.00159807 0.00159808 0.000519011 -0.00153875 0.00153875 -0.00479246 0.000197328 -0.00301184 -0.00156253 -0.00425612 0.0016872 -0.00169814 0.000966441 -0.00332993 0.000949172 -0.00806876 -0.00141229 -0.00809851 -0.0014838 
592 0.00174352 -0.00103012 0.00103011 0.00028734 -0.000459347 0.000459341 0.000649073 -0.000431077 0.000431072 0.000242916 -0.00418891 0.0041889 0.000205186 -0.00207365 0.00207365 0.000478993 -0.00286338 0.00286338 0.00141541 -0.000935395 0.000935398 0.000343632 -0.00135798 0.00135797 0.000328122 -0.00138918 0.00138919 -0.00572859 -5.55454e-05 -0.00301178 -0.000710898 -0.00552201 0.00120025 -0.00201661 0.000609695 -0.0041195 0.000765718 -0.00936638 -0.00179902 -0.00933824 -0.00188621 
608 0.00180754 -0.000929499 0.000929504 0.000174681 0.00101717 -0.00101718 0.000636765 -0.00118212 0.00118212 0.000308867 -0.00234672 0.00234673 4.32587e-05 0.000112989 -0.00011299 0.000508004 -0.00142236 0.00142237 0.00131945 -0.000742943 0.000742943 0.000497884 -0.0013717 0.0013717 0.000488089 -0.00145218 0.00145217 -0.00662168 0.000163625 -0.00358953 -0.000119858 -0.00686975 0.00108735 -0.0024071 0.00069018 -0.00508517 0.000780146 -0.00995155 -0.00114996 -0.0100403 -0.00123757 
624 0.00202654 -0.001179 0.00117899 0.000481028 -0.00295316 0.00295316 0.000254113 0.000253808 -0.000253804 0.00040095 -0.00290081 0.00290081 0.000184287 -0.00306802 0.00306802 0.000588432 -0.00281225 0.00281224 0.00132358 -0.00102259 0.0010226 0.000711679 -0.00144762 0.00144762 0.000702964 -0.00163089 0.00163089 -0.00699625 0.000312429 -0.00402659 -0.00109758 -0.00683245 0.00144827 -0.00198266 0.000280643 -0.00505112 0.00073264 -0.0114098 -0.000520904 -0.0114288 -0.000663654 
640 0.00157685 -0.000829403 0.000829409 0.000408319 0.000673217 -0.000673221 0.000392637 -0.00107655 0.00107654 0.000191681 -0.00186893 0.00186893 0.000296566 -0.00229323 0.00229324 0.000421396 -0.002021 0.002021 0.00122235 -0.000811272 0.00081128 0.000367566 -0.000754497 0.000754491 0.000354497 -0.000844775 0.000844775 -0.0073478 0.00054646 -0.00389919 -0.000345296 -0.0066826 0.00165901 -0.00232131 0.000309218 -0.00502228 0.000997374 -0.0126935 -0.00052549 -0.0126136 -0.000592845 
656 0.00170464 -0.00177406 0.00177405 0.000516377 -0.00121513 0.00121513 0.000420717 -0.000289261 0.000289263 0.00011265 -0.00465913 0.00465914 0.000325865 -0.00269293 0.00269294 0.000257826 -0.00215859 0.00215859 0.00119492 -0.000968954 0.000968955 0.000508339 -0.00342695 0.00342696 0.000509715 -0.00354984 0.00354984 -0.00842804 0.000264315 -0.00499078 -0.00131131 -0.0078768 0.00125038 -0.00271651 0.00125641 -0.00599267 0.000837255 -0.013979 -0.00105793 -0.0138837 -0.00111093 
672 0.00158954 -0.00155151 0.0015515 0.000526399 -0.00172726 0.00172725 0.000497369 -0.0011875 0.0011875 0.000119192 -0.0046871 0.0046871 0.000102731 -0.00228901 0.00228902 0.000308723 -0.00199154 0.00199154 0.00133249 -0.00143938 0.00143938 0.000262694 -0.00168364 0.00168364 0.000257057 -0.00171619 0.0017162 -0.00940738 2.048e-05 -0.00507357 -0.00106301 -0.00908204 0.000507014 -0.00315368 0.000792172 -0.00675164 0.000344473 -0.0156096 -0.000645682 -0.0154685 -0.000741418 
688 0.00118458 -0.00122733 0.00122733 0.000306801 -0.0015151 0.0015151 0.000298871 -0.000266301 0.000266302 9.72732e-05 -0.00135804 0.00135804 0.000105693 -0.00520362 0.00520362 0.000265687 -0.00241613 0.00241612 0.000871363 -0.000809632 0.000809623 0.000305677 -0.00184721 0.00184721 0.000313223 -0.00190613 0.00190612 -0.0103217 -8.31863e-05 -0.00606118 -0.000716896 -0.010406 -4.46029e-05 -0.00414222 0.000524178 -0.00796027 2.83997e-05 -0.0158116 6.11149e-05 -0.0156853 -0.00024096 
704 0.00136618 -0.00141587 0.00141586 0.00022648 8.29686e-05 -8.2972e-05 0.000432783 -0.00114921 0.0011492 0.000163326 -0.00406922 0.00406922 3.69457e-05 -0.00156177 0.00156177 0.000506292 -0.00294162 0.00294162 0.00116557 -0.00113995 0.00113997 0.000227206 -0.00227508 0.00227508 0.00020062 -0.00202377 0.00202377 -0.0118069 -0.000122957 -0.00679243 -0.00137705 -0.0123994 0.000568763 -0.00453663 0.000123726 -0.00927221 0.000144632 -0.0175963 -0.000376107 -0.0176357 -0.000654609 
720 0.00128518 -0.00153517 0.00153517 0.000412905 -0.00102323 0.00102323 0.000248329 -0.000895402 0.000895406 0.000242059 -0.0040352 0.00403519 0.000230655 -0.00539539 0.0053954 0.000334658 -0.00283845 0.00283846 0.000995892 -0.0012722 0.0012722 0.000273722 -0.00206271 0.00206271 0.000289277 -0.00193124 0.00193124 -0.013228 0.000225348 -0.00669339 -0.0012623 -0.0137348 0.001302 -0.00511424 0.0004738 -0.0100769 0.00061869 -0.0205104 -0.000516187 -0.0205111 -0.000643752 
736 0.00115302 -0.00191264 0.00191263 0.000149141 -0.00230814 0.00230814 0.000478997 -0.00127015 0.00127014 0.000113842 -0.000981653 0.00098166 0.000162435 -0.00513377 0.00513378 0.00026514 -0.00477298 0.00477298 0.00089329 -0.00219401 0.00219401 0.000219587 -0.00140615 0.00140615 0.000259743 -0.00135978 0.00135977 -0.014567 0.000210889 -0.00688517 -0.00129111 -0.0154864 0.00115833 -0.00537501 0.000845274 -0.0112156 0.000687817 -0.0224865 -0.000654465 -0.0222548 -0.000814792 
752 0.00152944 -0.000572572 0.000572573 0.000265412 -6.06926e-05 6.06983e-05 0.000373045 -0.000644817 0.000644809 0.000259629 -0.00207453 0.00207453 0.00024947 -0.00460639 0.00460639 0.000491716 -0.000436247 0.000436248 0.00113019 -0.000382021 0.000382014 0.000354223 -0.00102696 0.00102696 0.000399261 -0.00104655 0.00104656 -0.0161415 0.000461545 -0.00937298 1.07856e-05 -0.0177064 0.000764698 -0.00537041 0.00012373 -0.0129094 0.000528234 -0.0237238 0.000404825 -0.023609 0.000335679 
768 0.00164892 -0.00118643 0.00118642 0.000372075 0.000338353 -0.000338345 0.00042033 -0.00109025 0.00109025 0.000198769 -0.00147251 0.00147252 0.0001251 -0.00315961 0.00315962 0.000456025 -0.00260175 0.00260174 0.00124844 -0.00108441 0.00108442 0.000365586 -0.00131441 0.00131441 0.000400488 -0.0013645 0.0013645 -0.0182073 0.000335005 -0.00900197 -0.0016247 -0.0201406 0.000887455 -0.0069755 3.20871e-05 -0.0145649 0.000249962 -0.02644 0.000794798 -0.0264808 0.00061554 
784 0.0018503 -0.00135749 0.00135748 0.000420638 -9.883e-05 9.88189e-05 0.000586987 -0.00124774 0.00124774 0.000289564 -0.00383237 0.00383237 0.000159207 -0.00234781 0.00234781 0.000494318 -0.00221171 0.00221171 0.00150195 -0.00123571 0.00123571 0.000290634 -0.00176943 0.00176943 0.000348361 -0.00181635 0.00181634 -0.0199718 0.000490915 -0.0101791 -0.00127875 -0.0217762 0.00107071 -0.00698451 0.000834958 -0.0157713 0.000652494 -0.0294707 0.000310665 -0.0294821 0.00010522 
800 0.00128459 -0.00154097 0.00154097 0.000266807 -0.000979346 0.000979346 0.000480553 -0.00178247 0.00178247 7.81736e-05 -0.00148011 0.00148011 0.000175599 -0.0037007 0.00370071 0.000328081 -0.00340174 0.00340174 0.00107545 -0.00180095 0.00180095 0.000174097 -0.000935139 0.000935137 0.000209146 -0.000941179 0.000941174 -0.0218862 0.000213681 -0.0112462 -0.00116833 -0.0239448 0.00120427 -0.0079936 0.00104739 -0.0173863 0.000809206 -0.0321349 -0.00093773 -0.0322651 -0.00114183 
816 0.00154128 -0.00138787 0.00138788 0.000279266 -0.00233209 0.00233208 0.000422766 -0.00165652 0.00165652 0.00019961 -0.00175515 0.00175515 0.000254645 -6.02437e-05 6.02517e-05 0.000430535 -0.00213449 0.00213449 0.00113258 -0.00171117 0.00171118 0.000382911 -0.00110323 0.00110322 0.000408705 -0.00107088 0.00107088 -0.0244762 -5.01851e-05 -0.0117774 -0.00121161 -0.0269447 0.000514901 -0.00967892 0.000287423 -0.0195872 0.00017655 -0.0356228 -0.000504496 -0.0357992 -0.000701456 
832 0.0019618 -0.00127447 0.00127447 0.000252895 -0.000487048 0.000487049 0.000602891 -0.00161886 0.00161885 0.000226504 -0.00135628 0.00135628 0.000300201 -0.000287248 0.000287248 0.000452811 -0.00280567 0.00280567 0.00130861 -0.00143225 0.00143224 0.000661561 -0.00113096 0.00113096 0.000653194 -0.00109192 0.00109191 -0.0273915 0.000167892 -0.0135803 -0.00111164 -0.0304996 0.000540768 -0.00984609 0.000825547 -0.0220099 0.000338201 -0.0396121 -0.000332092 -0.0397394 -0.000376053 
848 0.00139145 -0.000338747 0.000338746 0.000297879 6.12214e-05 -6.12217e-05 0.000347675 -0.00147775 0.00147776 0.000143671 -0.000318253 0.000318261 0.000137029 -0.00105886 0.00105887 0.000376698 -0.000210563 0.000210559 0.00102225 -0.000622941 0.000622945 0.000366983 0.0003335 -0.000333491 0.0003692 0.000338087 -0.000338081 -0.0303222 0.000114983 -0.0141482 -0.00237019 -0.0339159 0.000798276 -0.0120295 0.000359746 -0.0244819 0.000121576 -0.0435008 0.000168658 -0.0437177 8.76217e-05 
864 0.0018124 -0.00134711 0.0013471 0.00037743 0.000889816 -0.000889818 0.000347077 -0.00216148 0.00216148 0.000246466 -0.00151805 0.00151805 0.00030239 -0.00296983 0.00296983 0.000394346 -0.00124252 0.00124252 0.00111886 -0.0011058 0.0011058 0.000672541 -0.00201236 0.00201237 0.000693539 -0.00191848 0.00191848 -0.033025 0.000398419 -0.0153967 -0.00103628 -0.0370014 0.000941369 -0.0125732 -0.000415428 -0.0265798 0.000292432 -0.0476032 0.000741228 -0.0477977 0.000606537 
880 0.00209491 -0.00160063 0.00160062 0.000373396 -0.00268618 0.00268618 0.000506734 -0.00133208 0.00133208 0.000136004 7.0518e-05 -7.05111e-05 0.000250942 -0.00331238 0.00331239 0.000589147 -0.00163027 0.00163027 0.00146928 -0.00147721 0.00147721 0.000588498 -0.00185072 0.00185072 0.00062563 -0.00173771 0.00173772 -0.0359954 0.000734639 -0.0162734 -0.00142629 -0.0405641 0.00124803 -0.0124991 0.000425736 -0.0287742 0.000570429 -0.0524101 0.00124719 -0.052537 0.00105328 
896 0.00177576 -0.000685788 0.000685783 0.000330049 0.000189209 -0.000189217 0.000665523 -0.00109078 0.00109077 0.000197545 -0.00191358 0.00191358 0.000225355 -0.00199414 0.00199415 0.000376419 0.000421507 -0.000421504 0.001372 -0.000393783 0.000393789 0.000364218 -0.00154479 0.00154479 0.000403761 -0.00145344 0.00145344 -0.0394089 0.0011055 -0.0181905 -0.000826954 -0.0445778 0.00196159 -0.0144907 0.000444181 -0.0318705 0.00106353 -0.0566392 0.00121464 -0.056772 0.00110664 
912 0.00236508 -0.00115442 0.0011544 0.000449765 -0.000639019 0.000639021 0.000681647 -0.000858717 0.000858712 0.000330422 -0.00182405 0.00182404 0.000410755 -0.00195916 0.00195916 0.000501322 -0.00113824 0.00113824 0.00163275 -0.000746326 0.000746333 0.000715346 -0.00254821 0.00254822 0.000732327 -0.0022974 0.00229741 -0.0430246 0.00108942 -0.0193841 -0.00053556 -0.0486219 0.00192365 -0.0161774 0.0006645 -0.0347607 0.00121119 -0.061841 0.000893261 -0.061999 0.000752312 
928 0.00198491 -0.000569439 0.000569434 0.000239402 0.00117187 -0.00117187 0.000755927 -0.00118566 0.00118566 0.000295886 -0.00160638 0.00160638 0.000200615 -7.62631e-05 7.62657e-05 0.00039084 -0.00087849 0.000878483 0.00138617 -0.000485855 0.000485851 0.000546504 -0.00114226 0.00114226 0.000598737 -0.00103687 0.00103688 -0.0472098 0.00110797 -0.0202849 -0.000839423 -0.0534082 0.00206539 -0.0174085 0.000308319 -0.0379593 0.00111871 -0.0683126 0.00134142 -0.068464 0.00109433 
944 0.00191024 -0.00104468 0.00104468 0.000340534 -0.000587868 0.00058786 0.000416513 -0.00048583 0.00048583 0.000331454 -0.0028189 0.0028189 0.000170981 0.000788309 -0.000788307 0.000544633 -0.00189832 0.00189832 0.0013017 -0.000758435 0.000758433 0.000530776 -0.00213335 0.00213335 0.000608563 -0.00195555 0.00195555 -0.0512281 0.0017271 -0.0215788 -0.00103763 -0.0581892 0.00293074 -0.0186596 -0.000315713 -0.0411528 0.00143563 -0.0742979 0.00259842 -0.0745534 0.00241238 
960 0.00248508 -0.00143511 0.00143512 0.000238873 -0.000377045 0.000377045 0.000716266 -0.00278188 0.00278186 0.000449896 -0.00038837 0.000388374 0.00035918 -0.00240974 0.00240975 0.000661324 -0.000546026 0.000546031 0.00161647 -0.00161499 0.00161499 0.000821114 -0.00122791 0.00122792 0.000868611 -0.000968308 0.000968303 -0.0549455 0.0020687 -0.0238881 -0.00118622 -0.0621254 0.00337506 -0.0202736 0.000789941 -0.0441167 0.00193502 -0.0797071 0.00253946 -0.079984 0.00238036 
976 0.0022633 -0.000430955 0.000430954 0.000474868 0.000904606 -0.000904608 0.000453108 -0.000804593 0.000804583 0.000463511 -0.00239781 0.00239781 0.00030045 0.00172565 -0.00172564 0.000456017 -0.000700096 0.000700092 0.001384 -0.000255221 0.000255225 0.000787709 -0.000936408 0.000936413 0.000879305 -0.000931309 0.000931316 -0.0593106 0.00219787 -0.024646 -0.000908434 -0.0671457 0.00349427 -0.0214813 0.000332153 -0.0473633 0.00191748 -0.0867065 0.00283943 -0.0869912 0.00277059 
992 0.00299974 -0.000644498 0.000644491 0.000499697 0.000403974 -0.000403972 0.000943139 -0.000939709 0.000939707 0.000392508 -0.00510539 0.00510539 0.000351881 -0.00240004 0.00240004 0.000618568 -0.000607791 0.000607794 0.00206141 -0.000492739 0.000492747 0.000831192 -0.00146136 0.00146136 0.000938331 -0.00122399 0.00122399 -0.0639188 0.00232976 -0.0255482 -0.00184027 -0.0725024 0.00356274 -0.0233642 0.000191881 -0.0510128 0.00177596 -0.0934348 0.00365372 -0.0938246 0.00357501 
1008 0.00252992 -0.000577596 0.000577597 0.000351177 0.00128317 -0.00128318 0.000812441 -0.000343169 0.000343168 0.000329751 -0.00260737 0.00260737 0.000228862 0.000595022 -0.000595021 0.000386967 -0.00318898 0.00318897 0.0015506 -0.000599575 0.000599577 0.000881528 -0.000894989 0.000894988 0.000979342 -0.000633071 0.000633071 -0.0684338 0.00271984 -0.0286326 -0.000925164 -0.0776056 0.00343841 -0.0251668 0.000371797 -0.0549162 0.00184926 -0.0993059 0.00479062 -0.0996292 0.00472003 
1024 0.00279175 4.55814e-05 -4.55871e-05 0.000379474 -0.000105305 0.000105307 0.00104646 -0.000486958 0.00048695 0.000397201 0.000344584 -0.000344573 0.00027977 0.000471941 -0.000471945 0.00044524 0.000794683 -0.000794681 0.00187117 -2.84377e-05 2.84323e-05 0.000836924 0.000380864 -0.000380864 0.000920574 0.000443399 -0.000443395 -0.0718434 0.00309012 -0.0287863 -0.00119668 -0.0816386 0.00417415 -0.0252819 -0.000127891 -0.05723 0.00215807 -0.105014 0.00533117 -0.105559 0.00525179 
1040 0.00292076 -0.000103394 0.000103417 0.000357619 0.000680056 -0.000680055 0.00107125 -0.00039224 0.000392232 0.000405723 -0.000522548 0.000522549 0.000259311 -0.00214115 0.00214115 0.000569504 -0.00112284 0.00112284 0.00199837 -0.000289629 0.000289631 0.000849225 0.000400972 -0.00040097 0.000922398 0.000366079 -0.000366078 -0.0756836 0.00321515 -0.0293147 -0.00198944 -0.0855369 0.00423526 -0.0267917 0.000454617 -0.0598241 0.00221342 -0.111794 0.00549704 -0.112361 0.00545335 
1056 0.00268887 -6.25826e-05 6.25883e-05 0.000340718 0.00172204 -0.00172204 0.00090487 2.5288e-05 -2.52911e-05 0.000320921 -0.00200711 0.00200711 0.000235353 -0.000603764 0.000603764 0.000508921 -0.00123736 0.00123736 0.00175451 0.000156304 -0.000156304 0.000818146 -0.00043364 0.000433649 0.000934358 -0.000559471 0.00055948 -0.0794006 0.00355008 -0.0324669 -0.000497754 -0.0897045 0.00472464 -0.0275264 -0.000252294 -0.0629152 0.00246455 -0.117174 0.00598654 -0.117602 0.00593946 
1072 0.00328683 -0.000841257 0.000841259 0.000379218 0.000326627 -0.000326627 0.001189 -0.00102517 0.00102516 0.000328267 -0.000687009 0.000687011 0.000265533 -0.00178552 0.00178552 0.000612983 -0.00140576 0.00140576 0.0021812 -0.000860107 0.000860111 0.000977705 -0.000900352 0.000900357 0.00110563 -0.000872219 0.000872226 -0.0827325 0.00377487 -0.0323639 -0.00132828 -0.0941208 0.0048579 -0.0278626 0.000471372 -0.0654331 0.00260507 -0.122189 0.0064425 -0.12274 0.00634979 
1088 0.00319803 0.000156272 -0.00015627 0.000371423 -0.000574289 0.000574291 0.00100181 0.000796721 -0.000796727 0.000436678 0.000402434 -0.000402431 0.000312523 -0.00218864 0.00218865 0.000600493 -0.00175115 0.00175115 0.00197373 2.03523e-05 -2.03474e-05 0.00111033 0.000175865 -0.000175855 0.0012243 0.000403414 -0.000403413 -0.0866114 0.00384828 -0.033828 -0.00188071 -0.0982053 0.0052459 -0.0291703 -0.000199609 -0.0683041 0.00253766 -0.128231 0.00693845 -0.128945 0.00684017 
1104 0.0033105 -6.73911e-05 6.73754e-05 0.000387079 0.00012292 -0.000122933 0.00107537 0.000151014 -0.000151015 0.000390864 0.000901839 -0.000901835 0.000237591 0.00125678 -0.00125677 0.000512148 -0.0013311 0.0013311 0.00197461 -0.000192351 0.00019235 0.00115891 1.97206e-05 -1.9718e-05 0.00133589 1.91877e-05 -1.91811e-05 -0.0897476 0.00461837 -0.0348859 -0.00187319 -0.101277 0.00603494 -0.0307769 0.000608364 -0.0706603 0.00317381 -0.132986 0.00795975 -0.133835 0.00790434 
1120 0.00314396 1.13431e-05 -1.134e-05 0.000424153 -0.000325881 0.000325881 0.000929087 7.3286e-05 -7.32971e-05 0.00048514 -0.000978714 0.000978708 0.000311706 0.000367288 -0.000367287 0.000405406 -0.000524179 0.000524176 0.00175865 -0.000136678 0.000136674 0.00121407 0.000219999 -0.000219998 0.00138531 0.000350239 -0.000350241 -0.0916245 0.00493357 -0.0348779 -0.00161861 -0.103341 0.00597122 -0.0301509 0.000468819 -0.071639 0.00313159 -0.136794 0.00906969 -0.137784 0.00904726 
1136 0.00369782 0.000209191 -0.000209195 0.00046188 -0.000933804 0.000933805 0.00101671 0.000145323 -0.000145312 0.000607157 -0.00129493 0.00129494 0.000344875 0.00328143 -0.00328143 0.000593889 -0.00153831 0.00153831 0.00207249 -0.000243953 0.000243952 0.0014473 0.000922626 -0.000922625 0.00162534 0.00117985 -0.00117985 -0.0931518 0.00498832 -0.0346165 -0.00204495 -0.105044 0.00599823 -0.0297165 -0.000193671 -0.0723822 0.00287817 -0.140044 0.00981621 -0.141183 0.00980767 
1152 0.00336891 0.000309909 -0.000309903 0.000319894 -0.00130717 0.00130717 0.00112118 0.000529142 -0.000529145 0.000418718 0.00391067 -0.00391067 0.000398283 -0.00135836 0.00135836 0.00049035 -0.00140213 0.00140213 0.00193143 -0.000221929 0.000221922 0.00121867 0.00143909 -0.00143909 0.00143748 0.00135553 -0.00135552 -0.094253 0.00503468 -0.0352599 -0.00163167 -0.105918 0.0062403 -0.0293378 -7.5598e-05 -0.0729181 0.00320147 -0.14232 0.00916753 -0.143542 0.00915207 
1168 0.00389901 -0.000311893 0.000311892 0.000456411 -0.000473747 0.000473751 0.00119863 0.00106538 -0.00106538 0.00060888 -0.00147685 0.00147685 0.000376953 0.000698339 -0.000698338 0.000721015 -0.00215125 0.00215124 0.00237606 -3.54597e-05 3.5464e-05 0.00129968 -0.000938975 0.000938975 0.00152296 -0.00117509 0.00117509 -0.0945175 0.00529915 -0.035267 -0.000654884 -0.106436 0.00640416 -0.0285161 -0.000366947 -0.0729996 0.00332865 -0.143153 0.00992428 -0.144215 0.00979024 
1184 0.00354947 0.000375592 -0.000375595 0.000430702 -0.000755168 0.000755178 0.00123346 0.000719502 -0.000719507 0.000481641 0.000246355 -0.000246348 0.000306009 -0.000806671 0.000806677 0.000677951 -0.00153744 0.00153744 0.00234212 3.46483e-05 -3.46523e-05 0.00100904 0.000923062 -0.000923055 0.00120736 0.000849547 -0.000849543 -0.0935264 0.00525742 -0.0332586 -0.00137147 -0.105353 0.00659241 -0.027303 0.000285463 -0.0716854 0.00347897 -0.142939 0.00935023 -0.144014 0.00933836 
1200 0.00385879 0.000347112 -0.000347103 0.000437529 0.000951145 -0.000951147 0.00131291 0.000229517 -0.00022952 0.000508319 0.00054656 -0.000546557 0.000417242 -0.0025392 0.00253921 0.000651956 -0.00160019 0.0016002 0.0024024 7.10326e-05 -7.10309e-05 0.0012573 0.00108395 -0.00108395 0.00145639 0.00109258 -0.00109259 -0.0914985 0.00527829 -0.0324732 -0.00123741 -0.102177 0.00688754 -0.0252164 9.56e-05 -0.0692287 0.00359609 -0.141871 0.00898746 -0.143093 0.00906373 
1216 0.00378268 0.000861751 -0.000861746 0.000534521 0.00192988 -0.00192989 0.00126259 0.00126496 -0.00126496 0.00035662 0.00181852 -0.00181851 0.000456993 -0.000877435 0.000877439 0.00069006 -0.00176798 0.00176798 0.00248718 0.000714491 -0.000714491 0.00105474 0.00132114 -0.00132114 0.00129551 0.0012152 -0.0012152 -0.0882424 0.00502868 -0.0304728 -0.00134489 -0.0984479 0.00602483 -0.0235581 -0.000338463 -0.0663978 0.00300285 -0.137594 0.00947361 -0.138809 0.00951331 
1232 0.00385126 0.000867542 -0.000867549 0.000478134 0.00216983 -0.00216983 0.00119347 0.00106812 -0.00106811 0.000523051 -0.000683772 0.000683775 0.000441858 -0.00038478 0.000384787 0.000734894 -0.001403 0.001403 0.00240651 0.000845325 -0.000845322 0.00118822 0.00120669 -0.00120668 0.00144477 0.00108141 -0.00108141 -0.0835638 0.00405807 -0.027946 -0.00127002 -0.0930067 0.00445647 -0.0209017 0.000297811 -0.062207 0.00231128 -0.131602 0.0079438 -0.132869 0.00793103 
1248 0.00416923 0.000765377 -0.000765383 0.00038404 -0.00127117 0.00127117 0.00135151 0.00128048 -0.00128049 0.000622017 -0.00122261 0.00122262 0.000453746 -0.0017847 0.0017847 0.000786886 4.59686e-05 -4.59689e-05 0.00252245 0.000572853 -0.000572847 0.00138268 0.00145486 -0.00145485 0.0016468 0.00122839 -0.00122839 -0.0782113 0.00322451 -0.0254996 -0.000826604 -0.0865517 0.00361318 -0.0174859 -0.000492574 -0.0572318 0.00172816 -0.12543 0.00661848 -0.126703 0.00653102 
1264 0.00419932 0.000724539 -0.000724553 0.000515792 -0.0014424 0.0014424 0.00124664 0.00107619 -0.00107619 0.000570454 0.000977567 -0.000977569 0.000450658 -0.00357046 0.00357046 0.000781708 -0.0011135 0.0011135 0.00254415 0.000130009 -0.000130012 0.00139681 0.00249665 -0.00249664 0.00165518 0.00230715 -0.00230715 -0.0720223 0.00294268 -0.021631 -0.00184182 -0.0799824 0.00369157 -0.0137407 0.000413755 -0.0519485 0.0018138 -0.117285 0.00560537 -0.118521 0.00541286 
1280 0.00444635 0.000423896 -0.000423901 0.000592202 -0.00144018 0.00144018 0.00120667 0.000494381 -0.000494382 0.00066122 -0.000485614 0.000485621 0.000425411 -0.000869285 0.000869291 0.000798109 -0.00104866 0.00104866 0.00259699 -0.000184221 0.000184225 0.00155304 0.00191028 -0.00191028 0.00184936 0.00175399 -0.00175398 -0.0645435 0.00204192 -0.018315 -0.000883508 -0.0698284 0.00244537 -0.0106741 0.000483743 -0.0448425 0.00131415 -0.108975 0.00372372 -0.110133 0.0036255 
1296 0.00445237 0.0009634 -0.000963404 0.000574964 0.000390373 -0.00039037 0.00122644 0.001019 -0.00101899 0.000541481 0.000811043 -0.000811045 0.000501201 0.00153359 -0.00153359 0.000974407 -0.000991468 0.00099147 0.00277582 0.000482317 -0.000482311 0.0013667 0.00237636 -0.00237636 0.00167654 0.0022185 -0.0022185 -0.0554407 0.00105255 -0.0147457 -0.00123469 -0.058624 0.000972579 -0.00590791 -0.000629253 -0.0367649 0.000112619 -0.0976732 0.00323502 -0.0985961 0.00312373 
1312 0.00514255 0.00172597 -0.00172597 0.000779024 0.00207745 -0.00207745 0.00155834 0.00115367 -0.00115367 0.000700908 0.0021397 -0.00213971 0.000547147 -0.000626591 0.000626596 0.00100699 0.000513951 -0.00051395 0.00334434 0.00119227 -0.00119226 0.00147564 0.00321886 -0.00321884 0.0017982 0.00289951 -0.0028995 -0.0459411 0.00101002 -0.0105857 -0.00109083 -0.0484128 0.00085214 -0.00183219 0.000332907 -0.0292666 0.000290831 -0.0837347 0.00265793 -0.0845178 0.0025681 
1328 0.00539326 0.0021312 -0.00213119 0.000713391 0.00411817 -0.00411817 0.00172311 0.00211402 -0.00211403 0.000744846 0.00243991 -0.0024399 0.000607446 -0.000588953 0.000588959 0.00106969 -0.00166667 0.00166666 0.0035062 0.00171648 -0.00171648 0.00150829 0.00371246 -0.00371246 0.00188707 0.00300719 -0.0030072 -0.0354759 -0.000141001 -0.0055699 -0.00159158 -0.0365204 0.000136654 0.00252704 -0.00086172 -0.0205568 -0.000467101 -0.0693089 0.000622676 -0.0699124 0.000520901 
1344 0.0058859 0.00138685 -0.00138685 0.000741221 0.00496671 -0.00496671 0.00227535 0.000500879 -0.000500882 0.000699886 0.00196191 -0.00196191 0.000496235 -0.00163218 0.00163218 0.000991397 -0.0016237 0.0016237 0.00400798 0.000992906 -0.000992892 0.00149127 0.00332139 -0.00332138 0.00187793 0.00239055 -0.00239055 -0.0241903 -0.000841315 -0.00199132 -0.00109917 -0.0228089 -0.00062806 0.00728185 -0.000753892 -0.0110827 -0.00074201 -0.053984 -0.000912967 -0.0544333 -0.00115257 
1360 0.00640706 0.00191632 -0.00191632 0.000685078 0.00333323 -0.00333323 0.00217066 0.00294743 -0.00294744 0.000776757 0.00045017 -0.000450167 0.000557338 -0.00107273 0.00107274 0.00149943 -0.00117117 0.00117117 0.00435517 0.00213428 -0.00213428 0.0016457 0.00278729 -0.00278728 0.00205189 0.00140155 -0.00140155 -0.0125905 -0.00110702 0.00329761 -0.000623544 -0.00922634 -0.00105378 0.0114968 -0.00107227 -0.00146831 -0.000954302 -0.0381361 -0.00126701 -0.0382631 -0.00153434 
1376 0.00726041 0.00292504 -0.00292504 0.00066696 0.00289258 -0.00289259 0.0023998 0.00531912 -0.00531913 0.000912145 0.00117173 -0.00117173 0.000706678 0.000682623 -0.000682618 0.00165578 0.000231029 -0.000231025 0.00472253 0.00376978 -0.00376979 0.00199186 0.00369209 -0.00369208 0.00253788 0.000992624 -0.000992622 -0.000761997 -0.00137049 0.00721261 -0.00191993 0.00402427 -0.00142632 0.0162574 -0.000641229 0.00782122 -0.00128236 -0.0214065 -0.00141135 -0.0205253 -0.00167205 
1392 0.0078495 0.00417426 -0.00417425 0.000559265 0.00800306 -0.00800305 0.00328229 0.00458505 -0.00458506 0.000904716 0.00303019 -0.00303019 0.000655876 0.00738029 -0.00738029 0.0016047 0.00133101 -0.001331 0.00544626 0.00463762 -0.00463762 0.00220865 0.00407438 -0.00407438 0.00240323 0.00290843 -0.00290845 0.0104809 -0.00143296 0.0103635 -0.00023556 0.0159853 -0.00169195 0.0207106 -0.000815851 0.0161609 -0.00118725 -0.00463341 -0.00187732 -0.00239985 -0.00204095 
1408 0.00934886 0.00397192 -0.00397194 0.000827872 0.00704642 -0.00704643 0.00386866 0.00531259 -0.00531259 0.00121685 0.00276885 -0.00276885 0.000857803 0.00269055 -0.00269055 0.00182382 -0.0012631 0.0012631 0.00652037 0.0042539 -0.0042539 0.00258772 0.00468031 -0.00468031 0.0028285 0.00342233 -0.00342232 0.0215975 -0.00175373 0.0150783 -0.000619231 0.0284324 -0.00111428 0.023067 -0.00170071 0.0245216 -0.00117868 0.0120824 -0.00302398 0.0150155 -0.00307439 
1424 0.00995049 0.00606371 -0.00606372 0.000946661 0.00686912 -0.00686913 0.00383338 0.00824601 -0.00824601 0.00144507 0.0026276 -0.0026276 0.000756913 0.00568583 -0.00568583 0.0015541 0.00335081 -0.00335081 0.00633416 0.00707404 -0.00707403 0.00306097 0.00618288 -0.00618287 0.00361634 0.00371583 -0.00371583 0.0322796 -0.00145052 0.018451 -0.00116214 0.0413066 -0.000319062 0.0265857 -0.000748875 0.0332492 -0.000584912 0.0273116 -0.00364922 0.0302242 -0.00355013 
1440 0.0114109 0.00632283 -0.00632284 0.000954474 0.00501844 -0.00501844 0.00445199 0.00763115 -0.00763114 0.00150598 0.00344769 -0.00344769 0.00076557 0.00683069 -0.00683069 0.00201582 0.00427868 -0.00427868 0.00742231 0.00636281 -0.00636281 0.00343423 0.00807805 -0.00807804 0.00398863 0.00629136 -0.00629136 0.0417487 -0.00142365 0.022184 -0.000562757 0.0524811 -0.00115553 0.0280042 -0.000796988 0.0405552 -0.000913584 0.041794 -0.00276162 0.0447942 -0.00258966 
1456 0.0121399 0.00693944 -0.00693944 0.00141323 0.00757486 -0.00757486 0.00461528 0.00727595 -0.00727595 0.00153936 0.00520709 -0.00520709 0.000904105 0.00605393 -0.00605394 0.0017564 0.00408776 -0.00408776 0.00778491 0.00658193 -0.00658194 0.0038394 0.00859835 -0.00859835 0.00435499 0.00777633 -0.00777632 0.0519244 -0.000847615 0.0264265 -0.00131787 0.0639251 -0.000400982 0.0295295 -0.000977777 0.0480939 -0.000721505 0.0577592 -0.00137365 0.0609849 -0.00107028 
1472 0.0126055 0.0072166 -0.00721661 0.00140494 0.00630276 -0.00630277 0.00487193 0.00667719 -0.00667719 0.0016465 0.00495017 -0.00495016 0.00095811 0.00796374 -0.00796374 0.00168227 0.00307259 -0.00307259 0.00795915 0.00599284 -0.00599284 0.00412573 0.0103173 -0.0103174 0.00464635 0.00975601 -0.00975602 0.0610444 0.000300869 0.0293612 -0.000760111 0.0747117 0.00101977 0.032611 -0.000203716 0.0554418 0.000395767 0.0709276 -0.000322442 0.0742541 7.70791e-05 
1488 0.0137205 0.00804172 -0.0080417 0.00154986 0.00900699 -0.009007 0.00510222 0.00858752 -0.00858753 0.00176335 0.00590726 -0.00590725 0.00106911 0.0102342 -0.0102342 0.00188946 0.00336636 -0.00336636 0.00854154 0.00747519 -0.0074752 0.00467657 0.00953916 -0.00953916 0.00517894 0.00908404 -0.00908404 0.0685918 0.000470982 0.0311266 -0.00049914 0.083289 0.00131518 0.0334251 -0.000494183 0.060747 0.000535412 0.0835262 -0.000298441 0.087035 0.000301281 
1504 0.0144953 0.0079222 -0.0079222 0.00149986 0.00663785 -0.00663785 0.00597264 0.0086283 -0.00862831 0.00193308 0.00729523 -0.00729523 0.00125428 0.0101684 -0.0101684 0.00177856 0.00292033 -0.00292033 0.00925106 0.00696585 -0.00696584 0.00474405 0.0107202 -0.0107202 0.00524428 0.0103281 -0.0103281 0.0759096 0.00158329 0.0347122 0.000223289 0.0913291 0.00218832 0.0353475 0.000153128 0.0663558 0.00133573 0.094658 0.00146905 0.09826 0.00208474 
1520 0.0150334 0.00894722 -0.00894722 0.00159172 0.00622872 -0.00622873 0.00598157 0.0113912 -0.0113912 0.00198213 0.00861228 -0.00861229 0.0011345 0.00854751 -0.0085475 0.00186611 0.00241864 -0.00241863 0.00943939 0.00836567 -0.00836567 0.00511872 0.0101589 -0.0101589 0.00559404 0.00998022 -0.00998022 0.082443 0.00226642 0.0367255 0.0006472 0.0990534 0.00310961 0.0363559 -0.00119262 0.0712367 0.00163617 0.10506 0.00311276 0.108666 0.00362531 
1536 0.0158283 0.00908245 -0.00908246 0.00162821 0.00533986 -0.00533986 0.0063682 0.0104873 -0.0104873 0.00204195 0.00941661 -0.00941661 0.00123219 0.0060045 -0.0060045 0.00194276 0.0053917 -0.0053917 0.00993919 0.00853654 -0.00853654 0.00541648 0.0102873 -0.0102872 0.00588916 0.0101032 -0.0101032 0.0880316 0.00267498 0.0371836 0.000400378 0.105334 0.00355003 0.0367306 -0.000268964 0.0749122 0.0020225 0.115279 0.00358886 0.118818 0.00408979 
1552 0.0159586 0.00910387 -0.00910387 0.00153112 0.00641201 -0.00641201 0.00636952 0.0097138 -0.00971381 0.00215105 0.00944444 -0.00944443 0.00117394 0.0088361 -0.0088361 0.00209677 0.00394154 -0.00394154 0.00999742 0.00783697 -0.00783697 0.00555479 0.0119081 -0.0119081 0.0059612 0.0117896 -0.0117896 0.092462 0.00349187 0.0392089 0.00081687 0.110083 0.00451044 0.0363959 -4.66526e-05 0.0778665 0.00271393 0.123216 0.00462082 0.126614 0.00519632 
1568 0.0161846 0.00893456 -0.00893455 0.00171327 0.00647416 -0.00647417 0.00643847 0.00928657 -0.00928658 0.00214576 0.0106799 -0.0106799 0.00130644 0.00983212 -0.00983211 0.00191049 0.0024083 -0.00240829 0.0100622 0.00736477 -0.00736477 0.00573554 0.0124457 -0.0124457 0.00612236 0.0123033 -0.0123033 0.0956096 0.0043014 0.0385629 0.00068774 0.113421 0.00588183 0.0363646 -0.000384994 0.0795823 0.00332711 0.129627 0.00602837 0.133064 0.00656431 
1584 0.0165346 0.00887144 -0.00887144 0.0016062 0.00578303 -0.00578303 0.00662753 0.0105939 -0.0105939 0.00220499 0.0103006 -0.0103006 0.00125054 0.00800705 -0.00800704 0.0019289 0.00290967 -0.00290966 0.0101626 0.00806082 -0.00806082 0.00601326 0.0104258 -0.0104258 0.00637201 0.0104848 -0.0104848 0.0979861 0.0047155 0.0384962 -7.76303e-05 0.11568 0.00606328 0.0360037 0.000816176 0.0807794 0.00355054 0.134727 0.00693182 0.138155 0.00743461 
1600 0.0167926 0.00911814 -0.00911815 0.00157017 0.00566304 -0.00566305 0.00673638 0.010643 -0.010643 0.00217244 0.0104576 -0.0104576 0.00115409 0.00903586 -0.00903586 0.00209367 0.00352553 -0.00352552 0.0104002 0.0080632 -0.0080632 0.00605406 0.0112201 -0.0112201 0.00639238 0.0113173 -0.0113173 0.0987431 0.00487996 0.0386238 0.000362531 0.11631 0.00596175 0.0347003 0.000665367 0.0808203 0.00360766 0.137357 0.00715685 0.140586 0.00768823 
1616 0.0170962 0.00945795 -0.00945795 0.00166652 0.00644176 -0.00644176 0.00700549 0.010357 -0.010357 0.00224002 0.00902248 -0.00902248 0.00120527 0.0082239 -0.00822389 0.0020755 0.0035293 -0.0035293 0.0107475 0.00822071 -0.0082207 0.00603318 0.0123999 -0.0123999 0.00634864 0.012332 -0.012332 0.097437 0.00466277 0.0369019 0.000343744 0.114805 0.00576572 0.0327225 0.000451882 0.079102 0.00341776 0.137128 0.00670554 0.140263 0.00727181 
1632 0.0176551 0.00847352 -0.00847353 0.00175034 0.00667739 -0.0066774 0.00709029 0.0103069 -0.0103069 0.00238589 0.0088118 -0.0088118 0.00137529 0.0061721 -0.00617209 0.00239217 0.0018755 -0.0018755 0.0112328 0.00762907 -0.00762906 0.00613606 0.0101286 -0.0101286 0.00642235 0.0101566 -0.0101566 0.0956667 0.00428204 0.0358812 6.80671e-05 0.112294 0.00487406 0.0304145 0.000851956 0.0769889 0.00298071 0.136214 0.00664332 0.139332 0.0071215 
1648 0.0172165 0.00861269 -0.00861269 0.00174645 0.00664535 -0.00664536 0.00701837 0.0103719 -0.0103719 0.00239626 0.0080342 -0.0080342 0.00121831 0.00640772 -0.00640772 0.00215017 0.00237134 -0.00237134 0.010915 0.00780616 -0.00780616 0.00603999 0.010653 -0.010653 0.00630152 0.0105689 -0.0105689 0.0929308 0.00427589 0.0332266 0.000313339 0.109943 0.00496791 0.028085 3.68031e-05 0.0745312 0.00284054 0.132941 0.00689639 0.135949 0.00746581 
1664 0.0173561 0.00806218 -0.00806219 0.00174628 0.00686634 -0.00686636 0.00703898 0.00941227 -0.00941226 0.00215447 0.00929385 -0.00929384 0.0012216 0.00558597 -0.00558598 0.0022169 0.00432674 -0.00432673 0.0110022 0.00765576 -0.00765576 0.00607835 0.00906309 -0.00906309 0.0063539 0.00882827 -0.00882827 0.0887795 0.00409424 0.0307879 -0.000510129 0.104924 0.00534714 0.02548 0.00067641 0.070631 0.00311011 0.12805 0.0056729 0.131004 0.00617541 
1680 0.017744 0.00727494 -0.00727494 0.00190579 0.00399284 -0.00399284 0.00730845 0.00850803 -0.00850803 0.00221995 0.00651789 -0.00651789 0.00117871 0.00358447 -0.00358446 0.00234641 0.00292866 -0.00292866 0.0115607 0.0064656 -0.0064656 0.00594435 0.00922447 -0.00922447 0.0061833 0.0091606 -0.0091606 0.0841834 0.0032208 0.0286892 0.000255285 0.0988118 0.00414489 0.0235685 -4.7138e-05 0.0663345 0.00242745 0.123077 0.00457613 0.125808 0.00493027 
1696 0.0176187 0.00732455 -0.00732456 0.00190036 0.00491739 -0.00491739 0.00716899 0.00897828 -0.0089783 0.00215805 0.00625351 -0.00625351 0.00125332 0.00155687 -0.00155686 0.00235289 0.00321847 -0.00321848 0.0114223 0.00679223 -0.00679223 0.00596389 0.00815267 -0.00815266 0.00619644 0.00818663 -0.00818663 0.0790918 0.00309995 0.0261515 0.000818969 0.0924496 0.00367723 0.0200914 0.000746673 0.0613863 0.00240249 0.117673 0.00414207 0.120402 0.0046234 
1712 0.0176913 0.00747433 -0.00747433 0.0018959 0.00617454 -0.00617454 0.00726133 0.00826857 -0.00826857 0.00219474 0.00585221 -0.0058522 0.00119658 0.00287226 -0.00287225 0.00234277 0.00285982 -0.00285981 0.0115 0.00672868 -0.00672869 0.00592538 0.00920728 -0.00920727 0.00619128 0.00907415 -0.00907414 0.0739535 0.00256303 0.023879 -0.00106736 0.0862344 0.00352206 0.0187843 0.00106478 0.0572545 0.00206631 0.110225 0.00297531 0.112905 0.00351226 
1728 0.0182781 0.00709085 -0.00709085 0.00211143 0.00686347 -0.00686347 0.00727801 0.0080756 -0.00807559 0.00207447 0.00527709 -0.00527708 0.00128785 0.00425343 -0.00425343 0.00275628 0.00209634 -0.00209634 0.0121457 0.00658982 -0.00658982 0.00587474 0.00814453 -0.00814452 0.00613239 0.00808418 -0.00808418 0.0682966 0.00192669 0.0214202 0.000150331 0.0799164 0.00280374 0.0162906 5.86317e-05 0.0526313 0.00166083 0.102489 0.00202631 0.104989 0.00234196 
1744 0.0179651 0.00726323 -0.00726323 0.00217586 0.0050852 -0.00508521 0.00721679 0.00823456 -0.00823456 0.00200988 0.00563006 -0.00563006 0.00140155 0.00440603 -0.00440603 0.00257237 0.0048504 -0.00485039 0.011965 0.00707863 -0.00707863 0.00577603 0.00792359 -0.00792359 0.00600013 0.00786863 -0.00786864 0.0625845 0.00197177 0.0191146 0.000862377 0.0726097 0.00273589 0.0136963 0.000629558 0.0474656 0.00188634 0.0955111 0.00175643 0.0978792 0.00200404 
1760 0.0178371 0.00668456 -0.00668455 0.00213713 0.0048157 -0.00481571 0.00731451 0.00737281 -0.00737282 0.00205565 0.0075463 -0.0075463 0.00141197 0.00419439 -0.00419439 0.00241126 0.00274107 -0.00274106 0.0118629 0.00592045 -0.00592044 0.00574245 0.00867397 -0.00867399 0.00597419 0.00856191 -0.00856191 0.0574988 0.00163841 0.0162759 -0.000531438 0.0661536 0.00257012 0.0129654 0.00028968 0.0431927 0.00144004 0.0885876 0.00180209 0.0908696 0.001979 
1776 0.0183392 0.0060633 -0.00606329 0.00208269 0.00357436 -0.00357435 0.00749264 0.00729503 -0.00729504 0.00218661 0.00511674 -0.00511674 0.00140944 0.00449298 -0.00449297 0.00272108 0.00106841 -0.0010684 0.0122964 0.00517944 -0.00517945 0.0057662 0.00819007 -0.00819006 0.00604277 0.00815045 -0.00815045 0.0522214 0.0012224 0.0149425 0.000390133 0.0603026 0.00159437 0.00911125 0.000818724 0.038693 0.00126109 0.0816534 0.000849016 0.0838487 0.000947036 
1792 0.018788 0.00646311 -0.00646312 0.00211025 0.00186466 -0.00186465 0.00768767 0.00773904 -0.00773904 0.00224649 0.0055909 -0.00559089 0.00135452 0.00430642 -0.00430642 0.00272426 0.00320465 -0.00320465 0.0125222 0.00581216 -0.00581216 0.00595152 0.00810677 -0.00810677 0.00626585 0.00804634 -0.00804634 0.047327 0.000757594 0.0129438 -0.000236213 0.0541844 0.00187526 0.00829908 0.000165063 0.034711 0.00106904 0.0747181 -0.000115636 0.0768438 -0.000107284 
1808 0.0188856 0.00695301 -0.00695301 0.0020803 0.00325825 -0.00325825 0.00783338 0.0076343 -0.0076343 0.00212897 0.00705923 -0.00705923 0.00138881 0.0038412 -0.0038412 0.00287345 0.00545266 -0.00545265 0.0127871 0.00657233 -0.00657233 0.00584975 0.00778921 -0.00778921 0.00609841 0.0078326 -0.0078326 0.0429131 0.000479935 0.011209 -0.000217357 0.0482687 0.00142575 0.00705445 -0.000118289 0.0308242 0.000782492 0.0691569 -0.000368995 0.0712504 -0.000343565 
1824 0.0191268 0.00682499 -0.00682498 0.00214816 0.00427044 -0.00427044 0.00775555 0.00805529 -0.0080553 0.00224737 0.00553297 -0.00553297 0.00135966 0.00414336 -0.00414335 0.00293879 0.00415894 -0.00415894 0.0128425 0.00663303 -0.00663305 0.00604428 0.00692966 -0.00692966 0.00628428 0.00703746 -0.00703747 0.0387667 4.22766e-05 0.010266 6.14541e-05 0.0437017 0.000315585 0.00518509 0.000151729 0.0275514 0.000259069 0.0631043 -0.000596389 0.0650932 -0.000633537 
1840 0.0194752 0.0066573 -0.00665731 0.00218625 0.00442496 -0.00442497 0.00782716 0.00829516 -0.00829516 0.00238543 0.0070066 -0.0070066 0.00147968 0.00379214 -0.00379214 0.00303524 0.00257481 -0.0025748 0.0130487 0.00605945 -0.00605945 0.00618922 0.00787962 -0.00787961 0.00642656 0.00782546 -0.00782546 0.0348141 -4.50094e-05 0.00804453 -0.000664401 0.0389013 -0.000232925 0.00501184 0.000461816 0.0244288 -0.000143796 0.0572729 5.41143e-07 0.0592089 -2.62357e-05 
1856 0.0200661 0.007039 -0.00703901 0.00245405 0.00383395 -0.00383396 0.00805555 0.00791879 -0.0079188 0.00241153 0.0078022 -0.0078022 0.00154847 0.00868824 -0.00868824 0.00298506 0.0044285 -0.00442849 0.0134947 0.00637454 -0.00637454 0.0063328 0.00815591 -0.00815589 0.00657145 0.00825498 -0.00825497 0.0314288 -0.00020309 0.00758299 -0.00066854 0.0345328 -0.000181285 0.00390081 -8.11646e-05 0.0216949 -0.000168922 0.0523415 -0.000334404 0.054264 -0.000351943 
1872 0.0196796 0.00700569 -0.00700569 0.00245873 0.00355121 -0.00355121 0.00766256 0.00824697 -0.00824699 0.00241127 0.00598404 -0.00598404 0.00160195 0.0057298 -0.00572979 0.0030802 0.00453995 -0.00453996 0.0132015 0.00662515 -0.00662514 0.00623158 0.0077669 -0.0077669 0.00647814 0.00776053 -0.00776052 0.0290854 -0.000245714 0.00672066 -0.000561173 0.0319613 -5.94703e-05 0.00321523 0.000448389 0.0198835 1.18403e-05 0.0488667 -0.000843047 0.050734 -0.000894913 
1888 0.0199279 0.0062208 -0.00622079 0.00221896 0.00639511 -0.00639512 0.00780488 0.00703018 -0.00703019 0.00251647 0.00590309 -0.00590309 0.00130032 0.00594706 -0.00594706 0.0031589 0.00281113 -0.00281113 0.0131828 0.00604286 -0.00604287 0.00648875 0.00697362 -0.00697361 0.00674512 0.00688982 -0.00688982 0.0262656 -0.000572811 0.00609961 -0.000813619 0.0286097 1.66786e-05 0.00294674 0.00105567 0.0178128 0.000113115 0.0441874 -0.00238361 0.0461126 -0.00229769 
1904 0.0200778 0.00627575 -0.00627574 0.00236673 0.00450522 -0.00450522 0.00814282 0.00607465 -0.00607465 0.00249706 0.00639081 -0.00639082 0.00142374 0.0031689 -0.0031689 0.00294289 0.00438049 -0.00438049 0.0134524 0.00544474 -0.00544474 0.00638864 0.0082796 -0.0082796 0.00662532 0.00824115 -0.00824115 0.0236753 -0.000364519 0.00567119 0.000260128 0.0260193 0.000149 0.00310762 -0.000210383 0.0162843 6.69069e-05 0.0391431 -0.00154304 0.0410545 -0.00148896 
1920 0.0204324 0.00590371 -0.00590371 0.00255925 0.0022754 -0.0022754 0.00779733 0.00684813 -0.00684813 0.00250729 0.00860556 -0.00860555 0.00148718 0.000900511 -0.000900513 0.00303226 0.0025299 -0.00252991 0.0133888 0.00500344 -0.00500344 0.00681089 0.0082852 -0.00828519 0.00704358 0.00811092 -0.00811092 0.022438 -0.000300206 0.00570873 0.000105654 0.0244142 -0.000557369 0.00248413 0.00045475 0.0153074 -0.00012091 0.0375187 -0.000734425 0.0392627 -0.000845778 
1936 0.0207558 0.00605654 -0.00605655 0.00244437 0.00227472 -0.00227473 0.00823729 0.00609618 -0.00609618 0.00260029 0.0068935 -0.0068935 0.00146277 0.00355205 -0.00355205 0.00311102 0.00312322 -0.00312323 0.0137927 0.00489642 -0.00489643 0.00671949 0.00896905 -0.00896905 0.00696309 0.00883508 -0.00883508 0.0208238 -0.000598059 0.00477226 -0.000351502 0.0220534 -0.000570932 0.00196655 0.000177812 0.013712 -0.000289061 0.0359114 -0.00124112 0.0376268 -0.00138371 
1952 0.021022 0.00575405 -0.00575407 0.0025156 0.00100394 -0.00100393 0.00822508 0.00774827 -0.00774828 0.00260321 0.00481668 -0.00481668 0.00153142 0.00209361 -0.00209361 0.0032296 0.00276603 -0.00276603 0.0139703 0.00532006 -0.00532006 0.00684615 0.00688163 -0.00688163 0.00705171 0.00682581 -0.00682581 0.019321 -0.000412428 0.0045193 0.000719124 0.020151 -0.000304105 0.0018675 0.000177575 0.0125549 -4.78394e-05 0.0336801 -0.00133047 0.0353802 -0.00135706 
1968 0.0208266 0.00556148 -0.00556148 0.00242084 0.0040017 -0.00400171 0.00832887 0.00610435 -0.00610434 0.00242375 0.00581545 -0.00581546 0.00157363 0.00203093 -0.00203094 0.00321224 0.00295146 -0.00295146 0.013962 0.00508734 -0.00508734 0.00663441 0.00687775 -0.00687774 0.00686465 0.00680265 -0.00680265 0.0186156 -0.000560733 0.00409789 -2.26601e-05 0.0195751 -0.000541939 0.00214799 6.61931e-05 0.0122122 -0.000312976 0.0320561 -0.00135729 0.0338657 -0.00125117 
1984 0.0206568 0.00527889 -0.00527889 0.00247224 0.00213195 -0.00213196 0.00819751 0.0067621 -0.00676209 0.00238745 0.00678991 -0.00678991 0.00156253 0.0019825 -0.00198249 0.00321146 0.0025107 -0.0025107 0.0138812 0.00499921 -0.0049992 0.00655179 0.00610736 -0.00610735 0.00677555 0.00597084 -0.00597084 0.0181406 -0.000615123 0.0032144 -0.00139721 0.0192564 -0.000392049 0.00304727 0.000236229 0.0121364 -0.000443187 0.0306688 -0.00113629 0.0324568 -0.00106444 
2000 0.0209323 0.00553463 -0.00553463 0.00243986 0.00342374 -0.00342374 0.00868869 0.00682896 -0.00682898 0.00249598 0.006095 -0.006095 0.00149275 0.00474736 -0.00474736 0.00307013 0.00238675 -0.00238675 0.0141987 0.0051137 -0.0051137 0.00650724 0.00660577 -0.00660577 0.0067336 0.00646675 -0.00646675 0.0174245 -0.000395845 0.0034497 -0.000421752 0.0189452 1.18466e-05 0.00210995 0.000462106 0.0117347 1.23383e-05 0.0296026 -0.00151484 0.0310599 -0.00148114 
2016 0.0207016 0.00571677 -0.00571677 0.00247357 0.00349034 -0.00349035 0.00843326 0.00726904 -0.00726904 0.00231154 0.00445938 -0.00445938 0.00159223 0.00757139 -0.00757139 0.00308705 0.00321538 -0.00321538 0.0139939 0.00568788 -0.00568788 0.00646102 0.00574959 -0.00574957 0.00670774 0.00560879 -0.00560878 0.0169257 -0.000402917 0.00327599 -0.000608405 0.0179626 0.000271408 0.00267945 -0.000403377 0.0112659 -8.50386e-05 0.0291567 -0.00143728 0.0305989 -0.00123502 
2032 0.0212253 0.00515408 -0.0051541 0.00242066 0.00215427 -0.00215427 0.00850524 0.00653388 -0.00653388 0.00228043 0.00358209 -0.00358209 0.0016294 0.00514491 -0.00514491 0.00331509 0.00259014 -0.00259014 0.014241 0.00499776 -0.00499776 0.0067717 0.00570084 -0.00570083 0.00698435 0.00562461 -0.00562462 0.0168843 -0.000102145 0.00257683 0.000165927 0.0181501 0.000334042 0.003253 0.000411139 0.0114394 0.000347004 0.0284803 -0.00120864 0.0299958 -0.00117633 
2048 0.0214148 0.00517583 -0.00517584 0.002521 0.00343615 -0.00343615 0.00864814 0.00619459 -0.0061946 0.00238799 0.00425652 -0.00425652 0.0016398 0.00626837 -0.00626836 0.00318012 0.00027882 -0.000278827 0.0143493 0.00435686 -0.00435685 0.006824 0.00704376 -0.00704376 0.00706555 0.00697785 -0.00697786 0.0175259 -0.000205073 0.00333004 -0.00102884 0.0190435 0.000831726 0.00358072 -6.2824e-05 0.0121647 0.000332073 0.0289343 -0.00152382 0.0303609 -0.0015851 
2064 0.0209774 0.00518679 -0.00518678 0.00249873 0.00425087 -0.00425088 0.00832535 0.00598833 -0.00598833 0.00245907 0.00542165 -0.00542165 0.00160014 0.00238537 -0.00238536 0.00317948 0.00162064 -0.00162064 0.0140036 0.00472353 -0.00472353 0.00674896 0.00590452 -0.00590451 0.00697377 0.00598115 -0.00598115 0.0177184 -4.27069e-05 0.00337368 0.00106818 0.018875 0.000462087 0.00418846 -0.000169832 0.0122855 0.000402814 0.0292966 -0.00124409 0.0307854 -0.00117059 
2080 0.0211118 0.00478645 -0.00478645 0.00254078 0.00501191 -0.0050119 0.00841611 0.00530353 -0.00530352 0.0023628 0.0058854 -0.00588539 0.00164823 0.000935889 -0.000935885 0.0034499 0.000279249 -0.000279254 0.0144068 0.00407578 -0.00407578 0.00651065 0.00652451 -0.00652451 0.00670499 0.00662835 -0.00662835 0.017269 -3.95771e-06 0.00365474 0.000674345 0.0185334 -4.34271e-05 0.00389077 0.000737478 0.0119732 0.000280776 0.0286388 -0.000793683 0.030093 -0.00074214 
2096 0.0212455 0.00375784 -0.00375784 0.00263491 0.0022129 -0.0022129 0.00856205 0.00403891 -0.00403891 0.00232962 0.00560415 -0.00560415 0.00163288 -0.000249295 0.000249302 0.00337741 -0.000379988 0.000379995 0.0145744 0.0027922 -0.00279219 0.00649518 0.00600514 -0.00600514 0.00667109 0.00591118 -0.00591119 0.0175343 -0.000365105 0.0032852 -2.11432e-05 0.0192619 6.20543e-05 0.00335596 -0.000243034 0.0122224 -6.26174e-05 0.029038 -0.00100253 0.0302943 -0.00118949 
2112 0.0209559 0.00449881 -0.00449881 0.0023822 0.00288499 -0.00288499 0.00829901 0.00503134 -0.00503135 0.00235022 0.00505896 -0.00505896 0.00162429 0.0025183 -0.00251829 0.00345748 0.000986873 -0.000986884 0.0141387 0.00390713 -0.00390713 0.00662871 0.00579977 -0.00579977 0.00681724 0.00588526 -0.00588526 0.0177202 -0.000110483 0.00354949 0.00066829 0.0196674 0.000380965 0.00337658 0.000489405 0.0124913 0.000457472 0.0289904 -0.00128877 0.0302866 -0.00148103 
2128 0.0213939 0.00363048 -0.00363049 0.00247363 0.00175069 -0.00175069 0.00853783 0.00421374 -0.00421374 0.0023922 0.00396559 -0.00396559 0.00160557 0.00266057 -0.00266056 0.00360815 -0.000116944 0.000116941 0.0146196 0.00290229 -0.0029023 0.00659526 0.00528684 -0.00528683 0.00677426 0.00540423 -0.00540423 0.0182627 -0.000204371 0.00426128 -0.000625239 0.0204886 0.000293871 0.00364085 0.000696946 0.01313 0.000230438 0.0293389 -0.00128826 0.0306211 -0.00129004 
2144 0.0211888 0.00403025 -0.00403025 0.00261472 0.00304804 -0.00304804 0.00849758 0.00404587 -0.00404588 0.00244417 0.00403531 -0.00403531 0.00167662 0.00579799 -0.00579799 0.00346299 0.000867977 -0.000867971 0.0145753 0.00323629 -0.00323629 0.00644083 0.00577782 -0.00577781 0.00661355 0.00578388 -0.00578387 0.0186124 -0.000339869 0.00366604 0.00063493 0.0212134 -0.000355956 0.00323064 -0.000134849 0.0133757 -9.46737e-05 0.0299458 -0.00124558 0.0312595 -0.00108336 
2160 0.0211539 0.00349653 -0.00349653 0.00267264 0.00278066 -0.00278066 0.00832603 0.00420756 -0.00420756 0.00232299 0.00400378 -0.00400378 0.00167136 0.00401312 -0.00401312 0.00349673 -9.95869e-05 9.95866e-05 0.0144954 0.00310549 -0.00310549 0.00650845 0.00438943 -0.00438942 0.00665855 0.00443495 -0.00443494 0.0185259 -0.000318992 0.0038556 6.03854e-06 0.0206214 5.88634e-05 0.0040416 -1.13591e-05 0.0132814 8.08617e-05 0.0299496 -0.00160238 0.0313005 -0.0014624 
2176 0.0210308 0.00385244 -0.00385243 0.0026985 0.00407357 -0.00407357 0.00831275 0.00362543 -0.00362543 0.00239398 0.00250554 -0.00250553 0.00164722 0.00178278 -0.00178278 0.00348878 0.00190432 -0.00190432 0.0145 0.00348042 -0.00348042 0.00636434 0.00475611 -0.00475611 0.00653078 0.00472815 -0.00472814 0.0183331 -0.000223742 0.00348365 -0.000761305 0.0205819 0.000635909 0.00383228 0.000465359 0.0131408 0.000356484 0.0295737 -0.00172992 0.0308329 -0.00174722 
2192 0.0210286 0.00286939 -0.00286939 0.00280964 0.00234922 -0.00234923 0.0082233 0.00229076 -0.00229076 0.00223614 0.00497362 -0.00497362 0.00161249 0.00221594 -0.00221593 0.00348261 0.00208291 -0.00208291 0.0145156 0.0024075 -0.00240749 0.00632553 0.00386824 -0.00386824 0.00651302 0.00386085 -0.00386085 0.0185199 0.000347583 0.00392351 -0.000191748 0.0211842 0.000876124 0.00331713 7.83966e-06 0.0134235 0.000439692 0.0297054 0.000160919 0.0308195 0.000111791 
2208 0.021024 0.00345274 -0.00345274 0.00262208 0.00228331 -0.00228332 0.00815858 0.00364875 -0.00364874 0.00249996 0.00242472 -0.00242473 0.00160573 0.00453771 -0.00453771 0.00366017 0.00259798 -0.00259798 0.0144408 0.00321898 -0.00321899 0.00638183 0.00381106 -0.00381105 0.00658323 0.00381774 -0.00381774 0.0186508 -0.000134087 0.00440101 0.000155201 0.0210422 0.000252939 0.00430523 -0.000110944 0.0136398 0.000220641 0.0295865 -0.00107252 0.0307511 -0.00108979 
2224 0.0214052 0.00266186 -0.00266186 0.00265735 0.00305931 -0.00305932 0.00833374 0.00275576 -0.00275577 0.00240441 0.00468067 -0.00468067 0.00165058 0.00462027 -0.00462027 0.00373338 -0.000739716 0.000739721 0.0147245 0.00195523 -0.00195524 0.00652404 0.00399979 -0.00399979 0.00668072 0.00407273 -0.00407273 0.0186039 -0.000480197 0.00319078 -0.000973715 0.0214022 0.000629665 0.00378978 0.000100093 0.0135029 0.000208857 0.0295971 -0.00217289 0.0307712 -0.00219052 
2240 0.0213071 0.0021952 -0.00219519 0.00279648 0.00154048 -0.00154047 0.00831323 0.00194048 -0.00194048 0.0024664 0.00320758 -0.00320757 0.00172944 0.00130513 -0.00130512 0.00338736 0.000791905 -0.0007919 0.0144971 0.00183671 -0.0018367 0.00664265 0.00317051 -0.0031705 0.00681 0.00316671 -0.00316671 0.0188748 6.82063e-05 0.00496103 -0.000146068 0.021614 0.000419673 0.00290177 0.000322963 0.0137287 0.000324919 0.0300819 -0.000767569 0.0311922 -0.000733056 
2256 0.0211099 0.00260439 -0.00260438 0.00258382 0.0023287 -0.0023287 0.0081995 0.00334147 -0.00334148 0.00236923 0.00220004 -0.00220004 0.00153719 0.00234905 -0.00234905 0.00360501 -2.75157e-05 2.7516e-05 0.0143883 0.00250347 -0.00250346 0.00655608 0.00280267 -0.00280266 0.0067216 0.00284119 -0.00284119 0.0185267 0.000206034 0.00322301 -2.89246e-05 0.0213625 0.000173912 0.00432762 -8.38829e-05 0.0136003 0.000193579 0.02923 -3.9776e-05 0.0304215 2.63426e-05 
2272 0.0212436 0.00237472 -0.00237472 0.00278928 0.00118947 -0.00118947 0.00846346 0.00306004 -0.00306003 0.00238181 -0.000233258 0.000233257 0.00157962 0.00317125 -0.00317124 0.00358226 0.00145506 -0.00145505 0.014835 0.0023926 -0.0023926 0.00623153 0.00215196 -0.00215196 0.00640855 0.00225196 -0.00225196 0.0177389 -9.8054e-05 0.00277237 -0.000187472 0.0203941 -0.000508171 0.00363141 0.0007003 0.0128519 -0.000105797 0.0284731 -0.000138903 0.0295687 -0.000212213 
2288 0.021215 0.00138054 -0.00138054 0.00257314 -0.000207166 0.00020716 0.00862534 0.00226884 -0.00226885 0.0023163 0.000319417 -0.000319417 0.00153332 0.00139465 -0.00139465 0.00371177 0.000942719 -0.000942722 0.0149103 0.00156253 -0.00156253 0.00613396 0.000871407 -0.000871406 0.00630473 0.000976999 -0.000976996 0.0176944 -0.000371539 0.00392855 -0.00090986 0.0204855 -8.6552e-05 0.00321106 0.000423534 0.0130242 -4.1882e-05 0.0279781 -0.00119585 0.0289706 -0.00127649 
2304 0.0211016 0.00157392 -0.00157391 0.00278372 -0.00058919 0.000589187 0.00839725 0.0017362 -0.00173621 0.00228982 -0.000573264 0.000573265 0.00162061 0.0011967 -0.0011967 0.00366224 0.000998329 -0.000998335 0.0148432 0.00113541 -0.0011354 0.00609447 0.00262086 -0.00262086 0.00625836 0.00239994 -0.00239994 0.0177036 -3.08114e-06 0.00345623 0.000119425 0.0213321 0.00106317 0.00278817 8.2788e-05 0.0132725 0.000717481 0.0272556 -0.00189263 0.0284975 -0.00177004 
2320 0.0209618 0.0016032 -0.0016032 0.00270926 0.000181367 -0.000181366 0.00814202 0.00242082 -0.00242082 0.00238183 0.000956407 -0.000956397 0.00160326 0.00113753 -0.00113753 0.00359187 -0.00134553 0.00134553 0.0144432 0.00120323 -0.00120323 0.00636154 0.00264068 -0.00264068 0.00651867 0.0024601 -0.0024601 0.0177875 -4.20291e-05 0.00353654 4.75307e-05 0.0207197 0.000600979 0.00302172 0.000851052 0.0130868 0.000584737 0.0277999 -0.00161426 0.0290918 -0.00159929 
2336 0.0208767 0.00168025 -0.00168024 0.00269541 0.00022883 -0.000228834 0.00819618 0.00178289 -0.00178289 0.00237712 0.00148296 -0.00148295 0.00162566 0.000352178 -0.00035217 0.0036001 0.000225188 -0.00022519 0.0144917 0.00122772 -0.00122771 0.00622501 0.0027867 -0.00278669 0.00638502 0.00278693 -0.00278692 0.0182456 -0.000417378 0.00396184 -0.00150788 0.0210545 0.00043977 0.00365062 7.31589e-05 0.0135103 -2.39483e-05 0.0282728 -0.00148855 0.0294938 -0.00147873 
2352 0.0214 0.00175074 -0.00175074 0.0026215 0.00177673 -0.00177673 0.00836443 0.00195767 -0.00195768 0.00248156 0.002013 -0.00201299 0.00153048 0.00250843 -0.00250843 0.00370615 0.00105152 -0.00105152 0.0146921 0.00178273 -0.00178273 0.00654468 0.00168029 -0.00168027 0.00670789 0.00175967 -0.00175966 0.0177863 0.000106017 0.00385399 0.000284144 0.0210777 -1.81277e-05 0.00287852 0.000588987 0.0132612 0.000212097 0.0275819 -0.0002256 0.0287158 -0.000254996 
2368 0.0212589 0.00109427 -0.00109427 0.00269651 0.00149433 -0.00149433 0.00826525 0.000783625 -0.000783629 0.00248188 0.00337571 -0.0033757 0.00151095 0.000467144 -0.000467143 0.00369195 -4.88277e-05 4.88277e-05 0.0146537 0.000675427 -0.000675424 0.0064237 0.00213037 -0.00213036 0.00660517 0.00203453 -0.00203453 0.0174849 -0.000261567 0.00286108 -0.000856145 0.020361 -0.000249606 0.00408264 0.00101487 0.012965 -3.63077e-05 0.0272616 -0.000714448 0.0285067 -0.000878241 
2384 0.0208256 0.000961061 -0.000961063 0.00252822 0.00184448 -0.00184448 0.00819272 1.55649e-05 -1.55689e-05 0.00234551 0.00290183 -0.00290183 0.00157373 -0.000933195 0.000933202 0.00366077 -0.000119323 0.000119326 0.0143817 0.000398589 -0.00039858 0.00628315 0.00237991 -0.00237991 0.00644393 0.00237553 -0.00237553 0.0173829 -0.000410605 0.00350362 -0.000425542 0.0201037 4.04714e-06 0.00390012 -0.000279908 0.0128653 -0.000164732 0.0270237 -0.00090563 0.0283042 -0.000995481 
2400 0.0212791 0.00131105 -0.00131105 0.00267308 0.00221486 -0.00221486 0.00831586 0.0012005 -0.0012005 0.00236289 0.00190223 -0.00190224 0.00155584 0.00344788 -0.00344787 0.00370022 -0.000590858 0.000590851 0.0146892 0.00109382 -0.00109382 0.00644955 0.0017852 -0.0017852 0.00658995 0.00194925 -0.00194925 0.0171273 -0.000344332 0.00306753 -0.000547286 0.0202074 -7.2222e-05 0.0035511 0.000974395 0.0127738 0.000154621 0.0262434 -0.00166293 0.0275644 -0.00164842 
2416 0.0211622 0.00177615 -0.00177617 0.00257863 0.00177407 -0.00177407 0.00822251 0.00131798 -0.00131799 0.0024966 0.00322264 -0.00322264 0.00171006 -0.0010392 0.0010392 0.00365052 -0.000868399 0.000868397 0.0144517 0.00110523 -0.00110524 0.00652406 0.00320041 -0.00320042 0.00671058 0.00338878 -0.00338879 0.0177251 -0.00011571 0.00276225 -0.000887866 0.0212957 0.000712658 0.00344013 0.000593881 0.0132792 0.000354717 0.0268331 -0.00131563 0.0283234 -0.00130827 
2432 0.0213408 0.000386648 -0.000386652 0.00262713 0.00110869 -0.0011087 0.00813195 0.000576314 -0.000576319 0.00250892 0.00373342 -0.00373342 0.00161555 -0.00122857 0.00122858 0.00357341 -0.00375489 0.00375489 0.0143325 -0.000328628 0.000328633 0.00679981 0.00176099 -0.00176098 0.00700831 0.00201954 -0.00201954 0.0173992 -5.28583e-05 0.00293733 -0.000668261 0.0209279 0.000705849 0.00289679 0.000278104 0.0130285 0.000381165 0.0264011 -0.00112064 0.0278182 -0.00119258 
2448 0.0213773 0.000625632 -0.000625643 0.00271416 -0.000622231 0.000622232 0.00826754 -6.64471e-05 6.64506e-05 0.00253285 0.00185242 -0.00185241 0.00166456 -0.00180286 0.00180286 0.00373809 -0.00152976 0.00152977 0.0147198 -0.00027883 0.000278825 0.00647175 0.00274138 -0.00274138 0.00665749 0.00276778 -0.00276778 0.0170345 -0.000506509 0.0032353 -0.00138791 0.0199918 8.26257e-06 0.00353836 -0.00026857 0.0127566 -0.000315704 0.0259264 -0.000964235 0.027193 -0.000989796 
2464 0.0210739 0.00131528 -0.00131528 0.00260192 0.00220428 -0.00220429 0.00820298 0.000920537 -0.000920543 0.00241557 0.00413698 -0.00413698 0.00161068 0.000581888 -0.000581888 0.00357541 -0.00176878 0.00176877 0.0143803 0.00062289 -0.000622881 0.00650398 0.00310944 -0.00310943 0.00669364 0.00300569 -0.00300569 0.0171346 -0.000313884 0.00334682 -0.000283271 0.020026 -0.000276212 0.00390847 0.000465378 0.0128315 -0.000134168 0.0260632 -0.000763821 0.027262 -0.000771869 
2480 0.0217733 0.00152135 -0.00152135 0.00285233 0.00364397 -0.00364397 0.00838241 0.00104522 -0.00104523 0.00257368 0.00165934 -0.00165934 0.00162921 0.000648161 -0.000648158 0.00379667 -0.00130312 0.00130312 0.0150314 0.00101146 -0.00101146 0.00658287 0.00293119 -0.00293119 0.00674192 0.00297637 -0.00297637 0.017683 5.30469e-05 0.00334486 -0.000496213 0.0209907 0.000616355 0.00382931 0.00101597 0.0133941 0.000518302 0.0266049 -0.00108769 0.0277944 -0.00113854 
2496 0.0215769 0.000896304 -0.000896308 0.00281225 0.00135708 -0.00135709 0.00823053 0.00123836 -0.00123837 0.00246038 0.000151502 -0.000151502 0.00167698 -0.00304878 0.00304878 0.00377411 -0.00160083 0.00160083 0.0148169 0.000778161 -0.000778162 0.00657668 0.00111118 -0.00111119 0.00676001 0.00105289 -0.00105289 0.0174508 -0.000427415 0.00389379 -0.000369419 0.0209679 0.000196157 0.00266022 -0.000484853 0.0131797 -6.85923e-05 0.0263364 -0.00118361 0.0275321 -0.00127941 
2512 0.0217147 0.00101808 -0.00101808 0.00281096 0.00236044 -0.00236045 0.0081086 0.000945756 -0.000945754 0.00242337 0.00196689 -0.00196689 0.00172447 0.00107614 -0.00107614 0.00404107 1.78017e-05 -1.78014e-05 0.0149607 0.00101435 -0.00101435 0.00659529 0.00114828 -0.00114826 0.00675407 0.0011993 -0.00119929 0.0170595 -0.000416511 0.00340462 -0.000682955 0.020407 2.36277e-05 0.00317336 -0.000157681 0.0128492 -0.00013103 0.0259303 -0.000985299 0.0271515 -0.00104695 
2528 0.0211805 0.00110993 -0.00110993 0.00297984 0.00255498 -0.00255498 0.00810555 0.00134853 -0.00134854 0.00237986 -0.000772149 0.000772143 0.00181282 0.00321181 -0.00321181 0.00357976 -0.000968196 0.000968203 0.0146652 0.00113389 -0.00113389 0.00636011 0.000994117 -0.000994116 0.00651537 0.00109461 -0.00109461 0.0173379 -0.000159473 0.00328842 0.000228559 0.0202555 0.000163436 0.00285768 0.000341281 0.0127177 0.000179899 0.0270811 -0.00085243 0.0282672 -0.00103621 
2544 0.0214942 0.000288001 -0.000288003 0.00275062 0.0022389 -0.0022389 0.00846203 0.00130431 -0.00130431 0.00221945 0.000637611 -0.000637605 0.00177665 0.001471 -0.001471 0.00367498 -0.00354899 0.00354899 0.0148876 0.000303416 -0.00030341 0.00645715 2.79423e-05 -2.79346e-05 0.0066066 0.000183086 -0.000183081 0.0173764 -0.000330509 0.00304537 -0.000245701 0.0200687 -0.000292719 0.00234475 -0.000283433 0.0124323 -0.000275391 0.0278686 -0.0005206 0.0290197 -0.000656687 
2560 0.02158 0.000415884 -0.000415897 0.00280617 0.000522768 -0.000522766 0.00849066 0.00100839 -0.00100839 0.00221633 0.000330133 -0.000330132 0.00172456 0.00173186 -0.00173185 0.00366812 -0.00325048 0.00325048 0.014965 9.18994e-05 -9.18963e-05 0.00644976 0.00107695 -0.00107695 0.00661508 0.00116048 -0.00116048 0.0170272 -0.000106675 0.00353258 -0.00107656 0.0200661 0.000212357 0.0019264 -0.00022459 0.0124428 -0.000123117 0.0268513 -8.768e-06 0.0279591 -0.000197682 
2576 0.0215718 0.000944229 -0.000944232 0.00277251 0.00017877 -0.000178777 0.00844614 0.00239021 -0.00239022 0.00225409 -0.00185407 0.00185408 0.00185763 0.000514428 -0.000514423 0.00375955 -0.00157153 0.00157153 0.0149782 0.00130795 -0.00130796 0.00641202 0.000146613 -0.000146604 0.00659355 0.000175328 -0.000175322 0.0169394 -0.000180252 0.00272885 -0.000487358 0.0205133 0.000213293 0.00220529 -0.000151203 0.0126136 -4.01969e-05 0.0261017 -0.000383975 0.0272422 -0.000526988 
2592 0.021541 0.000626297 -0.000626288 0.00276308 0.000166181 -0.000166172 0.00863804 0.000748835 -0.000748842 0.00222898 -0.0007545 0.000754504 0.00172837 0.00213933 -0.00213933 0.00377601 -0.000387628 0.000387633 0.0151771 0.000579605 -0.000579611 0.00623644 0.000775124 -0.000775124 0.00636391 0.00074321 -0.000743208 0.0165817 -0.000277397 0.00222151 0.000513361 0.020155 -0.000480922 0.00355745 -6.39811e-05 0.0126081 -0.000149755 0.0250424 -0.000667794 0.0260891 -0.000673763 
2608 0.0215109 0.000128369 -0.000128371 0.00279086 1.03449e-05 -1.03437e-05 0.00853676 0.000658037 -0.00065804 0.00228745 0.00105629 -0.00105628 0.00178325 0.000216259 -0.000216258 0.00375373 -0.00053173 0.000531735 0.0150814 0.000337005 -0.000337009 0.00629892 0.000370725 -0.000370715 0.00642954 6.94991e-05 -6.95017e-05 0.0160164 -2.08946e-05 0.00362671 0.000914595 0.019074 0.000236267 0.00178948 -0.000297549 0.0118507 0.000182091 0.0248317 -0.000485918 0.0259447 -0.000580799 
2624 0.0213379 6.24743e-06 -6.25514e-06 0.00269602 -0.00096744 0.000967435 0.00863861 0.000248564 -0.000248566 0.00222921 0.00179749 -0.00179749 0.00165266 -0.00239331 0.00239331 0.00364047 -0.00107329 0.00107329 0.0149751 -0.000156197 0.000156195 0.00623022 0.000915803 -0.000915796 0.00636281 0.000666699 -0.000666689 0.0166494 -0.000196088 0.00423825 -0.000124752 0.0195862 0.000375983 0.00245732 -0.000314275 0.0124391 6.78697e-05 0.0255105 -0.000605662 0.0266179 -0.000828308 
2640 0.0217201 0.000660945 -0.00066094 0.00280021 0.000573679 -0.000573667 0.00866609 0.000857043 -0.000857041 0.00238019 -0.00033573 0.000335733 0.00178521 -0.00171962 0.00171962 0.00383951 -0.000585015 0.000585014 0.0153058 0.000621974 -0.000621973 0.00626849 0.00115687 -0.00115687 0.00641432 0.000849454 -0.000849452 0.0171808 -8.68431e-05 0.00457477 4.08954e-06 0.0200848 0.000375847 0.00480469 0.000422957 0.0132495 0.000310326 0.0255443 -0.000755165 0.0265455 -0.00108105 
2656 0.0212768 -8.59257e-06 8.58743e-06 0.00279936 -0.00112376 0.00112376 0.00837498 0.000589191 -0.000589198 0.00223974 0.00203715 -0.00203715 0.00175784 -0.00320318 0.00320318 0.00373528 -0.00271115 0.00271115 0.0149096 -0.000385291 0.000385298 0.00625827 0.00101798 -0.00101797 0.00636716 0.000967015 -0.000967011 0.0164579 -0.000146062 0.00313252 -0.000369322 0.0198398 0.000305323 0.00310765 0.000138932 0.0124612 0.000144284 0.0250536 -0.000819803 0.0259741 -0.000914316 
2672 0.0210004 0.000120288 -0.000120297 0.00277395 -0.000611429 0.000611428 0.00824647 0.000311426 -0.000311434 0.00232119 0.000763109 -0.000763111 0.001729 -0.00241743 0.00241744 0.00351344 -0.00123668 0.00123668 0.0145339 -0.000105734 0.000105737 0.00631043 0.00091341 -0.0009134 0.00646655 0.000591819 -0.000591814 0.016208 -0.000507625 0.00369768 4.85552e-05 0.019224 -0.000563674 0.00255532 -0.000346818 0.0121173 -0.000381851 0.02491 -0.000826494 0.0258328 -0.000843093 
2688 0.0213396 -0.000882474 0.000882465 0.00292246 -0.000157456 0.000157456 0.00824169 -0.000529903 0.000529898 0.00229491 -0.00226919 0.0022692 0.00171105 -0.00200657 0.00200657 0.00368601 -0.00331976 0.00331976 0.0148502 -0.000964012 0.000964002 0.00634503 -0.000904593 0.000904603 0.00648948 -0.000976211 0.00097622 0.0163753 -1.31803e-05 0.00458237 0.000706568 0.0188652 0.000162425 0.00336397 0.000301927 0.0122312 0.00030621 0.0251448 -0.000701559 0.0261203 -0.000811908 
2704 0.0213593 -0.000410924 0.00041092 0.00284707 0.00185578 -0.00185578 0.00822111 -0.000818687 0.000818693 0.00236369 -0.000915671 0.000915673 0.0017006 -0.000397419 0.000397417 0.00372602 -0.00283057 0.00283058 0.0147942 -0.000678957 0.00067896 0.00642134 -5.33531e-05 5.3354e-05 0.00656506 7.32766e-05 -7.3278e-05 0.0163388 0.000104371 0.00280247 -6.46387e-05 0.0188 0.00057857 0.00342247 -0.000417294 0.0119481 0.000172097 0.0257601 7.012e-06 0.0267534 -0.000172592 
2720 0.0215429 0.000460175 -0.000460171 0.00278206 0.00224811 -0.00224811 0.00817433 -0.000741179 0.000741184 0.00234654 0.000555224 -0.000555223 0.00181599 -0.000674126 0.00067413 0.00396081 -1.97269e-05 1.97237e-05 0.0149172 3.9626e-05 -3.96326e-05 0.00646199 0.00157298 -0.00157298 0.00662576 0.00152409 -0.00152409 0.0162935 -0.000191555 0.00370278 6.61407e-05 0.0185007 -0.000131355 0.00320962 0.000422543 0.0119159 3.73489e-05 0.0256625 -0.000794965 0.0265853 -0.000838065 
2736 0.0217947 1.17769e-05 -1.17817e-05 0.003018 0.000513173 -0.00051317 0.00823466 0.000464654 -0.000464667 0.00245684 -0.00264077 0.00264078 0.00177558 -0.000689459 0.000689465 0.00379785 -0.000625558 0.00062556 0.0150505 0.000206081 -0.00020607 0.00663397 -0.000523571 0.00052357 0.00674416 -0.000345366 0.000345366 0.0156932 -0.000136511 0.00322057 -0.000334833 0.0180085 -0.000308422 0.00294881 0.000853081 0.011383 2.308e-06 0.0250132 -0.000505103 0.0258644 -0.000520738 
2752 0.0220913 -0.000420571 0.000420586 0.00296044 0.000572629 -0.000572629 0.00867254 -0.000308173 0.000308167 0.00248254 -0.00178846 0.00178847 0.00171543 -0.00375571 0.00375572 0.00381794 -0.00267535 0.00267536 0.0154509 -0.000672852 0.000672861 0.00648319 -9.52789e-05 9.52834e-05 0.00664038 1.56283e-05 -1.56223e-05 0.0156542 -0.000468181 0.00326105 0.000148856 0.0179333 -0.000532977 0.00321521 -0.000121107 0.0114018 -0.000318094 0.0248218 -0.000780498 0.0257123 -0.000955215 
2768 0.0215876 0.000469994 -0.000469994 0.00292253 -1.89809e-05 1.89849e-05 0.00850951 0.000979819 -0.000979829 0.00231172 -0.000281632 0.000281631 0.00167977 0.00123167 -0.00123166 0.00359641 -0.000979009 0.000979017 0.0150284 0.000536815 -0.000536807 0.00639633 0.000234004 -0.000233997 0.00655916 0.000423395 -0.000423381 0.0154018 -0.000371372 0.00333159 -0.000516235 0.0179778 0.000676611 0.0027794 -0.00040527 0.0113963 0.000190787 0.0240576 -0.00167583 0.0248678 -0.00173921 
2784 0.0217727 7.35511e-05 -7.35614e-05 0.00292249 1.52114e-05 -1.52149e-05 0.00857974 0.00145054 -0.00145054 0.00227493 -0.0014086 0.0014086 0.00179069 0.00134114 -0.00134113 0.00386637 -0.00283954 0.00283954 0.0153686 0.000164977 -0.000164975 0.00622977 -0.000368428 0.000368431 0.00640412 -0.000233496 0.000233495 0.0149772 0.000115731 0.00198643 -0.000615363 0.0179036 0.000745751 0.00279095 0.000842631 0.0111476 0.000515819 0.0233886 -0.000812068 0.0241392 -0.000910937 
2800 0.0216201 -7.27326e-05 7.27246e-05 0.00297688 -0.0013822 0.0013822 0.00874738 0.00125691 -0.00125691 0.0023321 -0.000698081 0.000698076 0.00178464 -0.00130938 0.00130938 0.00351457 -0.00146071 0.00146072 0.0152388 0.000166791 -0.000166791 0.00625672 -0.00106967 0.00106968 0.00638124 -0.000704447 0.000704457 0.0151002 0.000315036 0.00260199 0.000121251 0.0180312 0.000741883 0.00218436 0.000113117 0.0111522 0.000506052 0.0235794 -0.000270905 0.0244986 -0.000300061 
2816 0.0214883 -0.00028789 0.000287876 0.00296618 0.000558866 -0.000558875 0.0086025 7.99517e-05 -7.99517e-05 0.00231211 0.000226749 -0.000226753 0.00177901 -0.000416169 0.000416175 0.00355987 -0.00229221 0.00229221 0.0151286 -0.00034918 0.000349179 0.00622971 -0.000527229 0.000527238 0.00635975 -0.000305411 0.000305418 0.0150414 0.000199828 0.00269553 -0.000652143 0.0176428 0.000838861 0.0020781 -4.43963e-05 0.0109139 0.000347254 0.0240246 -0.000269828 0.0249939 -0.000238901 
2832 0.0216122 -0.000406509 0.000406503 0.0028887 -0.000868175 0.000868168 0.00851516 -3.56166e-05 3.56031e-05 0.00241475 -0.000573311 0.000573316 0.00177105 -0.00152595 0.00152596 0.00371963 -0.00173596 0.00173595 0.0151235 -0.000497843 0.000497843 0.00631702 -0.000301538 0.000301537 0.00648873 -0.000236663 0.00023667 0.0149697 -7.213e-05 0.00188684 -0.000515617 0.0173423 0.000327021 0.00242992 0.000293734 0.0107324 0.000135317 0.0242214 -0.00065744 0.0251851 -0.000647897 
2848 0.0216989 -0.00030635 0.000306344 0.00285605 0.000691803 -0.000691804 0.00834997 -0.000318071 0.000318067 0.00241589 -0.00249445 0.00249446 0.00178145 -0.000926638 0.000926645 0.00380521 -0.00117897 0.00117896 0.0150112 -8.31674e-05 8.31569e-05 0.00650992 -0.000897598 0.000897599 0.00668769 -0.000800841 0.000800841 0.015572 -0.000217338 0.00316813 -0.000487369 0.0175231 0.000220443 0.00308799 -0.000283558 0.011183 -2.36663e-05 0.0250364 -0.000680279 0.0260113 -0.000672597 
2864 0.0213728 -0.000292635 0.000292638 0.00308655 -0.00126843 0.00126842 0.00825617 -8.79531e-05 8.79511e-05 0.00224896 -7.21286e-06 7.21714e-06 0.00186478 -0.00100716 0.00100717 0.0036104 -0.00263813 0.00263813 0.0149531 -0.000683117 0.000683112 0.00627294 0.000500831 -0.000500828 0.00641966 0.000667031 -0.000667031 0.0152326 -4.374e-05 0.00272984 -0.000385314 0.0177333 0.000950559 0.00278923 0.000380706 0.0110935 0.000525925 0.0242172 -0.00144655 0.0252394 -0.00130959 
2880 0.0214541 -0.000537014 0.00053701 0.00310793 -0.00138942 0.00138942 0.00837728 -0.00046756 0.000467567 0.00225519 0.000974363 -0.000974362 0.001783 2.73877e-05 -2.73794e-05 0.00357029 -0.00266286 0.00266286 0.0150555 -0.00112938 0.00112939 0.0062573 0.00042122 -0.000421208 0.0063986 0.000649449 -0.000649445 0.0150501 -0.000225725 0.00413806 -0.0021974 0.0173268 0.00117712 0.00281845 0.000467608 0.0111813 0.000339055 0.023526 -0.00157254 0.0244175 -0.00157066 
2896 0.0215086 -0.000685278 0.000685282 0.00276789 -0.00115535 0.00115535 0.00831686 -0.000616383 0.000616379 0.00227172 -0.00103603 0.00103603 0.00170835 -0.00332654 0.00332654 0.00381936 -0.00184929 0.00184929 0.0149041 -0.000885662 0.00088567 0.00643909 -0.000465144 0.000465154 0.00660445 -0.000306172 0.00030618 0.0148319 -0.000288085 0.00344121 -0.000679481 0.0166001 0.000727512 0.00363422 0.000583949 0.0108306 0.000428275 0.0237043 -0.00189067 0.0245978 -0.00204945 
2912 0.0218071 -0.00109895 0.00109895 0.00303894 0.000206424 -0.000206423 0.00858378 -0.00160067 0.00160067 0.00215048 -0.0018436 0.0018436 0.00183831 -0.00225627 0.00225627 0.00373188 -0.00255181 0.00255181 0.0153546 -0.00129426 0.00129427 0.00631895 -0.000634669 0.000634675 0.00645252 -0.000594501 0.000594504 0.01389 -0.000373011 0.0027141 -0.000248929 0.0165058 0.000567199 0.00133771 -0.000212681 0.0101024 0.000203633 0.0222026 -0.00175649 0.023142 -0.00186499 
2928 0.0216001 8.19409e-05 -8.19431e-05 0.00300021 0.00298933 -0.00298933 0.00840807 0.000774621 -0.000774621 0.00220375 -0.00119266 0.00119266 0.00174308 0.00141761 -0.00141761 0.00380467 -0.00343485 0.00343485 0.015213 0.000252233 -0.000252227 0.00628058 -0.000251051 0.000251061 0.00638712 -0.000278441 0.000278449 0.0137496 -3.73646e-05 0.00293194 -0.00128648 0.0165631 0.00103714 0.00162367 0.000575797 0.0101893 0.000444121 0.021496 -0.00114475 0.022355 -0.00128825 
2944 0.0214285 -0.000251491 0.000251488 0.00292318 0.00039615 -0.000396153 0.00852173 -0.000161987 0.000161984 0.00218583 -0.0012388 0.0012388 0.00172072 -0.00025467 0.000254672 0.00383898 -0.00120844 0.00120844 0.0152839 -0.000361037 0.000361036 0.0060368 0.000237762 -0.000237759 0.00614465 2.39049e-05 -2.39066e-05 0.0138494 0.000251607 0.00270768 -2.77818e-05 0.016053 0.000976469 0.00301341 0.000743057 0.0102173 0.000713519 0.0218076 -0.000771795 0.022618 -0.00090841 
2960 0.021152 -3.462e-06 3.47143e-06 0.00269922 0.000809514 -0.000809507 0.00859688 -0.000197843 0.000197844 0.00225219 -0.00135317 0.00135317 0.00169645 -8.24431e-05 8.24423e-05 0.00373066 0.000508172 -0.000508172 0.0150268 0.000178135 -0.000178132 0.00604255 -0.000534497 0.000534502 0.00612529 -0.000611306 0.00061131 0.0135301 -0.000442163 0.00302231 -0.00135841 0.0161323 0.000374793 0.00193309 -0.000535011 0.0100877 -0.000210661 0.0210131 -0.00094047 0.0217722 -0.00110316 
2976 0.0215722 -0.00126319 0.00126319 0.00297271 -0.000814015 0.000814021 0.00826357 0.000211068 -0.000211063 0.00242398 -0.00152924 0.00152924 0.00190978 -0.00115155 0.00115156 0.00389656 -0.00527876 0.00527876 0.0151328 -0.00138054 0.00138053 0.00630546 -0.000833051 0.000833063 0.00643936 -0.00103719 0.0010372 0.0135459 -4.42737e-05 0.00347342 -0.000405623 0.0160977 0.000827602 0.00224273 0.000163023 0.0102151 0.000408199 0.020903 -0.00112263 0.0215826 -0.00121338 
2992 0.0215412 -5.0346e-05 5.03546e-05 0.00295077 -0.00104735 0.00104735 0.00849135 -0.000120191 0.000120175 0.00240012 -0.00175083 0.00175083 0.00179436 0.000910967 -0.000910961 0.00363244 0.000494355 -0.000494347 0.0150746 -7.14254e-05 7.14266e-05 0.00630864 4.86857e-07 -4.85714e-07 0.00646665 -6.56566e-05 6.56546e-05 0.0137742 0.00015255 0.00456427 -0.000409691 0.0155936 0.00160997 0.00183947 0.000329085 0.0100286 0.000874894 0.0221674 -0.00162176 0.0227929 -0.00162687 
3008 0.0216488 -0.00025469 0.000254694 0.00294508 0.000415036 -0.000415037 0.00846294 -0.00015102 0.000151014 0.00233218 -0.00120395 0.00120396 0.00177042 -0.000993058 0.000993068 0.00397739 -0.00191879 0.00191879 0.0153854 -0.000289406 0.000289416 0.00612015 -0.000108918 0.000108919 0.00626343 -9.52874e-05 9.52886e-05 0.013919 -0.000243179 0.00461888 -0.000602393 0.0153106 0.000944185 0.00229722 -0.000180063 0.00993913 0.000386903 0.0226778 -0.00184459 0.0234293 -0.00185444 
3024 0.0215315 -0.000899685 0.000899685 0.00298827 -0.000959749 0.000959747 0.00845666 -0.000253343 0.000253331 0.00235953 -0.00228606 0.00228606 0.00183005 -0.00149153 0.00149153 0.00382298 -0.000623614 0.000623615 0.0152679 -0.000370037 0.000370028 0.00612111 -0.00204558 0.00204558 0.0062636 -0.00213179 0.00213178 0.0140367 -0.000481602 0.00371373 -0.000189392 0.0160956 0.000453755 0.00274535 7.04566e-05 0.0104074 0.000255616 0.0218251 -0.00218035 0.0227436 -0.0022519 
3040 0.0210395 -0.000465509 0.000465521 0.00288948 -0.00125418 0.00125418 0.00849107 -3.496e-06 3.48714e-06 0.00233322 0.00032818 -0.000328177 0.00179755 -0.00103032 0.00103031 0.0036553 -0.00175234 0.00175234 0.0150358 -0.00056427 0.00056428 0.00590303 -0.000322278 0.000322287 0.00600364 -0.000361889 0.000361887 0.0136688 -0.000425817 0.00236786 -0.000356494 0.0164973 0.000917219 0.00240305 0.000485233 0.01027 0.000548098 0.0210511 -0.00258085 0.0217592 -0.00279665 
3056 0.0215298 -0.000797498 0.000797497 0.00287454 -0.00116723 0.00116723 0.00850304 0.000518779 -0.00051878 0.00235509 0.000391014 -0.000391004 0.00181527 -0.00281115 0.00281115 0.00374233 -0.0044619 0.0044619 0.0151199 -0.000803886 0.00080389 0.00634089 -0.000641872 0.000641877 0.00640985 -0.0007652 0.000765203 0.0135773 -0.000224575 0.00320453 -0.000432364 0.0153707 0.00108344 0.00275532 -0.000366523 0.00982852 0.000401473 0.0217986 -0.00176327 0.0224432 -0.0018069 
3072 0.0214985 -0.000181575 0.000181572 0.0028915 0.00048839 -0.000488392 0.00842336 -0.000294601 0.000294594 0.00232275 0.000477068 -0.000477069 0.00169454 -0.00140402 0.00140402 0.00371437 -0.00247101 0.00247101 0.0150292 -0.000531313 0.000531307 0.00639724 0.000749868 -0.000749863 0.00646924 0.000576992 -0.000576984 0.0134269 -0.000257386 0.00302744 -0.000825024 0.0147255 0.00105857 0.00309566 -0.00047537 0.00961771 0.000325206 0.0219203 -0.00179774 0.0226123 -0.00177053 
3088 0.0220413 -0.000458541 0.000458539 0.00302595 -0.00025093 0.000250925 0.00848327 -0.000819047 0.000819047 0.00240824 -0.00130166 0.00130166 0.00177234 -0.00101204 0.00101205 0.00405256 -0.00123884 0.00123885 0.0155618 -0.000684017 0.000684018 0.00641654 7.36689e-05 -7.36689e-05 0.00647948 7.37811e-05 -7.37789e-05 0.013262 -0.00012208 0.00280114 0.00105058 0.0151515 0.000993195 0.00288656 0.000247225 0.00973118 0.000776384 0.0211041 -0.00227209 0.0218795 -0.00237089 
3104 0.0219486 0.000139202 -0.000139205 0.00299948 0.000861581 -0.000861585 0.0085992 -0.000574627 0.000574618 0.00237632 0.00103516 -0.00103516 0.00172059 4.21135e-05 -4.2114e-05 0.00390606 0.000899039 -0.000899043 0.0155047 0.000189719 -0.000189721 0.00634167 3.85251e-05 -3.85297e-05 0.00644388 0.000102023 -0.000102021 0.013687 -0.00048703 0.00428813 -0.000104078 0.0156239 0.000916522 0.00246108 -0.000355908 0.0101128 0.00039068 0.0214742 -0.0028059 0.0223504 -0.00269628 
3120 0.0217358 -0.000791299 0.000791285 0.00298046 -0.00156976 0.00156975 0.00826704 4.93e-06 -4.93629e-06 0.00245405 -0.000533468 0.000533469 0.00176624 -0.0023004 0.0023004 0.00396008 -0.00263998 0.00263998 0.0152076 -0.000828208 0.000828206 0.00639613 -0.000599348 0.000599353 0.00652819 -0.00058484 0.000584835 0.0134532 -0.000678034 0.00383954 -0.000686061 0.0151302 0.000669598 0.00236015 -0.000358251 0.00977094 0.000175911 0.0214032 -0.00292942 0.0223186 -0.00284808 
3136 0.0215223 -0.00080012 0.000800117 0.0030017 -0.00107987 0.00107987 0.00853748 -0.00234165 0.00234164 0.00217354 0.00133783 -0.00133782 0.0018608 -0.00118815 0.00118815 0.00384221 -0.000523562 0.000523562 0.0153814 -0.00146031 0.00146031 0.00603239 0.000650951 -0.000650951 0.00614093 0.000891242 -0.000891244 0.0128868 -0.000267612 0.00391855 0.0013608 0.0144482 0.00101656 0.00268043 -0.000939571 0.00949739 0.000586435 0.0202024 -0.00228793 0.0211193 -0.00242145 
3152 0.0214698 -0.000828827 0.00082883 0.00276409 0.000614777 -0.000614785 0.00844363 -0.00171832 0.00171831 0.00224575 -0.000966204 0.000966208 0.00182126 0.000888529 -0.00088852 0.00386511 8.24351e-05 -8.24326e-05 0.0150728 -0.000748847 0.000748845 0.00622087 -0.00083948 0.000839485 0.00639698 -0.000812639 0.000812645 0.0127473 0.000285757 0.00318198 -0.00019767 0.0148013 0.00166492 0.00237058 0.000334341 0.00944093 0.000997915 0.0198118 -0.00162222 0.0207842 -0.00157041 
3168 0.0215629 -0.00150885 0.00150885 0.0029188 -0.00192373 0.00192372 0.00857426 -0.00153476 0.00153476 0.00223941 -0.00243403 0.00243404 0.00164703 -0.00158249 0.00158249 0.00389447 -0.00252114 0.00252114 0.0153876 -0.00181822 0.00181822 0.00604551 -0.00111428 0.00111428 0.00617533 -0.000756199 0.000756204 0.0130241 -0.000122546 0.00316825 -9.33389e-05 0.015277 0.00123964 0.00229684 0.000136441 0.00969955 0.000697127 0.020187 -0.00226276 0.0210181 -0.00224964 
3184 0.0216792 -0.00164752 0.00164753 0.0029134 -0.00344368 0.00344367 0.00861541 -0.00174785 0.00174786 0.00223221 -0.000509398 0.000509401 0.00171718 -0.00391388 0.00391389 0.00381947 -0.000142793 0.000142792 0.0153483 -0.00175973 0.00175973 0.00618767 -0.00134252 0.00134253 0.00633089 -0.00118469 0.00118469 0.0130652 -0.000296227 0.00356237 0.000919503 0.0151778 0.000819005 0.00303766 -0.000512117 0.00994616 0.000522482 0.0196303 -0.0024413 0.0205457 -0.0024068 
