#time (ps)	NaSO4 0.75 M	time (ps)	NaSO4 0.35 M
-5.025	2.56714E-4	-4.875	1.3304046E-4
-5	-6.1796826E-5	-4.85	1.118861732E-4
-4.975	-5.81522367771428E-5	-4.825	5.79098611428569E-6
-4.95	-2.12213262028571E-5	-4.8	-8.24213268E-5
-4.925	9.341250688E-5	-4.775	-1.39427978457143E-4
-4.9	1.55563233757143E-4	-4.75	-1.00403910228571E-4
-4.875	1.32849814257143E-4	-4.725	-5.76800528E-5
-4.85	5.83261328571428E-6	-4.7	4.11092978285714E-5
-4.825	-1.81814655914286E-4	-4.675	1.33364426228571E-4
-4.8	-3.17625237628571E-4	-4.65	2.59771615828571E-4
-4.775	-2.94287377285714E-4	-4.625	2.88311551428571E-4
-4.75	-1.17873404571429E-4	-4.6	2.66493785142857E-4
-4.725	-6.56618417142858E-5	-4.575	1.57807212857143E-4
-4.7	-9.03402197142857E-5	-4.55	-1.59186411428571E-5
-4.675	-1.34566442571429E-4	-4.525	-1.24483182285714E-4
-4.65	-1.89562452542857E-4	-4.5	-8.7941704E-5
-4.625	-7.3747412E-5	-4.475	-2.66188697142857E-5
-4.6	1.11445637342857E-4	-4.45	2.14742065714286E-5
-4.575	7.57420043428571E-5	-4.425	2.70047391428571E-5
-4.55	4.00416478571429E-5	-4.4	-4.6316848E-5
-4.525	-9.34343385714286E-6	-4.375	-6.60326393142857E-5
-4.5	-1.70464502457143E-4	-4.35	-3.64104508E-5
-4.475	-1.28039192657143E-4	-4.325	2.94514322571428E-5
-4.45	-5.13679313142857E-5	-4.3	7.15010868285714E-5
-4.425	-1.42549501285714E-4	-4.275	6.07649631142857E-5
-4.4	-1.55146084285714E-4	-4.25	4.16204941428571E-5
-4.375	-4.96744434285714E-5	-4.225	6.31943752857143E-5
-4.35	-1.63076354285714E-4	-4.2	1.23269369971429E-4
-4.325	-1.85300330571429E-4	-4.175	1.25625385942857E-4
-4.3	-7.22699006857143E-5	-4.15	8.82928391428571E-5
-4.275	-9.90210246285714E-5	-4.125	2.18464505714286E-5
-4.25	-1.591376204E-4	-4.1	-9.21958037142857E-5
-4.225	-1.63461914E-4	-4.075	-1.39534334142857E-4
-4.2	-2.16054313857143E-4	-4.05	-1.13165585028571E-4
-4.175	-2.83762749828571E-4	-4.025	-5.66451899142857E-5
-4.15	-3.139296462E-4	-4	4.7337629142857E-6
-4.125	-3.80417507828571E-4	-3.975	9.26720846E-5
-4.1	-5.30820461285714E-4	-3.95	1.28333420571429E-4
-4.075	-6.50680649714286E-4	-3.925	2.08749597428571E-4
-4.05	-6.69742791428571E-4	-3.9	1.82465914571429E-4
-4.025	-7.44970108571429E-4	-3.875	1.83120610285714E-4
-4	-7.20968488571428E-4	-3.85	1.57309999714286E-4
-3.975	-5.87211943142857E-4	-3.825	1.72242768914286E-4
-3.95	-5.80137006571429E-4	-3.8	1.81421517314286E-4
-3.925	-3.57605770285714E-4	-3.775	2.09772882485714E-4
-3.9	-1.59987373428571E-4	-3.75	1.602854364E-4
-3.875	-1.22797709714286E-4	-3.725	1.46102404771429E-4
-3.85	-1.05457679428571E-4	-3.7	9.53982032571428E-5
-3.825	-1.37654982285714E-4	-3.675	1.51595704942857E-4
-3.8	-4.61384915714286E-4	-3.65	2.28387180685714E-4
-3.775	-5.94960182E-4	-3.625	2.556854208E-4
-3.75	-6.79164623428571E-4	-3.6	2.12137537142857E-4
-3.725	-6.56841016285714E-4	-3.575	1.41575827428571E-4
-3.7	-3.75913180571429E-4	-3.55	3.85698779428571E-5
-3.675	-4.36459444285714E-5	-3.525	-1.22351546857143E-5
-3.65	2.81643939428572E-5	-3.5	-1.66272298857143E-5
-3.625	5.74504986857143E-5	-3.475	1.33980193428571E-5
-3.6	-9.73712663428572E-5	-3.45	-8.51977697142857E-6
-3.575	-3.64311312285714E-4	-3.425	-3.84273587714286E-5
-3.55	-3.94136172857143E-4	-3.4	1.33568686285714E-5
-3.525	-2.95926725E-4	-3.375	5.15806045142857E-5
-3.5	-2.37155843142857E-4	-3.35	1.172099148E-4
-3.475	-1.60535441714286E-4	-3.325	1.32539866028571E-4
-3.45	-1.0735631E-4	-3.3	5.26210803428571E-5
-3.425	-2.44537907257143E-4	-3.275	1.76038404285714E-5
-3.4	-3.45990432914286E-4	-3.25	4.71303628571429E-5
-3.375	-2.80339322114286E-4	-3.225	7.74387791428571E-5
-3.35	-1.88330497728571E-4	-3.2	6.74446442285714E-5
-3.325	-1.7947785168E-4	-3.175	2.15394984E-5
-3.3	-1.03273881282857E-4	-3.15	-5.09862996E-5
-3.275	-1.28705614251429E-4	-3.125	-6.27321693428571E-5
-3.25	-1.80741703728571E-4	-3.1	-1.92099385142857E-5
-3.225	-1.46302108514286E-4	-3.075	6.07282652285714E-5
-3.2	-1.45181722685714E-4	-3.05	9.51509336E-5
-3.175	-1.74970935085714E-4	-3.025	5.09871898571428E-5
-3.15	-2.77265786857143E-4	-3	-1.30903657142857E-6
-3.125	-4.1106579E-4	-2.975	-8.74971377142857E-5
-3.1	-4.08216589142857E-4	-2.95	-1.30246114142857E-4
-3.075	-3.12840114428571E-4	-2.925	-1.82443467371429E-4
-3.05	-1.64297959828571E-4	-2.9	-1.750651774E-4
-3.025	7.85019798E-5	-2.875	-1.38024437371429E-4
-3	1.59614441885714E-4	-2.85	-1.209117522E-4
-2.975	3.83582121428571E-5	-2.825	-1.63955653028571E-4
-2.95	-5.92072076857143E-5	-2.8	-1.20392803485714E-4
-2.925	-4.57870269257143E-5	-2.775	-9.40489047428571E-5
-2.9	6.92740237085715E-5	-2.75	1.10440547542857E-5
-2.875	2.6033675536E-4	-2.725	1.01197474491429E-4
-2.85	3.03265496028571E-4	-2.7	1.58231115754286E-4
-2.825	2.12447161714286E-4	-2.675	9.72345582285714E-5
-2.8	-4.46599954285714E-5	-2.65	9.48387270571429E-5
-2.775	-2.05641744857143E-4	-2.625	8.25657152571428E-5
-2.75	-2.20476248285714E-4	-2.6	1.66910157E-4
-2.725	-2.12680257428571E-4	-2.575	1.74933612857143E-4
-2.7	-3.96931908285714E-4	-2.55	1.69170952E-4
-2.675	-5.78993972571429E-4	-2.525	1.00234224285714E-4
-2.65	-7.20853327714286E-4	-2.5	1.21938420685714E-4
-2.625	-5.49164679714286E-4	-2.475	1.91039400057143E-4
-2.6	-1.83947669142857E-4	-2.45	2.25759487828571E-4
-2.575	1.05427099142857E-4	-2.425	1.80182937714286E-4
-2.55	9.18988528571429E-5	-2.4	4.17928520571428E-5
-2.525	7.16876457142859E-6	-2.375	-8.00479438285714E-5
-2.5	-8.81147637142858E-5	-2.35	-1.82194593657143E-4
-2.475	-1.67312024571429E-4	-2.325	-1.60337456571429E-4
-2.45	-1.03943513428571E-4	-2.3	-6.38441732571428E-5
-2.425	2.04058509142857E-5	-2.275	1.45481199942857E-4
-2.4	-1.92146359542857E-4	-2.25	2.86175815314286E-4
-2.375	-3.59299335657143E-4	-2.225	4.01688061428571E-4
-2.35	-3.18441951285714E-4	-2.2	4.12003664857143E-4
-2.325	-3.57904668971428E-4	-2.175	2.83383691714286E-4
-2.3	-2.18954242542857E-4	-2.15	8.86604457142857E-5
-2.275	-2.1261014E-5	-2.125	-6.70818428571427E-6
-2.25	-4.75067327714286E-5	-2.1	-6.2287866E-5
-2.225	-2.10988506857143E-4	-2.075	-1.47211199942857E-4
-2.2	-2.75015592857143E-4	-2.05	-1.08886720971429E-4
-2.175	-2.79962821142857E-4	-2.025	-6.81946482285714E-5
-2.15	5.36161000000001E-6	-2	-6.61045202857143E-5
-2.125	1.29243431428571E-4	-1.975	1.35839188E-5
-2.1	6.25822402857143E-5	-1.95	8.72177111142857E-5
-2.075	-8.37744788571428E-5	-1.925	2.67992463428571E-5
-2.05	-1.42705991428571E-4	-1.9	-1.15038546571428E-5
-2.025	-2.16156409714286E-4	-1.875	-3.21747008571429E-5
-2	-1.15066344428571E-4	-1.85	-9.20152515142857E-5
-1.975	-3.17979747142857E-5	-1.825	-1.07564148057143E-4
-1.95	3.19163602571429E-5	-1.8	-5.76996498857143E-5
-1.925	2.25256484857143E-5	-1.775	-5.20812891428571E-5
-1.9	9.86019159714286E-5	-1.75	-2.95642003714286E-5
-1.875	9.89531724285714E-5	-1.725	3.71452244571429E-5
-1.85	-3.9741576E-5	-1.7	4.39429282E-5
-1.825	-2.14974590285714E-4	-1.675	3.33175234285714E-5
-1.8	-3.07136285142857E-4	-1.65	5.38491464285714E-5
-1.775	-4.37511106857143E-4	-1.625	8.18247077142857E-5
-1.75	-4.01666443714286E-4	-1.6	9.29805498571429E-5
-1.725	-2.51514408685714E-4	-1.575	1.15322073428571E-4
-1.7	-2.28084360628571E-4	-1.55	7.20377599714285E-5
-1.675	-2.63784270114286E-4	-1.525	7.79587114285714E-6
-1.65	-3.64939684571429E-4	-1.5	-9.18121610571429E-5
-1.625	-5.89444338857143E-4	-1.475	-2.20806245771429E-4
-1.6	-7.44318602571429E-4	-1.45	-2.43366802571429E-4
-1.575	-6.41723471714286E-4	-1.425	-2.00306600571429E-4
-1.55	-5.78646459142857E-4	-1.4	-1.49007651142857E-4
-1.525	-5.00748125714286E-4	-1.375	1.61093514285714E-5
-1.5	-3.55068277142857E-4	-1.35	1.45526984571429E-4
-1.475	-3.73112879714286E-4	-1.325	1.97860265428571E-4
-1.45	-3.81239165428571E-4	-1.3	2.15643768857143E-4
-1.425	-2.04482143257143E-4	-1.275	1.96794492457143E-4
-1.4	-1.09768990628571E-4	-1.25	1.0676354916E-4
-1.375	1.83153302857143E-6	-1.225	6.31280155085714E-5
-1.35	9.0413464E-5	-1.2	4.28393873142857E-6
-1.325	-3.04361248571429E-5	-1.175	4.13295785142857E-5
-1.3	-2.09521984285714E-4	-1.15	6.20814825714286E-5
-1.275	-2.00683847714286E-4	-1.125	3.84511432E-5
-1.25	-2.11927849142857E-4	-1.1	1.11495179714286E-5
-1.225	-9.01423551428571E-5	-1.075	-7.19506442857142E-6
-1.2	7.64885813714286E-5	-1.05	-2.91643468571428E-5
-1.175	1.59031671542857E-4	-1.025	-5.33283295142857E-5
-1.15	1.48519930857143E-5	-1	-5.07408100571428E-5
-1.125	-9.86775977142857E-5	-0.975	-1.00515253171429E-4
-1.1	-2.14693329285714E-4	-0.95	-1.48861746628571E-4
-1.075	-2.92954447942857E-4	-0.925	-1.263309404E-4
-1.05	-3.14588541228571E-4	-0.9	-6.09740196571428E-5
-1.025	-2.81081056E-4	-0.875	3.65988552E-6
-1	-3.743849014E-4	-0.85	-6.75334475428574E-6
-0.975	-3.76178249428571E-4	-0.825	-1.0041050248E-4
-0.95	-3.03138877E-4	-0.8	-1.21257894228571E-4
-0.925	-3.25786516685714E-4	-0.775	-1.09781563571429E-4
-0.9	-2.70774209628571E-4	-0.75	-8.65534841714286E-5
-0.875	-1.97617988157143E-4	-0.725	2.39581315714285E-5
-0.85	-1.95277846554286E-4	-0.7	3.51259088E-5
-0.825	-1.60298288248571E-4	-0.675	-2.57607297714286E-5
-0.8	-3.43083322685714E-5	-0.65	-1.12203324E-5
-0.775	-1.07128944042857E-4	-0.625	-3.36403295714286E-5
-0.75	-1.49284321857143E-4	-0.6	-1.54721855371429E-4
-0.725	-1.51666351357143E-4	-0.575	-2.14946761514286E-4
-0.7	-8.66499828E-5	-0.55	-1.82437675714286E-4
-0.675	-8.88035985999999E-6	-0.525	-1.09158933142857E-4
-0.65	1.46637110462857E-4	-0.5	4.90076028571428E-5
-0.625	9.64572248828571E-5	-0.475	2.00611858857143E-4
-0.6	1.46732083971429E-4	-0.45	2.4663485E-4
-0.575	2.30832359428571E-4	-0.425	2.99284433428571E-4
-0.55	1.31786654857143E-4	-0.4	4.48530983142857E-4
-0.525	1.55546309714286E-4	-0.375	5.86597462857143E-4
-0.5	2.11912890428571E-4	-0.35	7.98215334571428E-4
-0.475	5.08369401714286E-5	-0.325	9.39774857428571E-4
-0.45	-2.42277730571429E-5	-0.3	0.00109670380057143
-0.425	4.93074584571428E-5	-0.275	0.00128370609514286
-0.4	6.47016875714286E-5	-0.25	0.00154938529885714
-0.375	1.17259583714286E-4	-0.225	0.00185664509857143
-0.35	1.49515768428571E-4	-0.2	0.00229482974857143
-0.325	6.26554354285713E-6	-0.175	0.00277737302285714
-0.3	-2.48806292657143E-4	-0.15	0.00341400029714286
-0.275	-5.22165588171428E-4	-0.125	0.00409213440285714
-0.25	-4.94052491857143E-4	-0.1	0.00475123556285714
-0.225	-4.57878660285714E-4	-0.075	0.00526979087142857
-0.2	-2.62550619857143E-4	-0.05	0.00562463923714286
-0.175	1.78657039428572E-5	-0.025	0.00569794497142857
-0.15	3.97278391114286E-4	0	0.00551584702857143
-0.125	9.17262403942857E-4	0.025	0.00502498722857143
-0.1	0.00183373031871429	0.05	0.00430715065714286
-0.075	0.00269023538428571	0.075	0.00340922948
-0.05	0.00339969643142857	0.1	0.00256323248
-0.025	0.00388973970571429	0.125	0.00189922002571429
0	0.00393613729142857	0.15	0.00148700614857143
0.025	0.00367354639142857	0.175	0.00121365257285714
0.05	0.00321213980571429	0.2	0.00102891953857143
0.075	0.00261243612285714	0.225	7.54410395428571E-4
0.1	0.00181619798285714	0.25	3.00725309428571E-4
0.125	0.00108402929228571	0.275	-2.74921010857143E-4
0.15	3.20779779428571E-4	0.3	-9.22264294E-4
0.175	-3.92763938571429E-4	0.325	-0.00163497019571429
0.2	-9.44621504571428E-4	0.35	-0.00226497151428571
0.225	-0.00149787220428571	0.375	-0.00280917852285714
0.25	-0.00211282393142857	0.4	-0.00323889379142857
0.275	-0.00258803358	0.425	-0.00355689816
0.3	-0.00292519672571429	0.45	-0.00377752385142857
0.325	-0.00316257024571429	0.475	-0.00389727283142857
0.35	-0.00314703992857143	0.5	-0.00395576292857143
0.375	-0.00310942669714286	0.525	-0.00393001751714286
0.4	-0.00303178111714286	0.55	-0.00381360463142857
0.425	-0.00281651670571429	0.575	-0.00364131732571429
0.45	-0.00247596153142857	0.6	-0.00347333096571429
0.475	-0.00216467162857143	0.625	-0.00323538860857143
0.5	-0.00197956520571429	0.65	-0.00301434391142857
0.525	-0.00189775130571429	0.675	-0.00279567144
0.55	-0.00191757026	0.7	-0.00251268002857143
0.575	-0.0018972291	0.725	-0.00222287212285714
0.6	-0.00170163543	0.75	-0.0019883373
0.625	-0.00151753254457143	0.775	-0.00173886196
0.65	-0.001347373778	0.8	-0.00151599800571429
0.675	-0.00123815743314286	0.825	-0.00131574022
0.7	-0.00114076204285714	0.85	-0.00110836557657143
0.725	-0.00108309910514286	0.875	-9.93140237714286E-4
0.75	-9.46633366285714E-4	0.9	-9.57083143428571E-4
0.775	-8.95805414857143E-4	0.925	-9.75181789142857E-4
0.8	-7.98360442285714E-4	0.95	-0.00111548340342857
0.825	-6.95086854E-4	0.975	-0.00124831766114286
0.85	-6.01434973142857E-4	1	-0.00126508216285714
0.875	-5.81726604285714E-4	1.025	-0.00127786521828571
0.9	-6.19063194571429E-4	1.05	-0.00122333590628571
0.925	-7.14934501714286E-4	1.075	-0.00113841524971429
0.95	-7.45869018E-4	1.1	-0.00106190186571429
0.975	-7.34999156285714E-4	1.125	-0.00107214942
1	-7.71461461142857E-4	1.15	-0.00104673029714286
1.025	-7.14132312714286E-4	1.175	-0.00104176004
1.05	-7.262199048E-4	1.2	-9.88751035714286E-4
1.075	-9.266487874E-4	1.225	-9.68142896285714E-4
1.1	-0.00112923609794286	1.25	-8.42626802285714E-4
1.125	-0.00127739335071429	1.275	-7.00517682285714E-4
1.15	-0.00151144280285714	1.3	-5.49379018285714E-4
1.175	-0.00154625529142857	1.325	-4.45593401142857E-4
1.2	-0.00130746789571429	1.35	-3.4966957E-4
1.225	-0.00117130086171429	1.375	-3.54857524285714E-4
1.25	-0.00114011213514286	1.4	-4.35929822285714E-4
1.275	-0.00102843374457143	1.425	-5.50659372285714E-4
1.3	-9.77343317142857E-4	1.45	-6.26762927142857E-4
1.325	-9.58013010571428E-4	1.475	-6.72888620285714E-4
1.35	-8.15373905428571E-4	1.5	-6.41995876571429E-4
1.375	-7.81991907142857E-4	1.525	-5.23957840285714E-4
1.4	-8.19688031428571E-4	1.55	-3.94008256E-4
1.425	-8.87246056857143E-4	1.575	-3.63845653714286E-4
1.45	-9.68942024285714E-4	1.6	-3.85387824E-4
1.475	-9.65624657142857E-4	1.625	-4.29347230857143E-4
1.5	-8.43552457142857E-4	1.65	-4.74984263714286E-4
1.525	-8.73539089142857E-4	1.675	-5.05484012857143E-4
1.55	-8.44537608857143E-4	1.7	-4.76942118571429E-4
1.575	-8.48266405142857E-4	1.725	-5.15240854285714E-4
1.6	-8.74844076571428E-4	1.75	-5.72681832571428E-4
1.625	-8.49190429142857E-4	1.775	-5.94005771428571E-4
1.65	-7.14121812285714E-4	1.8	-5.33723056285714E-4
1.675	-7.30694714857143E-4	1.825	-4.75151991714286E-4
1.7	-7.27710998E-4	1.85	-3.92072226285714E-4
1.725	-7.45966525714286E-4	1.875	-3.78285039142857E-4
1.75	-7.12282565142857E-4	1.9	-4.02291270285714E-4
1.775	-7.66351641714286E-4	1.925	-4.35369095714286E-4
1.8	-6.90099208E-4	1.95	-4.53829653714286E-4
1.825	-7.07856407714286E-4	1.975	-4.65892094571429E-4
1.85	-6.74132944571429E-4	2	-4.24577037142857E-4
1.875	-6.30483402571428E-4	2.025	-3.73668055142857E-4
1.9	-5.32826361428571E-4	2.05	-3.44650235428571E-4
1.925	-5.10884672E-4	2.075	-3.13116068285714E-4
1.95	-4.83241756571429E-4	2.1	-2.75135060142857E-4
1.975	-4.92123848857143E-4	2.125	-2.25515694314286E-4
2	-4.55328838E-4	2.15	-1.68333921971429E-4
2.025	-4.10087148571429E-4	2.175	-1.63349503285714E-4
2.05	-4.10953127142857E-4	2.2	-2.10042688257143E-4
2.075	-3.86982048E-4	2.225	-2.42596934457143E-4
2.1	-3.55247601571429E-4	2.25	-2.00045345828571E-4
2.125	-4.17877254571428E-4	2.275	-1.33552815628571E-4
2.15	-5.45253915E-4	2.3	-8.70254861142857E-5
2.175	-5.11398584E-4	2.325	-8.63285697142857E-5
2.2	-4.76613983E-4	2.35	-2.11190944E-4
2.225	-3.35461537714286E-4	2.375	-2.80657575E-4
2.25	-1.88823460857143E-4	2.4	-3.35477454342857E-4
2.275	-1.56277347428571E-4	2.425	-3.03539780028571E-4
2.3	-2.79342014E-4	2.45	-2.96115705714286E-4
2.325	-2.02120506857143E-4	2.475	-2.76253832114286E-4
2.35	-2.16622507714286E-4	2.5	-2.385613348E-4
2.375	-2.04906541714286E-4	2.525	-1.36689300285714E-4
2.4	-2.57759145142857E-4	2.55	-8.27026229714286E-5
2.425	-3.00975084142857E-4	2.575	-7.61086277142858E-6
2.45	-3.73745840457143E-4	2.6	4.39036465428571E-5
2.475	-3.48205512657143E-4	2.625	-5.12284026571429E-5
2.5	-3.091222396E-4	2.65	-7.90358800857143E-5
2.525	-2.27304366428571E-4	2.675	-1.46101334485714E-4
2.55	-2.16520184571429E-4	2.7	-1.58060715285714E-4
2.575	-1.75703804571429E-4	2.725	-1.37700293542857E-4
2.6	-3.26130861142857E-4	2.75	-5.12679521714286E-5
2.625	-4.35203468857143E-4	2.775	-6.84286484571429E-5
2.65	-6.04415305714286E-4	2.8	-8.25920838285714E-5
2.675	-6.61010151714286E-4	2.825	-1.59092642571429E-4
2.7	-5.88187388428571E-4	2.85	-1.86461785E-4
2.725	-3.99703542971429E-4	2.875	-1.75942734771429E-4
2.75	-3.32279397057143E-4	2.9	-8.07119020285714E-5
2.775	-3.68442995771429E-4	2.925	-5.62670682E-5
2.8	-4.38390624542857E-4	2.95	-1.31514976714286E-4
2.825	-4.82960842228571E-4	2.975	-2.23719065571429E-4
2.85	-5.12836746571429E-4	3	-2.29176111714286E-4
2.875	-5.15936797714286E-4	3.025	-1.63038543142857E-4
2.9	-4.12529878571429E-4	3.05	-1.83071705714286E-5
2.925	-4.20694207857143E-4	3.075	8.33472542285714E-5
2.95	-3.96013365371429E-4	3.1	1.15999303737143E-4
2.975	-3.02583573114286E-4	3.125	2.40158516685714E-5
3	-1.872794188E-4	3.15	-9.712579912E-5
3.025	-1.93512720428571E-4	3.175	-1.77222464342857E-4
3.05	-3.02439706571429E-4	3.2	-1.45304563714286E-4
3.075	-4.48444351714286E-4	3.225	-1.35211378E-4
3.1	-5.01797991142857E-4	3.25	-5.37826951428571E-5
3.125	-6.21153541142857E-4	3.275	5.85627928571429E-6
3.15	-5.79234318571429E-4	3.3	7.42880114285718E-7
3.175	-4.23297394857143E-4	3.325	1.16948300285714E-5
3.2	-3.22212004285714E-4	3.35	5.64847658857143E-5
3.225	-2.90972914E-4	3.375	2.90810621142857E-5
3.25	-1.26838151428571E-4	3.4	-4.42249366857143E-5
3.275	-3.33133974285714E-5	3.425	-9.51860276285714E-5
3.3	-2.47588157142857E-5	3.45	-1.25436278514286E-4
3.325	-1.36667322857143E-5	3.475	-6.19226608857143E-5
3.35	1.48888811428571E-4	3.5	-1.85297661714286E-5
3.375	1.28386962571429E-4	3.525	1.74805623142857E-5
3.4	9.91889525714286E-5	3.55	-2.00827766285714E-5
3.425	1.22061551142857E-4	3.575	-7.07357601714286E-5
3.45	9.337089E-5	3.6	-1.04571340657143E-4
3.475	-6.66459476E-5	3.625	-7.44158650857143E-5
3.5	-2.81464916571429E-5	3.65	-4.81784998285714E-5
3.525	-1.23680056171429E-4	3.675	-6.98092108285714E-5
3.55	-1.80398249428571E-4	3.7	-1.247837228E-4
3.575	-4.34206868571428E-5	3.725	-1.19680122285714E-4
3.6	1.16570925142857E-4	3.75	-1.14142284428571E-4
3.625	2.91125355714286E-4	3.775	-1.91486552E-5
3.65	3.84263456285714E-4	3.8	1.202884104E-4
3.675	2.01050157885714E-4	3.825	1.60169640228571E-4
3.7	1.91894105714287E-6	3.85	1.51636589657143E-4
3.725	-1.11663081931429E-4	3.875	9.16249275428571E-5
3.75	-2.64174421937143E-4	3.9	-5.94670629142857E-5
3.775	-3.85644611531429E-4	3.925	-2.10838478285714E-4
3.8	-4.83717130028571E-4	3.95	-2.82573562857143E-4
3.825	-5.87238931142857E-4	3.975	-2.96433343E-4
3.85	-5.85350106285714E-4	4	-2.42691263485714E-4
3.875	-4.77041575142857E-4	4.025	-1.56636150314286E-4
3.9	-3.12521178971429E-4	4.05	-1.62976280114286E-4
3.925	-2.14933095097143E-4	4.075	-1.761269406E-4
3.95	-1.52065247234286E-4	4.1	-1.66811195514286E-4
3.975	-8.08844100685714E-5	4.125	-1.25978385314286E-4
4	-1.38843877314286E-4	4.15	-8.56198064E-5
4.025	-1.791089184E-4	4.175	-5.09666133142857E-5
4.05	-2.36096785142857E-4	4.2	-5.25568566285714E-5
4.075	-3.14748779714286E-4	4.225	4.99156269714286E-5
4.1	-2.51553657714286E-4	4.25	1.13076243285714E-4
4.125	-7.99468451428571E-5	4.275	1.65915555142857E-4
4.15	-1.03525903714286E-4	4.3	2.04343715714286E-4
4.175	-1.67804929428571E-4	4.325	1.42253416E-4
4.2	-2.95980944E-4	4.35	8.33396834285716E-6
4.225	-4.30797669142857E-4	4.375	-2.60747156857143E-5
4.25	-4.93663741428571E-4	4.4	-2.73188164571429E-5
4.275	-3.94956410571429E-4	4.425	-3.78900628285714E-5
4.3	-3.43293073142857E-4	4.45	-6.20778293714286E-5
4.325	-3.59816638E-4	4.475	-7.19298015714286E-5
4.35	-3.87055546E-4	4.5	-1.53961518E-4
4.375	-2.83047649714286E-4	4.525	-1.96654466857143E-4
4.4	-1.93456887857143E-4	4.55	-1.44809669714286E-4
4.425	-1.09657825485714E-4	4.575	-7.42267599142857E-5
4.45	-7.12555926E-5	4.6	-3.55921250285714E-5
4.475	-1.415443752E-4	4.625	-1.34286610285714E-5
4.5	-3.02741160714286E-4	4.65	-2.74800405428571E-5
4.525	-2.76268290285714E-4	4.675	-5.16010892E-5
4.55	-3.07484524857143E-4	4.7	-2.06013675142857E-5
4.575	-4.00362159142857E-4	4.725	-3.38249804857143E-5
4.6	-3.65292801142857E-4	4.75	-5.55626701428571E-5
4.625	-4.21815841714286E-4	4.775	-5.45406324285714E-5
4.65	-3.96124907714286E-4	4.8	-1.00168505714286E-5
4.675	-2.74783300285714E-4	4.825	3.88452428571408E-7
4.7	-3.66691099428571E-4	4.85	7.89399482285714E-5
4.725	-4.10370350857143E-4	4.875	7.2853863142857E-6
4.75	-2.91507367285714E-4	4.9	-6.28913446E-5
4.775	-2.15289636971429E-4	4.925	-1.48452006057143E-4
4.8	-1.28776472885714E-4	4.95	-1.77784434771429E-4
4.825	1.14058302685714E-4	4.975	-1.52219847114286E-4
4.85	1.01111986885714E-4	5	9.45399048571427E-6
4.875	1.4546151E-4	5.025	1.01906863457143E-4
4.9	2.68917068857143E-4	5.05	1.371052792E-4
4.925	4.26675110857143E-4	5.075	9.57841624285714E-5
4.95	3.0192712E-4	5.1	1.24712011428571E-5
4.975	3.04745274571429E-4	5.125	-9.96765314857143E-5
5	2.17107695428571E-4	5.15	-8.81098790285714E-5
5.025	6.63209371428578E-7	5.175	-3.56449466285714E-5
5.05	-8.25048890285714E-5	5.2	2.81937037714286E-5
5.075	-2.92680229142857E-5	5.225	6.04558758857143E-5
5.1	-7.14216945714286E-5	5.25	8.21279170285714E-5
5.125	-4.55485417142857E-5	5.275	6.89343230857143E-5
5.15	2.45406542857142E-6	5.3	1.05616806342857E-4
5.175	-1.04855629714286E-5	5.325	1.10885728171429E-4
5.2	6.26073879999999E-6	5.35	1.52197580571429E-4
5.225	-6.59194451428572E-6	5.375	1.20777071714286E-4
5.25	-1.35444408057143E-4	5.4	2.87061488571429E-5
5.275	-1.11479321257143E-4	5.425	-3.34592414285714E-5
5.3	-1.10146809142857E-4	5.45	-1.26921071428571E-5
5.325	-1.00542382285714E-4	5.475	3.77581422857143E-5
5.35	1.29487968571429E-5	5.5	6.66525045714286E-5
5.375	9.32101157142857E-5	5.525	6.49536801428571E-5
5.4	2.2041596E-5	5.55	9.63248657142851E-7
5.425	4.80808187142857E-5	5.575	-6.69640879714286E-5
5.45	1.86533292857143E-4	5.6	-8.95062061714286E-5
5.475	1.10553571571429E-4	5.625	-1.07144073342857E-4
5.5	-4.54919885714286E-5	5.65	-1.27139825771429E-4
5.525	-1.73919624142857E-4	5.675	-1.02102024314286E-4
5.55	-3.12531148E-4	5.7	-4.42374090571428E-5
5.575	-4.1107139E-4	5.725	1.96188775142857E-5
5.6	-1.18787678857143E-4	5.75	6.03121982285714E-5
5.625	-2.02806782857143E-5	5.775	3.55620171142857E-5
5.65	2.99977105714286E-5	5.8	2.44259500571429E-5
5.675	9.73791391428571E-5	5.825	-7.27113771428573E-7
5.7	6.69527282857143E-5	5.85	-4.6367352E-5
5.725	-5.49362222857143E-5	5.875	-7.78878014857143E-5
5.75	1.88829963142857E-4	5.9	-1.50039041542857E-4
5.775	2.48441464285714E-4	5.925	-2.31812888E-4
5.8	2.47116848571429E-4	5.95	-2.64887595428571E-4
5.825	2.79786623714286E-4	5.975	-2.64436880285714E-4
5.85	2.33147451714286E-4	6	-2.75128378571429E-4
5.875	1.20799823428571E-4	6.025	-2.16396624714286E-4
5.9	2.03334076857143E-4	6.05	-1.675519386E-4
5.925	3.09637885428571E-4	6.075	-1.34826937E-4
5.95	2.56317934285714E-4	6.1	-8.08882702E-5
5.975	1.37725201714286E-4	6.125	-5.65243146571428E-5
6	1.15757590857143E-4	6.15	-2.17994166571428E-5
6.025	8.89782085714285E-5	6.175	6.87513649714286E-5
6.05	2.41096237142857E-5	6.2	8.09858971428572E-5
6.075	7.6713648E-5	6.225	4.22294082857143E-5
6.1	8.09627434285714E-5	6.25	-2.60563651428571E-5
6.125	-1.70218828571428E-5	6.275	-1.06979107142857E-4
6.15	2.47861846571429E-4	6.3	-1.39003362228571E-4
6.175	4.48183053142857E-4	6.325	-4.70724652571428E-5
6.2	4.93732711714286E-4	6.35	2.34660850571428E-5
6.225	4.29443964285714E-4	6.375	4.02881542857118E-7
6.25	2.58149540285714E-4	6.4	-1.43792442942857E-4
6.275	-2.47547461428571E-5	6.425	-2.61862279314286E-4
6.3	-1.16033581142857E-5	6.45	-3.78361824714286E-4
6.325	7.40575843714286E-5	6.475	-3.71861361428571E-4
6.35	5.17379698857143E-5	6.5	-2.96238717657143E-4
6.375	7.92930535714285E-5	6.525	-2.19840950114286E-4
6.4	-8.97211665714285E-5	6.55	-1.985362508E-4
6.425	-2.53073472857143E-4	6.575	-1.64281219428571E-4
6.45	-3.37462784857143E-4	6.6	-1.47411885571429E-4
6.475	-4.06143087714286E-4	6.625	-1.12249009485714E-4
6.5	-6.74735661714286E-4	6.65	-1.02965420171429E-4
6.525	-5.29743428857143E-4	6.675	-1.26278655028571E-4
6.55	-4.60798433714286E-4	6.7	-1.27727269914286E-4
6.575	-2.87299642571428E-4	6.725	-9.68600903428571E-5
6.6	-2.25865265714286E-5	6.75	2.92787885714302E-7
6.625	1.64051779428571E-4	6.775	6.36621942E-5
6.65	8.27018968571428E-5	6.8	1.16734523885714E-4
6.675	1.08315036714286E-4	6.825	8.98390776857143E-5
6.7	1.67204036628571E-4	6.85	6.91777623714286E-5
6.725	5.27490266E-5	6.875	2.57449622285714E-5
6.75	5.61076862857144E-6	6.9	4.97497694E-5
6.775	1.99130735714285E-5	6.925	3.75829344285714E-5
6.8	8.82216202857143E-5	6.95	1.31478092285714E-5
6.825	9.68698992857142E-5	6.975	-5.77931779142857E-5
6.85	2.23965041542857E-4	7	-6.04477695714286E-5
6.875	1.94983387457143E-4	7.025	-1.27589996E-5
6.9	1.42394651314286E-4	7.05	6.61207341428571E-5
6.925	1.28775807685714E-4	7.075	6.20230491428571E-5
6.95	2.24775538571429E-4	7.1	1.76275337142857E-5
6.975	2.53767177142857E-4	7.125	-9.33402322857143E-5
7	2.99190012342857E-4	7.15	-1.83542109714286E-4
7.025	2.22869260742857E-4	7.175	-2.24079371714286E-4
7.05	1.20063018057143E-4	7.2	-2.61613315714286E-4
7.075	4.63162348571429E-5	7.225	-3.10512603714286E-4
7.1	1.20034003942857E-4	7.25	-3.12140168142857E-4
7.125	1.01403751257143E-4	7.275	-2.77566162742857E-4
7.15	8.18485839428571E-5	7.3	-1.84252742657143E-4
7.175	-2.40250954285714E-5	7.325	-8.62818959714286E-5
7.2	-1.91598217714286E-4	7.35	-3.10343757142857E-6
7.225	-2.85955436E-4	7.375	2.24778997142857E-6
7.25	-1.71243931714286E-4	7.4	-1.00923827428571E-5
7.275	-1.48845748857143E-4	7.425	-5.25546292857143E-5
7.3	-9.93301817142857E-5	7.45	-7.80261341428571E-5
7.325	1.04020285428571E-4	7.475	-1.46126989657143E-4
7.35	1.39588657142853E-6	7.5	-1.20119882257143E-4
7.375	-5.81595756428571E-5	7.525	-1.813816128E-4
7.4	5.16306822857138E-6	7.55	-2.35201720714286E-4
7.425	-1.36364908957143E-4	7.575	-2.32925070428571E-4
7.45	-1.57109608057143E-4	7.6	-1.51410161885714E-4
7.475	6.70736460714286E-5	7.625	-7.85372415142857E-5
7.5	-4.4459612E-5	7.65	3.26109880285714E-5
7.525	-2.46689022857143E-5	7.675	1.26828436857143E-5
7.55	9.18581034285715E-5	7.7	-7.31455756857143E-5
7.575	-1.86858245714285E-5	7.725	-1.00092061771429E-4
7.6	9.20239971428574E-6	7.75	-1.01432808142857E-4
7.625	2.65723912857143E-4	7.775	-7.22372860571429E-5
7.65	2.07561967428571E-4	7.8	-3.66683210628571E-5
7.675	1.58984632571429E-4	7.825	-7.157813616E-5
7.7	2.30129133142857E-4	7.85	-8.65664887771428E-5
7.725	8.04624462857143E-5	7.875	-9.62141249142857E-5
7.75	1.70218965714286E-5	7.9	-8.78607385714286E-5
7.775	2.36465561714286E-4	7.925	-1.15241104742857E-4
7.8	1.44091742857143E-4	7.95	-1.06854137371429E-4
7.825	-5.83311559999999E-5	7.975	-1.43503929885714E-4
7.85	-9.92759845714285E-5	8	-1.52276856857143E-4
7.875	-2.20404637142857E-4	8.025	-1.79534123142857E-4
7.9	-2.27815924571429E-4	8.05	-1.19982262857143E-4
7.925	7.2238848E-5	8.075	-1.09397208857143E-4
7.95	1.87378391142857E-4	8.1	-6.50991408E-5
7.975	2.05992943628571E-4	8.125	-2.16248317428571E-5
8	1.40230043348571E-4	8.15	4.17925865142857E-5
8.025	1.568579216E-5	8.175	3.98858628285714E-5
8.05	-1.22452959172857E-4	8.2	6.28525984857143E-5
8.075	-1.09756676457143E-4	8.225	6.07912411142857E-5
8.1	4.36745451642857E-5	8.25	4.39594964857143E-5
8.125	1.99982530085714E-4	8.275	7.01638122857143E-6
8.15	2.82010824107143E-4	8.3	-2.21159869428571E-5
8.175	3.88360940571429E-4	8.325	-7.18360950285714E-5
8.2	2.40464567714286E-4	8.35	-1.24474277314286E-4
8.225	7.02293271428571E-5	8.375	-1.668202828E-4
8.25	-1.12909145142858E-5	8.4	-2.338146576E-4
8.275	-1.11307269257143E-4	8.425	-1.89039953857143E-4
8.3	-1.96238305657143E-4	8.45	-2.05021839428571E-4
8.325	1.90726237142857E-5	8.475	-1.798759E-4
8.35	9.98496145714285E-5	8.5	-1.27350752342857E-4
8.375	2.27374686571429E-4	8.525	-2.7264302E-5
8.4	3.30650681142857E-4	8.55	-2.91435026857143E-5
8.425	3.17960531142857E-4	8.575	-1.33557986857143E-5
8.45	8.34888554285714E-5	8.6	-6.68734105714286E-5
8.475	-5.32322724285714E-5	8.625	-1.12740877428571E-4
8.5	-2.09079651257143E-4	8.65	-1.34496380514286E-4
8.525	-2.56262771914286E-4	8.675	-1.19470706171429E-4
8.55	-1.31578186971429E-4	8.7	-5.66142778285714E-5
8.575	-1.86336701428571E-5	8.725	-7.29507689142857E-5
8.6	-3.3085564E-5	8.75	-1.06569186285714E-4
8.625	1.02539864857143E-4	8.775	-1.11277208428571E-4
8.65	1.67220250285714E-4	8.8	-1.26287295885714E-4
8.675	1.13114198857143E-4	8.825	-1.69134076942857E-4
8.7	1.78470208857143E-4	8.85	-1.75655294457143E-4
8.725	1.22119098285714E-4	8.875	-2.21908007571429E-4
8.75	-4.34388248571428E-5	8.9	-2.79811370285714E-4
8.775	-6.38105700285714E-5	8.925	-2.58919174285714E-4
8.8	-1.72927810857143E-5	8.95	-2.74405273771429E-4
8.825	-1.55265404028571E-4	8.975	-3.09599236742857E-4
8.85	-3.71650525714286E-5	9	-3.55041552628571E-4
8.875	1.53527124714286E-4	9.025	-3.39830158857143E-4
8.9	3.03205756285714E-4	9.05	-2.58125345028571E-4
8.925	4.85991341142857E-4	9.075	-1.09021759942857E-4
8.95	7.09989786571429E-4	9.1	-1.22964385142857E-5
8.975	5.01742250571428E-4	9.125	-6.48801067428571E-5
9	4.07556080285714E-4	9.15	-1.53289720628571E-4
9.025	3.45636373071428E-4	9.175	-2.64823998857143E-4
9.05	1.59685310171429E-4	9.2	-3.64914903142857E-4
9.075	-7.31435552714286E-5	9.225	-3.62269841857143E-4
9.1	-1.044155664E-4	9.25	-3.69763839085714E-4
9.125	-2.59034034642857E-4	9.275	-4.25633368257143E-4
9.15	-2.84931217428571E-4	9.3	-4.01812587657143E-4
9.175	-2.01580573142857E-4	9.325	-2.93989767571429E-4
9.2	-1.13800706571429E-4	9.35	-2.59827284285714E-4
9.225	-9.79385576285714E-5	9.375	-1.85618160285714E-4
9.25	7.11234357142857E-5	9.4	-1.45852014571429E-4
9.275	1.21223649742857E-4	9.425	-1.576982724E-4
9.3	4.26548790285714E-5	9.45	-1.75462002342857E-4
9.325	1.11338467285714E-4	9.475	-9.95017678285714E-5
9.35	9.17642465714286E-5	9.5	-6.74403688571428E-5
9.375	8.1526732E-5	9.525	-2.71461894285714E-5
9.4	1.75471382E-4	9.55	2.38560552E-5
9.425	1.78254958714286E-4	9.575	7.331669032E-5
9.45	7.17941803714286E-5	9.6	7.71953403314286E-5
9.475	1.05703144657143E-4	9.625	8.75210089314286E-5
9.5	1.53251280428571E-4	9.65	4.42654665485714E-5
9.525	1.32166814257143E-4	9.675	7.49105838285715E-6
9.55	1.0216308E-4	9.7	-5.64767490285714E-5
9.575	7.20784540571428E-5	9.725	-8.99860491714286E-5
9.6	-1.10240974542857E-4	9.75	-7.44663690285714E-5
9.625	-1.97297713714286E-5	9.775	-6.92041277142857E-5
9.65	5.07342455714285E-5	9.8	-8.44563185714285E-5
9.675	1.31776411428571E-5	9.825	-9.03987322857143E-5
9.7	-1.00351878571429E-4	9.85	-1.13221702571429E-4
9.725	-2.786333E-5	9.875	-8.73359128571428E-5
9.75	-1.55916692285714E-4	9.9	1.00462431428572E-5
9.775	-3.28817542857144E-6	9.925	6.82919191428571E-5
9.8	1.08765054E-4	9.95	5.44740039428572E-5
9.825	7.96558148571428E-5	9.975	-2.23743013142857E-5
9.85	-1.50284051714286E-4	10	-1.33673868914286E-4
9.875	-5.96284931428571E-5	10.025	-1.66455967857143E-4
9.9	-1.29483245142857E-4	10.05	-1.17615736342857E-4
9.925	-1.91028164571429E-4	10.075	-8.83716688857143E-5
9.95	-4.50659694285715E-5	10.1	-3.48669719142857E-5
9.975	-6.8988458E-5	10.125	-1.09279898857143E-5
10	-2.97415862571429E-4	10.15	-1.59918627142857E-5
10.025	-1.85689332571429E-4	10.175	-2.77388896857143E-5
10.05	-1.25994862571429E-4	10.2	8.21068962857143E-6
10.075	-2.44381274E-4	10.225	1.36455566571429E-5
10.1	-6.64960414285714E-5	10.25	8.1771352E-5
10.125	2.58736921428571E-5	10.275	1.77407384E-4
10.15	-1.208066368E-4	10.3	1.75681836857143E-4
10.175	8.02027917142856E-6	10.325	1.49146696285714E-4
10.2	2.32407706057143E-4	10.35	1.09029152E-4
10.225	2.63704552857142E-5	10.375	-1.93573575428571E-5
10.25	1.23399069714286E-4	10.4	-1.43492796057143E-4
10.275	3.11547875142857E-4	10.425	-2.22799729828571E-4
10.3	2.27451520571429E-4	10.45	-2.71861668285714E-4
10.325	4.35194496285714E-4	10.475	-2.41173083E-4
10.35	5.79803051428571E-4	10.5	-1.40364507342857E-4
10.375	1.64222104857143E-4	10.525	-3.92180728285714E-5
10.4	-4.47773377142857E-5	10.55	-3.10829183142857E-5
10.425	-9.09154771428571E-5	10.575	-4.44518098E-5
10.45	-3.97814939142857E-4	10.6	-5.42749218571428E-5
10.475	-4.12317748E-4	10.625	-5.43723688571428E-5
10.5	-2.60183130571428E-4	10.65	-8.12688838857143E-5
10.525	-2.56507699714286E-4	10.675	-7.03989709428571E-5
10.55	-1.19266338285714E-4	10.7	-1.04813446E-4
10.575	1.62547032E-4	10.725	-1.45865557914286E-4
10.6	2.31097804857143E-4	10.75	-2.09238706114286E-4
10.625	1.37193612E-4	10.775	-1.75463429571429E-4
10.65	1.91136513428571E-4	10.8	-1.07431340857143E-4
10.675	1.58784687428571E-4	10.825	8.23061514285714E-5
10.7	1.17773356E-4	10.85	1.96586322E-4
10.725	1.34950786857143E-4	10.875	2.17428369028571E-4
10.75	3.443074E-5	10.9	8.26913096457143E-5
10.775	-1.09258057714286E-4	10.925	-6.88257415771429E-5
10.8	-5.80179728E-5	10.95	-2.9153310064E-4
10.825	5.93650017142854E-6	10.975	-3.64522351828571E-4
10.85	8.90657442E-5	11	-3.78699059142857E-4
10.875	3.53864035885714E-4	11.025	-3.21648137942857E-4
10.9	4.796947518E-4	11.05	-1.91348759257143E-4
10.925	4.48811220457143E-4	11.075	-9.37361688E-5
10.95	3.25073828428571E-4	11.1	-1.08055573428571E-4
10.975	1.81318590857143E-4	11.125	-1.46071765857143E-4
11	-1.09391449542857E-4	11.15	-2.28109182228571E-4
11.025	-1.71524418057143E-4	11.175	-2.51358995114286E-4
11.05	-4.37631821142857E-5	11.2	-1.84079404514286E-4
11.075	-1.0633318E-5	11.225	-1.40482261285714E-4
11.1	1.15485044857143E-4	11.25	-9.39036245714285E-5
11.125	3.01355038E-4	11.275	-2.70451784E-5
11.15	2.52522984E-4	11.3	1.35702011885714E-5
11.175	2.11888262428571E-4	11.325	8.71106433371428E-5
11.2	2.49242667714286E-4	11.35	1.131858096E-5
11.225	1.58986642428571E-4	11.375	-9.22238625142857E-5
11.25	2.03818660857143E-4	11.4	-1.50380908942857E-4
11.275	3.51517747285714E-4	11.425	-1.57943672742857E-4
11.3	2.98886924285714E-4	11.45	-9.34481006571428E-5
11.325	9.56284588571428E-5	11.475	1.03064284E-5
11.35	4.45144474285714E-5	11.5	6.29077341428571E-5
11.375	-4.49187085571429E-6	11.525	1.03206188857143E-4
11.4	-9.05760464548571E-5	11.55	3.84403657142857E-5
11.425	2.98894863454286E-5	11.575	-3.72719748571429E-5
11.45	4.73155144022857E-5	11.6	-1.88099770857143E-4
11.475	-1.87109348284286E-4	11.625	-3.66336527142857E-4
11.5	-1.75557924857143E-4	11.65	-4.52704023714286E-4
11.525	-2.24062187428571E-4	11.675	-3.89246701E-4
11.55	-2.96631737428571E-4	11.7	-3.38161262E-4
11.575	-1.01757615428571E-4	11.725	-2.84020218142857E-4
11.6	7.28503832857143E-5	11.75	-2.00390242E-4
11.625	-2.29367677714286E-5	11.775	-1.65771165857143E-4
11.65	1.39557788285714E-5	11.8	-1.82755049714286E-4
11.675	-3.78763206285714E-5	11.825	-2.08053750857143E-4
11.7	-1.78514520142857E-4	11.85	-2.66872085428571E-4
11.725	-1.34996654285714E-4	11.875	-3.21933711285714E-4
11.75	7.90364857142841E-7	11.9	-3.88829924514286E-4
11.775	-6.02092222857143E-5	11.925	-4.79886112828571E-4
11.8	-4.6336216E-5	11.95	-4.73198325885714E-4
11.825	1.26824061142857E-4	11.975	-4.11056540622857E-4
11.85	8.1666366E-5	12	-3.20650861325714E-4
11.875	7.88592008571428E-5	12.025	-1.62589610022857E-4
11.9	1.45255462571429E-4	12.05	-4.97324008571428E-5
11.925	-7.38891825714285E-5	12.075	-1.47626378285714E-5
11.95	-2.03121538285714E-4	12.1	1.72532437142857E-5
11.975	-1.12048795714286E-4	12.125	7.52547673714285E-5
12	-1.27379549428571E-4	12.15	3.37000106857143E-5
12.025	-1.32236560571429E-4	12.175	-4.54008940571429E-5
12.05	7.73316831428572E-5	12.2	-1.66611223142857E-4
12.075	-4.59439777142857E-5	12.225	-2.77223404571429E-4
12.1	-2.54947070857143E-4	12.25	-2.56476044857143E-4
12.125	-2.25830684E-4	12.275	-1.51751941714286E-4
12.15	-2.28257567714286E-4	12.3	-1.36739984857143E-4
12.175	-3.16531019714286E-4	12.325	-4.28925642857143E-5
12.2	-5.61242885714286E-5	12.35	-4.36986874285714E-5
12.225	-5.58793465714286E-5	12.375	-9.39465614285714E-5
12.25	-1.97537993142857E-4	12.4	-1.18309803714286E-4
12.275	-1.81510846E-4	12.425	-1.78133963428571E-4
12.3	-1.740590372E-4	12.45	-2.65261618285714E-4
12.325	-3.01313929314286E-4	12.475	-2.51701037285714E-4
12.35	-1.83552786914286E-4	12.5	-2.03606000514286E-4
12.375	-7.68015065714286E-5	12.525	-1.02185574257143E-4
12.4	-8.42454148571428E-5	12.55	-2.78565575142857E-5
12.425	7.4523218E-5	12.575	-8.42856522857143E-6
12.45	2.68879654571429E-4	12.6	-4.78728855142857E-5
12.475	2.00957379714286E-4	12.625	-2.28349048571428E-5
12.5	2.25056293714286E-4	12.65	-6.00064062571429E-5
12.525	3.18107137428571E-4	12.675	-1.40926565428571E-4
12.55	1.38919314857143E-4	12.7	-1.98924170285714E-4
12.575	9.00928148571428E-5	12.725	-2.71075144285714E-4
12.6	2.53338288571428E-5	12.75	-3.19184878742857E-4
12.625	-2.41188082285714E-4	12.775	-2.44850782502857E-4
12.65	-2.95470295428571E-4	12.8	-2.11490145565714E-4
12.675	-1.89212417428571E-4	12.825	-1.83377676788571E-4
12.7	-2.66603838E-4	12.85	-1.38973610857143E-4
12.725	-3.01715391428571E-4	12.875	-1.47582284485714E-4
12.75	-3.00388623571429E-4	12.9	-1.88037687657143E-4
12.775	-4.05213467142857E-4	12.925	-1.50919987628571E-4
12.8	-4.28201385E-4	12.95	-1.31843660685714E-4
12.825	-1.36761816285714E-4	12.975	-1.48432500085714E-4
12.85	-2.19512242857145E-6	13	-1.63068741828571E-4
12.875	6.23917714285719E-7	13.025	-1.61348895942857E-4
12.9	2.00353671428571E-4	13.05	-2.47251870285714E-4
12.925	2.32649924E-4	13.075	-2.75807037714286E-4
12.95	3.45471571428571E-5	13.1	-2.88125832857143E-4
12.975	1.19836269428571E-4	13.125	-2.63768736285714E-4
13	1.99463025142857E-4	13.15	-2.26022081257143E-4
13.025	-3.99085111428572E-5	13.175	-1.86264574628571E-4
13.05	6.32410434285715E-5	13.2	-1.55784957542857E-4
13.075	8.74182045714285E-5	13.225	-1.24540994E-4
13.1	-1.44982372857143E-4	13.25	-1.47514945371429E-4
13.125	-1.80168750857143E-4	13.275	-1.22787567971429E-4
13.15	-4.76742965714286E-5	13.3	-9.75449839428571E-5
13.175	-1.37767728E-4	13.325	-5.09706229428571E-5
13.2	9.34189114285714E-5	13.35	-3.44673844E-5
13.225	2.22747562571429E-4	13.375	3.41795844857143E-5
13.25	7.79746562857143E-5	13.4	8.02402534285714E-5
13.275	-4.80919614285714E-5	13.425	1.18018439428571E-4
13.3	9.70100760000001E-6	13.45	1.08085944171429E-4
13.325	-8.71027923428571E-5	13.475	1.31354819645714E-4
13.35	-5.95404466857142E-5	13.5	1.14848107565714E-4
13.375	-1.50452345714285E-5	13.525	6.65587110742857E-5
13.4	-2.54446729371429E-4	13.55	-1.76075815428571E-5
13.425	-4.83420789828571E-4	13.575	-8.95569794285714E-5
13.45	-3.11775680228571E-4	13.6	-1.57213442571429E-4
13.475	-2.37217233714286E-4	13.625	-1.82747834E-4
13.5	-1.88166045714286E-4	13.65	-2.39630851142857E-4
13.525	4.44934837142857E-5	13.675	-3.15773687714286E-4
13.55	-5.69609394285714E-5	13.7	-4.09725592285714E-4
13.575	-3.44304530857143E-4	13.725	-4.55470404E-4
13.6	-3.58129574857143E-4	13.75	-3.70816074285714E-4
13.625	-3.48387223142857E-4	13.775	-2.03264582285714E-4
13.65	-3.94728337142857E-4	13.8	-4.40005611428571E-5
13.675	-7.4899832E-5	13.825	1.35142257428571E-4
13.7	1.13469744428571E-4	13.85	2.36102705142857E-4
13.725	2.94627304E-5	13.875	1.78749465142857E-4
13.75	1.17943002E-5	13.9	3.52736828571428E-5
13.775	-1.73180301714286E-5	13.925	-1.21948666285714E-4
13.8	-3.24937670428571E-4	13.95	-2.78267979714286E-4
13.825	-2.65883488E-4	13.975	-3.20346939714286E-4
13.85	-2.17550570571429E-4	14	-2.95987082285714E-4
13.875	-2.67230744285714E-4	14.025	-2.23401516285714E-4
13.9	-2.42037878285714E-4	14.05	-1.84315007428571E-4
13.925	-1.29349644857143E-4	14.075	-6.18870330857143E-5
13.95	-3.76277468571429E-4	14.1	-7.22543840000001E-6
13.975	-3.66536001714286E-4	14.125	6.18702872E-5
14	-2.04386782457143E-4	14.15	5.41117385714286E-5
14.025	-1.18046114514286E-4	14.175	2.77641881142857E-5
14.05	4.34959372571429E-5	14.2	-2.75405220857143E-5
14.075	3.82514488285714E-4	14.225	9.17598702857144E-6
14.1	2.94778291714286E-4	14.25	-2.16655454285714E-6
14.125	1.56039122285714E-4	14.275	3.67110677142857E-6
14.15	2.37619254E-4	14.3	9.25169985714286E-6
14.175	1.12878650571429E-4	14.325	-7.3242226E-6
14.2	-9.65386671428572E-5	14.35	2.46628931428572E-6
14.225	-2.01584674285715E-5	14.375	1.86870737428571E-5
14.25	-7.97143123857143E-5	14.4	3.03558946857143E-5
14.275	-1.38225048074286E-4	14.425	-9.75603788571429E-6
14.3	9.67550044485714E-5	14.45	-2.44458139428571E-5
14.325	3.1058483804E-4	14.475	-6.03014218857143E-5
14.35	2.43150755271429E-4	14.5	-1.80325565714286E-5
14.375	2.93971361E-4	14.525	-2.77151094285714E-5
14.4	1.58987406285714E-4	14.55	-5.23554614285714E-5
14.425	-1.65963580857143E-4	14.575	-4.25939885714286E-5
14.45	-2.52525835428571E-4	14.6	2.16910128571429E-5
14.475	-4.223842892E-4	14.625	1.11064998E-4
14.5	5.1588938E-4	14.65	2.3813788E-4
