time (ps)	KCl /4M	time (ps)	KCl /2M
-4.9	-2.8534112E-5	-5.05	2.6896131E-4
-4.875	2.0083365536E-4	-5.025	1.1807769584E-4
-4.85	2.03276719314286E-4	-5	2.35187133714286E-5
-4.825	2.58504338514286E-4	-4.975	-3.43257723714286E-5
-4.8	2.14979009885714E-4	-4.95	-2.96650493142857E-5
-4.775	8.1997524E-5	-4.925	-8.03946357428571E-5
-4.75	-2.95585714285778E-8	-4.9	-9.56401446857143E-5
-4.725	-7.80384715428571E-5	-4.875	-8.27346156285714E-5
-4.7	-1.75383111028571E-4	-4.85	-5.05592907428571E-5
-4.675	-1.685201196E-4	-4.825	-5.68290508E-5
-4.65	-9.81223096E-5	-4.8	-5.28709456571429E-5
-4.625	-1.59734103885714E-4	-4.775	-1.30845418171429E-4
-4.6	-1.065362992E-4	-4.75	-2.52494438571429E-4
-4.575	-7.88229142857165E-7	-4.725	-2.77553708E-4
-4.55	-2.83957197142857E-5	-4.7	-2.63475250285714E-4
-4.525	-9.16068088571428E-5	-4.675	-1.73708322285714E-4
-4.5	-1.14419057428571E-4	-4.65	-8.93774197142857E-5
-4.475	-2.44305266571429E-4	-4.625	-3.8413122E-5
-4.45	-2.45907893428571E-4	-4.6	-7.53606017142857E-5
-4.425	-1.08696119428571E-4	-4.575	-1.62797792E-4
-4.4	-6.0452502E-5	-4.55	-2.38236497285714E-4
-4.375	-7.55792062857143E-5	-4.525	-2.23279677771429E-4
-4.35	-2.17519494285714E-5	-4.5	-1.38505720685714E-4
-4.325	-4.25899311428571E-5	-4.475	-1.02724668742857E-4
-4.3	-8.86697044571428E-5	-4.45	-9.32981148E-5
-4.275	-2.21607919428571E-5	-4.425	-1.18676625571429E-4
-4.25	-5.57385187428571E-5	-4.4	-1.22329651114286E-4
-4.225	-1.33055954E-4	-4.375	-1.34192832028571E-4
-4.2	-8.26989849142857E-5	-4.35	-1.77771178742857E-4
-4.175	-2.54006996E-5	-4.325	-2.06127798971429E-4
-4.15	-3.72080682285714E-5	-4.3	-2.40467984857143E-4
-4.125	3.81792700571429E-5	-4.275	-1.49655147571429E-4
-4.1	2.42625446857143E-5	-4.25	-5.73909337142857E-5
-4.075	-2.74950010857143E-5	-4.225	4.01379261428572E-5
-4.05	1.62158731428572E-6	-4.2	5.1180911E-5
-4.025	3.57136797714286E-5	-4.175	6.10115054285714E-5
-4	-4.66330998857143E-5	-4.15	4.20650487142857E-5
-3.975	-6.71132713714286E-5	-4.125	5.33129925714286E-5
-3.95	-4.8864548E-5	-4.1	-5.06317642857143E-6
-3.925	-1.12317730914286E-4	-4.075	-3.46441225714286E-5
-3.9	-1.29713007828571E-4	-4.05	-2.81571094285714E-5
-3.875	-9.294223E-5	-4.025	3.05184757142856E-6
-3.85	-1.48598859028571E-4	-4	2.15936398285714E-5
-3.825	-1.59343660228571E-4	-3.975	-7.14760322857143E-6
-3.8	-7.22085962857143E-5	-3.95	-1.231638316E-4
-3.775	-6.01459920571429E-5	-3.925	-2.39732498142857E-4
-3.75	-7.52989846857143E-5	-3.9	-3.28904141714286E-4
-3.725	-2.80212922857143E-5	-3.875	-3.40697755428571E-4
-3.7	-1.07016610285714E-4	-3.85	-2.76532025714286E-4
-3.675	-1.9492174E-4	-3.825	-2.05436939142857E-4
-3.65	-1.82397420285714E-4	-3.8	-1.39269264571429E-4
-3.625	-1.30803651714286E-4	-3.775	-1.0363385E-4
-3.6	-1.33618716857143E-4	-3.75	-1.56134767714286E-4
-3.575	-5.81738371428572E-5	-3.725	-2.61341563714286E-4
-3.55	-7.97800256E-5	-3.7	-3.13482353714286E-4
-3.525	-1.39911569942857E-4	-3.675	-3.42855577714286E-4
-3.5	-1.346164876E-4	-3.65	-2.99013036142857E-4
-3.475	-5.9229462E-5	-3.625	-1.76505965085714E-4
-3.45	-7.75164125142857E-5	-3.6	-4.98405501142857E-5
-3.425	-3.97279158285714E-5	-3.575	1.02918374742857E-4
-3.4	-4.99351533714286E-5	-3.55	1.85254278628571E-4
-3.375	-9.20415951428571E-5	-3.525	1.76099579885714E-4
-3.35	-7.8463944E-5	-3.5	1.85564078885714E-4
-3.325	-3.40438929714286E-5	-3.475	1.15679333771429E-4
-3.3	-1.13521900857143E-4	-3.45	1.86005653571429E-5
-3.275	-1.02007561942857E-4	-3.425	8.82813617142858E-6
-3.25	-8.84009716571429E-5	-3.4	-3.74482717857143E-5
-3.225	-1.36088400457143E-4	-3.375	-1.167685668E-4
-3.2	-1.27927617942857E-4	-3.35	-1.38553018014286E-4
-3.175	-5.52326445714286E-5	-3.325	-1.34986660857143E-4
-3.15	-1.25519306342857E-4	-3.3	-1.28186818E-4
-3.125	-1.54376579542857E-4	-3.275	-7.96863145714286E-5
-3.1	-1.25535171142857E-4	-3.25	-4.37298766428571E-5
-3.075	-1.69357630857143E-4	-3.225	-3.99990904228571E-5
-3.05	-1.67045788285714E-4	-3.2	-4.60949779114286E-5
-3.025	-5.02929026857143E-5	-3.175	-1.17675162822857E-4
-3	-4.43629812E-5	-3.15	-1.84649761157143E-4
-2.975	-5.94169072571428E-5	-3.125	-1.92425411714286E-4
-2.95	4.82268994285715E-6	-3.1	-1.48869600885714E-4
-2.925	-9.18551788571427E-6	-3.075	-1.14087072914286E-4
-2.9	-2.28847172E-5	-3.05	-3.24312500857143E-5
-2.875	6.02546916E-5	-3.025	-9.01568209714286E-5
-2.85	7.13762156571428E-5	-3	-2.11398057857143E-4
-2.825	1.99039668E-5	-2.975	-2.3497513E-4
-2.8	3.10885910285714E-5	-2.95	-2.65634765714286E-4
-2.775	-1.23036390857143E-5	-2.925	-2.00544087714286E-4
-2.75	-8.50684991428571E-5	-2.9	-1.30592892857143E-4
-2.725	-4.77362382857143E-5	-2.875	-1.12290443142857E-4
-2.7	-2.43391177142857E-5	-2.85	-8.18689914285715E-5
-2.675	-5.00477665142857E-5	-2.825	1.36979197142857E-5
-2.65	-2.67782835428571E-5	-2.8	4.64524062857143E-5
-2.625	-1.02922855428571E-5	-2.775	7.7254384E-5
-2.6	-4.98874676571429E-5	-2.75	1.23351396285714E-4
-2.575	3.30024411428572E-6	-2.725	3.67368971428571E-5
-2.55	4.1155156E-5	-2.7	-4.2965884E-5
-2.525	-3.43588790857143E-5	-2.675	-7.323983E-5
-2.5	-1.07931658114286E-4	-2.65	-7.02506767428571E-5
-2.475	-1.29774743657143E-4	-2.625	-9.16864941428571E-5
-2.45	-2.15192822285714E-4	-2.6	-3.77125551E-5
-2.425	-2.04632827428571E-4	-2.575	7.02206282114286E-5
-2.4	-1.13949539257143E-4	-2.55	6.67349737914286E-5
-2.375	-9.76945289142857E-5	-2.525	5.00944729542857E-5
-2.35	-9.43141272571428E-5	-2.5	2.26694806E-5
-2.325	4.14002582857144E-6	-2.475	-6.74527636228571E-5
-2.3	1.40365189142857E-5	-2.45	-1.76084822825714E-4
-2.275	-6.05112053142857E-5	-2.425	-2.00154832765714E-4
-2.25	-7.17870808571428E-5	-2.4	-2.038093733E-4
-2.225	-1.58611065657143E-4	-2.375	-1.92607302742857E-4
-2.2	-2.95012414685714E-4	-2.35	-1.17651203371429E-4
-2.175	-2.810880288E-4	-2.325	-7.80758546857143E-5
-2.15	-2.40263319714286E-4	-2.3	-9.34547969714286E-5
-2.125	-2.38345856571429E-4	-2.275	-1.34025105514286E-4
-2.1	-1.18277593714286E-4	-2.25	-1.30079114628571E-4
-2.075	-5.09507791428571E-5	-2.225	-1.23335657028571E-4
-2.05	-8.9497788E-5	-2.2	-7.20055314285714E-5
-2.025	-5.2765692E-5	-2.175	-4.51480300571429E-5
-2	-4.75998068571429E-5	-2.15	-6.26146952E-5
-1.975	-1.36233758285714E-4	-2.125	-7.34985037714286E-5
-1.95	-1.52318927428571E-4	-2.1	-9.14854520857143E-5
-1.925	-1.62808741085714E-4	-2.075	-7.52323342E-5
-1.9	-2.22048990685714E-4	-2.05	1.28096689714286E-5
-1.875	-1.53282456228571E-4	-2.025	6.23780837142857E-5
-1.85	-3.57031171428571E-5	-2	6.00038983428571E-5
-1.825	-3.33905468571428E-5	-1.975	8.06310977428571E-5
-1.8	-4.06501265714286E-5	-1.95	7.79731209142857E-5
-1.775	-2.7372012E-5	-1.925	-8.38493328571429E-6
-1.75	-1.30944834571429E-4	-1.9	-6.59868682857143E-5
-1.725	-1.50202837714286E-4	-1.875	-6.44612922857143E-5
-1.7	-9.16849918857143E-5	-1.85	-1.02786215571429E-4
-1.675	-1.06214858514286E-4	-1.825	-1.00093856542857E-4
-1.65	-1.346647236E-4	-1.8	2.26850695142857E-5
-1.625	-7.45143431428571E-5	-1.775	1.09166224314286E-4
-1.6	-7.63975265714286E-5	-1.75	8.03949635714286E-5
-1.575	-5.03507869142857E-5	-1.725	6.63456335714286E-5
-1.55	3.81762559428571E-5	-1.7	3.11397344285714E-5
-1.525	1.71201948571429E-5	-1.675	-5.91143414285714E-5
-1.5	-1.04440615028571E-4	-1.65	-5.43987495714286E-5
-1.475	-1.26207632571429E-4	-1.625	2.66196571428571E-5
-1.45	-1.73231634857143E-4	-1.6	4.59684271428572E-6
-1.425	-2.45652686571429E-4	-1.575	-1.29458031428571E-5
-1.4	-1.87596722857143E-4	-1.55	3.04802000000002E-6
-1.375	-1.4673847E-4	-1.525	-3.84914165714286E-5
-1.35	-1.99170108571429E-4	-1.5	-7.688279E-5
-1.325	-1.26336090571429E-4	-1.475	-7.88409994285714E-5
-1.3	-7.43436682857143E-5	-1.45	-1.21395972571429E-4
-1.275	-1.0848868E-4	-1.425	-1.45384569828571E-4
-1.25	-6.22193294285714E-5	-1.4	-1.011028928E-4
-1.225	2.44653628571429E-6	-1.375	-7.12138382857143E-5
-1.2	-3.11506848571429E-5	-1.35	-6.33070705714286E-5
-1.175	-4.60735448571428E-5	-1.325	-2.03643217142857E-6
-1.15	-5.5720308E-5	-1.3	5.37441124571429E-5
-1.125	-1.28852479485714E-4	-1.275	5.73803930285714E-5
-1.1	-9.36388610285714E-5	-1.25	3.77029037714286E-5
-1.075	-9.75299462857144E-6	-1.225	-1.87457868857143E-5
-1.05	1.85787931428571E-5	-1.2	-7.91305816571428E-5
-1.025	3.38292853142857E-5	-1.175	-1.22123176771429E-4
-1	1.06293492571429E-4	-1.15	-4.09584212E-5
-0.975	2.10866417714286E-5	-1.125	4.62997705714284E-6
-0.95	-4.13846022857142E-6	-1.1	6.72196282857143E-5
-0.925	3.64528929714286E-5	-1.075	5.90610482857142E-5
-0.9	3.37374462857145E-6	-1.05	9.09171057142856E-6
-0.875	-3.58760531714286E-5	-1.025	-1.48248127142857E-4
-0.85	5.22708121142857E-5	-1	-2.17552909714286E-4
-0.825	2.15401827714286E-5	-0.975	-3.65363848857143E-4
-0.8	-2.72018936E-5	-0.95	-3.56140118357143E-4
-0.775	3.64806974E-5	-0.925	-3.16841345428571E-4
-0.75	4.57797422285714E-5	-0.9	-2.23058059785714E-4
-0.725	3.25572124571428E-6	-0.875	-1.02686098857143E-4
-0.7	2.67044614514286E-5	-0.85	4.02685478571429E-6
-0.675	3.38470691885714E-5	-0.825	-2.16195908571429E-5
-0.65	1.20755826E-5	-0.8	5.00426828571429E-6
-0.625	5.749984784E-5	-0.775	-3.94937702857143E-5
-0.6	1.4885674172E-4	-0.75	-5.28825267142857E-5
-0.575	1.40688053782857E-4	-0.725	1.67360257142858E-6
-0.55	1.459329654E-4	-0.7	3.2613512857143E-6
-0.525	1.54275477714286E-4	-0.675	4.89244831428571E-5
-0.5	1.16778486142857E-4	-0.65	1.16401105487143E-4
-0.475	1.35591017314286E-4	-0.625	9.80886790651428E-5
-0.45	2.32163092657143E-4	-0.6	9.96901448768571E-5
-0.425	2.21599205028571E-4	-0.575	1.12339939636571E-4
-0.4	1.97291412314286E-4	-0.55	5.21292846014286E-5
-0.375	1.96144745428571E-4	-0.525	1.08399114685714E-4
-0.35	1.33897393057143E-4	-0.5	1.05076376857143E-4
-0.325	9.40648217714286E-5	-0.475	1.20996356628571E-4
-0.3	1.20047144668571E-4	-0.45	1.20966962285714E-4
-0.275	8.29284932914286E-5	-0.425	1.56518736285714E-4
-0.25	2.03882790114286E-5	-0.4	2.19559191428571E-4
-0.225	6.10699138857143E-5	-0.375	2.88717446285714E-4
-0.2	1.051553776E-4	-0.35	3.31628093142857E-4
-0.175	1.41329015771429E-4	-0.325	3.77797611428571E-4
-0.15	2.87124464285714E-4	-0.3	5.08683543142857E-4
-0.125	3.87382864857143E-4	-0.275	6.97670678571428E-4
-0.1	4.69359606E-4	-0.25	0.00104419832514286
-0.075	6.60482291714286E-4	-0.225	0.00137339647714286
-0.05	9.2407784E-4	-0.2	0.00178098810857143
-0.025	0.00107925300971429	-0.175	0.00210954474571429
0	0.00128195315428571	-0.15	0.00253221478285714
0.025	0.00136436085142857	-0.125	0.00292431436
0.05	0.00124134672285714	-0.1	0.00331134267142857
0.075	0.00102586783914286	-0.075	0.00357952557428571
0.1	6.52171462E-4	-0.05	0.00382207458857143
0.125	-4.90370717142858E-5	-0.025	0.00391532049142857
0.15	-8.79577604857143E-4	0	0.00387608781142857
0.175	-0.00177596159457143	0.025	0.00370354094
0.2	-0.00277939067857143	0.05	0.00333774491142857
0.225	-0.00363899619428571	0.075	0.00281166718857143
0.25	-0.00434439761142857	0.1	0.00218538062857143
0.275	-0.00503061534285714	0.125	0.001537925754
0.3	-0.00556190491142857	0.15	8.59191467142857E-4
0.325	-0.00592323485428571	0.175	2.76907084571429E-4
0.35	-0.00629541082285714	0.2	-2.15416552857143E-4
0.375	-0.00651374351142857	0.225	-6.91007056E-4
0.4	-0.00658178741142857	0.25	-0.00121962348314286
0.425	-0.00664293614857143	0.275	-0.00185332610942857
0.45	-0.00654393114571429	0.3	-0.00260351759428571
0.475	-0.00629706378857143	0.325	-0.00347246077428571
0.5	-0.00603878498571429	0.35	-0.00427900670571429
0.525	-0.00565535556857143	0.375	-0.00494436891142857
0.55	-0.00516146248	0.4	-0.00534108510571429
0.575	-0.00474768989142857	0.425	-0.00559434208571429
0.6	-0.00441280152	0.45	-0.00561819216285714
0.625	-0.00401907	0.475	-0.00558079012857143
0.65	-0.00370337080285714	0.5	-0.00546285462
0.675	-0.00347227778285714	0.525	-0.00523636775714286
0.7	-0.00318911073714286	0.55	-0.00496580880571429
0.725	-0.00296021339142857	0.575	-0.00476944970857143
0.75	-0.00288372039428571	0.6	-0.00458232565714286
0.775	-0.00266780167142857	0.625	-0.00433833346571429
0.8	-0.00247100667428571	0.65	-0.00401857362571429
0.825	-0.00234665550285714	0.675	-0.00362028303428571
0.85	-0.00217033255142857	0.7	-0.00319257664285714
0.875	-0.00203740299714286	0.725	-0.00279806858571429
0.9	-0.00199202710857143	0.75	-0.00252845586
0.925	-0.00187267521142857	0.775	-0.00219293556
0.95	-0.00174442421428571	0.8	-0.00190853276857143
0.975	-0.00172896871428571	0.825	-0.00175653880857143
1	-0.00167891438857143	0.85	-0.00168057073714286
1.025	-0.00157680975142857	0.875	-0.00161081442857143
1.05	-0.00151241364285714	0.9	-0.00164638098857143
1.075	-0.0014215657	0.925	-0.00160737927714286
1.1	-0.00128677493714286	0.95	-0.00155192375714286
1.125	-0.00127281075428571	0.975	-0.00152880541142857
1.15	-0.00130326141428571	1	-0.00147713296857143
1.175	-0.00124850520142857	1.025	-0.00142819892285714
1.2	-0.00123393272228571	1.05	-0.00137959321428571
1.225	-0.00117565700971429	1.075	-0.00134886730571429
1.25	-0.00101826534657143	1.1	-0.00126375041285714
1.275	-9.10193024857143E-4	1.125	-0.00124240207371429
1.3	-8.61462680857143E-4	1.15	-0.00120402192828571
1.325	-7.85210653142857E-4	1.175	-0.00118076855657143
1.35	-8.28270522E-4	1.2	-0.00109568898571429
1.375	-8.80266840285714E-4	1.225	-0.00108334196285714
1.4	-7.67940869428571E-4	1.25	-0.00100501432
1.425	-6.76433170971428E-4	1.275	-9.67707876571428E-4
1.45	-6.47479156914286E-4	1.3	-9.07140387714286E-4
1.475	-5.33863750114286E-4	1.325	-8.56213318857143E-4
1.5	-5.1244326E-4	1.35	-7.34092199714286E-4
1.525	-5.79951345714286E-4	1.375	-6.35877646E-4
1.55	-5.63499636857143E-4	1.4	-5.92735140285714E-4
1.575	-5.56952324285714E-4	1.425	-5.47716907142857E-4
1.6	-6.21733544571429E-4	1.45	-4.85358849714286E-4
1.625	-5.82656050857143E-4	1.475	-4.36940560857143E-4
1.65	-4.85502654E-4	1.5	-4.39270120285714E-4
1.675	-4.65257373428571E-4	1.525	-4.64084791714286E-4
1.7	-4.40550345428571E-4	1.55	-5.43757911428571E-4
1.725	-3.82821107714286E-4	1.575	-5.60388971142857E-4
1.75	-4.07519999428571E-4	1.6	-5.65224012E-4
1.775	-4.19328397428571E-4	1.625	-5.20546309428571E-4
1.8	-3.58881884857143E-4	1.65	-4.71451680285714E-4
1.825	-3.99862416E-4	1.675	-4.30676055714286E-4
1.85	-4.34191106857143E-4	1.7	-4.36778446571429E-4
1.875	-4.0315944E-4	1.725	-4.57015768E-4
1.9	-4.17841710571429E-4	1.75	-4.83434666571429E-4
1.925	-4.33235923142857E-4	1.775	-5.67922250857143E-4
1.95	-3.96783052285714E-4	1.8	-6.25434222E-4
1.975	-4.09094329714286E-4	1.825	-6.18778948E-4
2	-4.23127361428571E-4	1.85	-5.73913833428571E-4
2.025	-3.34678031714286E-4	1.875	-5.48805750285714E-4
2.05	-2.81006320971429E-4	1.9	-5.17175647714286E-4
2.075	-3.10783953485714E-4	1.925	-5.1289438E-4
2.1	-2.99462008685714E-4	1.95	-5.03547459142857E-4
2.125	-2.87872140057143E-4	1.975	-5.01696139142857E-4
2.15	-3.23203208457143E-4	2	-5.15769342857143E-4
2.175	-2.59262984628571E-4	2.025	-5.23578843142857E-4
2.2	-2.17097695257143E-4	2.05	-6.03553568E-4
2.225	-3.28218268342857E-4	2.075	-6.63292840857143E-4
2.25	-3.83951203542857E-4	2.1	-6.6499131E-4
2.275	-3.82319224857143E-4	2.125	-6.23170220285714E-4
2.3	-3.95092198857143E-4	2.15	-5.43975251714286E-4
2.325	-3.11946868285714E-4	2.175	-4.21127113428571E-4
2.35	-1.49608296114286E-4	2.2	-3.04539829614286E-4
2.375	-7.65311549142857E-5	2.225	-2.51661502868571E-4
2.4	-4.92822969142857E-5	2.25	-1.9141887162E-4
2.425	-1.76083361142857E-5	2.275	-2.2320814944E-4
2.45	-7.74166815428571E-5	2.3	-2.77175676328571E-4
2.475	-1.43358132228571E-4	2.325	-3.34835866E-4
2.5	-1.26116383314286E-4	2.35	-3.54822532428571E-4
2.525	-1.555721584E-4	2.375	-3.33144790714286E-4
2.55	-1.69540064914286E-4	2.4	-2.35952096114286E-4
2.575	-1.03984598742857E-4	2.425	-2.37093672771429E-4
2.6	-1.08416772171429E-4	2.45	-2.54448015257143E-4
2.625	-9.11025837714285E-5	2.475	-2.35713555014286E-4
2.65	1.39590717142857E-5	2.5	-2.42127616022857E-4
2.675	3.39530314285714E-5	2.525	-2.06868628597143E-4
2.7	3.09523948571428E-6	2.55	-1.14246335594286E-4
2.725	3.13512584571429E-5	2.575	-1.38180685785714E-4
2.75	-2.26959048E-5	2.6	-1.56277196171429E-4
2.775	-5.9103678E-5	2.625	-1.46257408742857E-4
2.8	2.79047968571429E-5	2.65	-1.36640682057143E-4
2.825	6.17774034285714E-5	2.675	-1.18817718971429E-4
2.85	-1.05003677142857E-5	2.7	-6.68256822E-5
2.875	-9.15564314285713E-6	2.725	-1.66374885142857E-5
2.9	-4.71386157142857E-5	2.75	4.75536280571429E-5
2.925	-1.29743398742857E-4	2.775	4.78759885142857E-5
2.95	-5.28921633714285E-5	2.8	2.34210892857143E-5
2.975	1.84885744E-5	2.825	1.20302301428571E-6
3	7.00714314285715E-6	2.85	-5.13746779942857E-5
3.025	4.27956750857143E-5	2.875	-3.02533835685714E-5
3.05	8.59769114857143E-5	2.9	-1.46964705657143E-5
3.075	-5.50175394285714E-6	2.925	-4.85263492714286E-5
3.1	-4.89178297714286E-5	2.95	-8.37039225714286E-5
3.125	-4.25656212571428E-5	2.975	-9.63438314428571E-5
3.15	-1.27121787485714E-4	3	-7.05868437371429E-5
3.175	-2.034789284E-4	3.025	4.28644028314286E-5
3.2	-1.68902226285714E-4	3.05	1.21016133262857E-4
3.225	-1.79416439142857E-4	3.075	1.39188801985714E-4
3.25	-1.55240674285714E-4	3.1	9.93871146E-5
3.275	-3.51102092571429E-5	3.125	3.47498230571429E-5
3.3	6.01900622857144E-6	3.15	-3.46839042857143E-6
3.325	-2.24436043428571E-5	3.175	-2.69978078571429E-5
3.35	4.12901287428571E-5	3.2	-7.34160708571429E-6
3.375	6.47878420571428E-5	3.225	-3.96284157142858E-6
3.4	5.72326597142857E-5	3.25	-1.93407158E-5
3.425	1.33714295028571E-4	3.275	-1.83155606285714E-5
3.45	1.50622615657143E-4	3.3	4.16127290571429E-5
3.475	8.88472416E-5	3.325	2.54391555428571E-5
3.5	1.24037831085714E-4	3.35	5.00462842571429E-5
3.525	9.10876969714285E-5	3.375	8.31208137142857E-5
3.55	5.72969680000001E-6	3.4	6.73483404285714E-5
3.575	4.04734685714286E-5	3.425	3.49939756E-5
3.6	6.50828005714286E-5	3.45	-7.18385597142858E-6
3.625	3.38656162857143E-5	3.475	-1.21687068E-4
3.65	8.75645476571429E-5	3.5	-1.23407001914286E-4
3.675	1.06207650114286E-4	3.525	-1.22103488571429E-4
3.7	7.43806779428571E-5	3.55	-1.27129951142857E-4
3.725	9.29823905714286E-5	3.575	-7.88704845714286E-5
3.75	9.94757205714286E-5	3.6	-2.87195242285714E-5
3.775	4.91751074857143E-5	3.625	4.68410347428571E-5
3.8	2.57841533142857E-5	3.65	1.92041562914286E-4
3.825	3.61509717714286E-5	3.675	2.99029935142857E-4
3.85	2.1152038E-5	3.7	3.41391438857143E-4
3.875	6.42065514285714E-5	3.725	3.20801471714286E-4
3.9	1.48245807428571E-4	3.75	2.24167539857143E-4
3.925	1.32147958E-4	3.775	1.08656095028571E-4
3.95	1.15131764571429E-4	3.8	-2.33547573428571E-5
3.975	1.26136467942857E-4	3.825	-1.19010919257143E-4
4	4.29358366857143E-5	3.85	-1.83499899857143E-4
4.025	-2.17162600571429E-5	3.875	-1.70536473857143E-4
4.05	4.84166350285714E-5	3.9	-7.81056921714285E-5
4.075	4.43669016571429E-5	3.925	2.84163191428572E-6
4.1	7.07071673142857E-5	3.95	1.21505860114286E-4
4.125	1.88466176285714E-4	3.975	1.47548241571429E-4
4.15	2.66973831428571E-4	4	1.36349822571429E-4
4.175	2.67845981142857E-4	4.025	5.66107894285714E-5
4.2	3.40872130457143E-4	4.05	3.37519234285714E-5
4.225	3.55053212514286E-4	4.075	2.96863951428571E-5
4.25	2.81730675314286E-4	4.1	8.00694835714286E-5
4.275	2.41349682514286E-4	4.125	8.52205605142857E-5
4.3	2.19361661828571E-4	4.15	1.802026094E-4
4.325	7.53736402285714E-5	4.175	2.030929188E-4
4.35	-1.49316194285714E-5	4.2	1.61637746142857E-4
4.375	-1.95949744E-5	4.225	1.59833546857143E-4
4.4	-9.41293194857143E-5	4.25	4.98309017142857E-5
4.425	-1.61677187828571E-4	4.275	-2.0379854E-5
4.45	-1.37132446285714E-4	4.3	-2.77066585714286E-5
4.475	-2.03583535428571E-4	4.325	2.76453493142857E-5
4.5	-2.00362699142857E-4	4.35	2.38551483714286E-5
4.525	-6.32487762857143E-5	4.375	8.66118111428571E-5
4.55	1.85486911428571E-5	4.4	4.21037053428571E-5
4.575	6.06458531428571E-5	4.425	5.08870544E-5
4.6	1.42884424857143E-4	4.45	2.80909857142857E-5
4.625	1.10707488571429E-4	4.475	5.68287557714286E-5
4.65	7.72325514285714E-5	4.5	8.09369780285714E-5
4.675	1.39026130285714E-4	4.525	1.13459690914286E-4
4.7	1.33154586857143E-4	4.55	6.89331476285714E-5
4.725	8.08798250857143E-5	4.575	2.89913477428571E-5
4.75	1.15141291828571E-4	4.6	-2.22571485714286E-6
4.775	1.158999008E-4	4.625	-2.00372757428571E-5
4.8	8.17158597142857E-5	4.65	2.53012679428571E-5
4.825	1.07447151028571E-4	4.675	1.55908755285714E-4
4.85	1.06750957085714E-4	4.7	1.7504022E-4
4.875	-4.24420474285713E-6	4.725	1.69823050571429E-4
4.9	1.13749946857143E-5	4.75	1.44101871014286E-4
4.925	8.85362308571429E-6	4.775	5.744087468E-5
4.95	-1.90632348571428E-5	4.8	-4.537801966E-5
4.975	4.16074870285714E-5	4.825	-2.78045542914286E-5
5	1.02674245371429E-4	4.85	1.33667390714286E-5
5.025	9.53242435428571E-5	4.875	1.16769604714286E-4
5.05	1.68479174914286E-4	4.9	1.57535699142857E-4
5.075	1.99107420057143E-4	4.925	2.23974873428571E-4
5.1	1.41465855657143E-4	4.95	2.19796844285714E-4
5.125	1.43750844571429E-4	4.975	1.55668434857143E-4
5.15	1.237757E-4	5	9.51284728E-5
5.175	3.76400809142857E-5	5.025	1.12276788E-4
5.2	3.07604621714286E-5	5.05	8.90675033142857E-5
5.225	7.54087852E-5	5.075	1.17252300742857E-4
5.25	-2.64489485714286E-6	5.1	2.03191082857143E-4
5.275	-1.447149E-5	5.125	2.34159984142857E-4
5.3	2.54058568571428E-5	5.15	1.664112392E-4
5.325	-5.42815557142857E-5	5.175	1.61040059742857E-4
5.35	-9.09151377142857E-5	5.2	8.38598629142857E-5
5.375	-2.17124124571428E-5	5.225	-1.71059671428572E-6
5.4	-3.63928888E-5	5.25	-2.38766440857143E-5
5.425	-3.59134602857143E-5	5.275	-3.25608535142857E-5
5.45	6.70849755428571E-5	5.3	-6.97838404285714E-5
5.475	9.80656784E-5	5.325	3.10313268285714E-5
5.5	1.00440838114286E-4	5.35	6.46941918285714E-5
5.525	1.663914088E-4	5.375	7.24830255571429E-5
5.55	1.83236988E-4	5.4	7.56554953542857E-5
5.575	1.38764453542857E-4	5.425	1.30363942134286E-4
5.6	1.48023288742857E-4	5.45	1.39518284811429E-4
5.625	1.61958391085714E-4	5.475	1.64805940085714E-4
5.65	1.20986636742857E-4	5.5	1.64233726788571E-4
5.675	1.734479884E-4	5.525	1.12055078922857E-4
5.7	1.922295672E-4	5.55	5.39619882742857E-5
5.725	1.38718746685714E-4	5.575	1.13409228428571E-5
5.75	9.08808397142857E-5	5.6	-3.57590225714284E-6
5.775	8.90641529142857E-5	5.625	3.32238036571429E-5
5.8	1.77683996E-5	5.65	4.13035546857143E-5
5.825	3.82983420571428E-5	5.675	9.50287996571428E-5
5.85	1.25230320285714E-4	5.7	1.31463123142857E-4
5.875	1.3693504E-4	5.725	6.890358E-5
5.9	1.33342978E-4	5.75	1.94205865714286E-5
5.925	1.67794251714286E-4	5.775	1.46493215714286E-5
5.95	1.38237146E-4	5.8	-2.82536655571428E-5
5.975	8.50460046857143E-5	5.825	-3.97753890285714E-6
6	1.12113300171429E-4	5.85	7.11675206285715E-6
6.025	5.68636036E-5	5.875	-4.69111383428571E-6
6.05	-2.22634667428571E-5	5.9	4.39772946342857E-5
6.075	-1.51608594285714E-5	5.925	7.08082510685714E-5
6.1	-1.8408784E-5	5.95	6.32049593E-5
6.125	-5.36022314285714E-5	5.975	3.42584886571428E-5
6.15	-7.70478457142858E-6	6	9.30370320000001E-6
6.175	3.33927057142859E-6	6.025	-8.02115691428571E-6
6.2	-1.90673806857143E-5	6.05	9.68394972E-5
6.225	6.16074548571429E-5	6.075	2.10460518657143E-4
6.25	8.84590546285714E-5	6.1	2.62228624171429E-4
6.275	5.25385786285714E-5	6.125	2.80567328571429E-4
6.3	1.00515702285714E-4	6.15	2.99410905142857E-4
6.325	1.09100614857143E-4	6.175	2.53523395428571E-4
6.35	1.047334116E-4	6.2	2.30693922285714E-4
6.375	2.41718073657143E-4	6.225	2.06332639314286E-4
6.4	3.458233476E-4	6.25	1.70985023085714E-4
6.425	3.50516737142857E-4	6.275	1.19012493314286E-4
6.45	3.81089841714286E-4	6.3	1.11093343828571E-4
6.475	3.7948887E-4	6.325	1.273696212E-4
6.5	2.65473287142857E-4	6.35	1.73382725542857E-4
6.525	2.51670408285714E-4	6.375	1.91491974E-4
6.55	2.50860692571429E-4	6.4	2.13901638971429E-4
6.575	1.45257739428571E-4	6.425	1.64395754914286E-4
6.6	7.57563868571428E-5	6.45	9.27617682571428E-5
6.625	9.59283674285714E-5	6.475	7.64028298285714E-5
6.65	6.68910885714286E-5	6.5	5.06414784857143E-5
6.675	9.88139227428571E-5	6.525	5.44445955428571E-5
6.7	1.781267768E-4	6.55	-1.5827801E-5
6.725	1.34827098457143E-4	6.575	-1.06702099428571E-4
6.75	1.09862029714286E-4	6.6	-9.56486925714285E-5
6.775	1.19673304857143E-4	6.625	-2.48272432857143E-5
6.8	1.23389016857143E-4	6.65	3.25210974285714E-5
6.825	1.07061889428571E-4	6.675	1.87824965E-4
6.85	1.69809715771429E-4	6.7	2.16341117E-4
6.875	1.41816077885714E-4	6.725	2.26037031057143E-4
6.9	1.23691677485714E-4	6.75	2.59516492314286E-4
6.925	1.50376190857143E-4	6.775	1.85309061885714E-4
6.95	1.05709941714286E-4	6.8	2.14854877142856E-6
6.975	5.39185097142857E-5	6.825	-2.29866113142857E-5
7	8.20307542857143E-5	6.85	-1.15733786285714E-4
7.025	7.20016291428571E-5	6.875	-6.57282831428571E-5
7.05	-1.26530780571429E-5	6.9	6.98252322857143E-5
7.075	4.94752244E-5	6.925	1.42970452857143E-4
7.1	4.64468416571428E-5	6.95	1.20750516571429E-4
7.125	9.30472531428571E-6	6.975	2.09202973714286E-4
7.15	5.05092759428571E-5	7	1.93522602857143E-4
7.175	6.98876956E-5	7.025	1.61924657E-4
7.2	-9.40384885714285E-6	7.05	1.89205081371429E-4
7.225	2.45714446857143E-5	7.075	1.30382917114286E-4
7.25	4.75342620571429E-5	7.1	2.04143879428572E-5
7.275	-2.73042551428571E-5	7.125	-1.16421107142857E-5
7.3	-2.30026389142857E-5	7.15	1.44015191428571E-5
7.325	-4.81736319999999E-6	7.175	8.4427982E-5
7.35	-2.27356301142857E-5	7.2	2.01721089428571E-4
7.375	1.66828834857143E-5	7.225	3.00451205428571E-4
7.4	9.06648831428571E-5	7.25	2.86208493571429E-4
7.425	6.92015471428571E-5	7.275	2.39964240342857E-4
7.45	2.59388768571428E-5	7.3	1.096322586E-4
7.475	7.30080931428571E-5	7.325	-2.38274759428571E-5
7.5	6.76959577142857E-5	7.35	-8.35899972857143E-5
7.525	8.75959001142857E-5	7.375	-4.3397808E-5
7.55	1.64485118628571E-4	7.4	-1.34035548571429E-5
7.575	1.48912412685714E-4	7.425	1.00890066285714E-4
7.6	7.17406197142857E-5	7.45	2.03832238E-4
7.625	1.18263418914286E-4	7.475	2.08451719142857E-4
7.65	1.17645322457143E-4	7.5	2.26038189085714E-4
7.675	9.85146173142857E-5	7.525	2.069019144E-4
7.7	1.66696958914286E-4	7.55	7.88221776571428E-5
7.725	1.65309832685714E-4	7.575	-4.24003885714285E-6
7.75	8.12115813142857E-5	7.6	7.27967114285714E-6
7.775	9.92406468E-5	7.625	5.18907454285714E-5
7.8	7.27929513142857E-5	7.65	1.05381011142857E-4
7.825	-1.28185168571428E-5	7.675	1.31663447285714E-4
7.85	8.92433868571427E-6	7.7	1.250289272E-4
7.875	5.85710980571428E-5	7.725	7.56890774571428E-5
7.9	6.15177038285714E-5	7.75	3.98163683428571E-5
7.925	1.11238007485714E-4	7.775	1.250691006E-4
7.95	1.84860637028571E-4	7.8	1.65442199371429E-4
7.975	1.68548064914286E-4	7.825	1.881569436E-4
8	1.61287605542857E-4	7.85	1.68820162571429E-4
8.025	1.92909944914286E-4	7.875	8.08120065714286E-5
8.05	1.50948016685714E-4	7.9	-1.26224657142857E-5
8.075	1.367888132E-4	7.925	1.01124991428572E-5
8.1	2.189649256E-4	7.95	2.37649162857143E-5
8.125	1.84309002342857E-4	7.975	7.75480602857143E-5
8.15	8.94797642857143E-5	8	7.4049401E-5
8.175	6.66386582857143E-5	8.025	7.6298234857143E-6
8.2	-2.65326582857143E-5	8.05	-3.55944544E-5
8.225	-5.61563762857143E-5	8.075	-1.09174179371429E-4
8.25	1.06605534857143E-5	8.1	-1.45824328857143E-4
8.275	2.49457102857143E-6	8.125	-1.35945366857143E-4
8.3	-1.06346153085714E-4	8.15	-6.23249342E-5
8.325	-1.43683734571429E-4	8.175	9.23289595428571E-5
8.35	-2.65899735828571E-4	8.2	2.09910312657143E-4
8.375	-2.91177718342857E-4	8.225	1.76287441885714E-4
8.4	-1.96533471485714E-4	8.25	1.23861166514286E-4
8.425	-9.57177215428571E-5	8.275	3.08785665428571E-5
8.45	-1.01449779542857E-4	8.3	-6.58678666857143E-5
8.475	-2.97727905142857E-5	8.325	-5.77816138857143E-5
8.5	-2.90256681714286E-5	8.35	-4.88428305714286E-5
8.525	8.91989228571429E-6	8.375	-8.71763047428571E-5
8.55	1.46619034857143E-4	8.4	-7.89389813428571E-5
8.575	2.83438728E-4	8.425	5.60865901428571E-5
8.6	2.34886479428571E-4	8.45	1.03823815E-4
8.625	2.22803981714286E-4	8.475	1.65810075428571E-4
8.65	2.02831864857143E-4	8.5	1.56977202571429E-4
8.675	1.4792771E-4	8.525	8.23712534285714E-5
8.7	1.79023498057143E-4	8.55	9.97595347428571E-5
8.725	2.523551536E-4	8.575	1.74230269371429E-4
8.75	1.50999000057143E-4	8.6	1.42562578457143E-4
8.775	8.76941597142857E-5	8.625	8.14326768571428E-5
8.8	3.52623105714286E-5	8.65	-6.51847128571428E-6
8.825	-1.05463540114286E-4	8.675	-3.23257856E-5
8.85	-1.26445028914286E-4	8.7	8.28967024857143E-5
8.875	-2.54115255428571E-5	8.725	2.03769617828571E-4
8.9	-5.01931742857143E-6	8.75	2.76096957571428E-4
8.925	7.09183948571429E-5	8.775	2.62669989428571E-4
8.95	1.69598547428571E-4	8.8	1.6815763E-4
8.975	9.69015734285714E-5	8.825	1.27824704857143E-4
9	6.16550202857143E-5	8.85	7.67467481428571E-5
9.025	7.88133437142857E-5	8.875	-1.58381340571428E-5
9.05	3.72427714285714E-5	8.9	-5.15793700285714E-5
9.075	3.52404640000001E-6	8.925	-1.87651163428572E-5
9.1	5.11143494857143E-5	8.95	1.90368524285714E-5
9.125	7.26119832571429E-5	8.975	7.90410318571428E-5
9.15	5.75491997142857E-5	9	1.37610759142857E-4
9.175	9.58507965714286E-5	9.025	1.41398909457143E-4
9.2	8.8576756E-5	9.05	1.29259598728571E-4
9.225	2.45580121142857E-5	9.075	1.61909601171429E-4
9.25	-8.08802537142858E-6	9.1	1.878368105E-4
9.275	9.25252685714287E-6	9.125	2.25624439485714E-4
9.3	-8.38051314285714E-5	9.15	1.93636795242857E-4
9.325	-7.91701622285714E-5	9.175	1.56973463114286E-4
9.35	-4.52040125142857E-5	9.2	1.18792750114286E-4
9.375	-5.36908342857143E-5	9.225	1.00946449742857E-4
9.4	-3.3673598E-5	9.25	9.19059441714286E-5
9.425	2.66672956E-5	9.275	6.63936431142857E-5
9.45	2.26164553714286E-5	9.3	4.28405305142857E-5
9.475	5.94781304571429E-5	9.325	2.97649085714286E-6
9.5	1.40896014857143E-4	9.35	-3.44237527428571E-5
9.525	1.36314470571429E-4	9.375	-4.79957348E-5
9.55	9.68129834285714E-5	9.4	1.07971470057143E-4
9.575	1.120639336E-4	9.425	1.40030019542857E-4
9.6	1.03371665085714E-4	9.45	1.67919624085714E-4
9.625	1.13470597371429E-4	9.475	1.398559688E-4
9.65	1.86815319885714E-4	9.5	5.73925092571429E-5
9.675	2.04488193485714E-4	9.525	-3.40193534285714E-5
9.7	1.46844553142857E-4	9.55	-6.15362154285714E-6
9.725	1.03110246571429E-4	9.575	8.09557754857143E-5
9.75	1.821152E-5	9.6	1.76944987E-4
9.775	-5.73562151428571E-5	9.625	2.11616262285714E-4
9.8	-3.11281969142857E-5	9.65	2.53129956E-4
9.825	4.29913632571428E-5	9.675	2.38627058428571E-4
9.85	7.44160273714286E-5	9.7	1.822410748E-4
9.875	1.35549435142857E-4	9.725	1.50780125671429E-4
9.9	1.74897546285714E-4	9.75	1.60749320148571E-4
9.925	1.35398268571429E-4	9.775	1.55796968231429E-4
9.95	1.48609906285714E-4	9.8	1.60486016648571E-4
9.975	1.94250800285714E-4	9.825	1.48011698294286E-4
10	1.10088416857143E-4	9.85	9.390396874E-5
10.025	5.86775954285714E-5	9.875	6.29596505942857E-5
10.05	6.83818407428571E-5	9.9	7.66888484428571E-5
10.075	7.95421657142845E-7	9.925	9.26482875714286E-5
10.1	3.68965074285714E-6	9.95	1.56798696057143E-4
10.125	7.69943551428571E-5	9.975	1.86143952885714E-4
10.15	5.69477234285714E-5	10	1.36914643914286E-4
10.175	2.7228216E-5	10.025	1.579882842E-4
10.2	7.37791462857143E-5	10.05	2.11542952314286E-4
10.225	4.696482E-5	10.075	1.81996032628571E-4
10.25	5.81253502857143E-5	10.1	1.70959373E-4
10.275	1.13532339714286E-4	10.125	6.82878091428571E-5
10.3	5.24209271428571E-5	10.15	-3.79413828571428E-5
10.325	-1.04995134285714E-5	10.175	-4.84492095428571E-5
10.35	2.92627525714286E-5	10.2	1.494237626E-5
10.375	3.00158194285714E-5	10.225	1.01421037078857E-4
10.4	5.3179266E-5	10.25	1.42851091342286E-4
10.425	1.05575398285714E-4	10.275	6.6011515536E-5
10.45	5.72007485714286E-5	10.3	2.99597669171428E-5
10.475	-2.13593914285714E-6	10.325	2.52606526285714E-5
10.5	3.26595631428571E-5	10.35	7.23740020285714E-5
10.525	-7.070342E-6	10.375	1.98008383085714E-4
10.55	-4.25064774285714E-5	10.4	2.49794481028571E-4
10.575	-5.24721371428571E-5	10.425	2.24928504571429E-4
10.6	-5.98981602857143E-5	10.45	2.17250836E-4
10.625	-9.15972848571428E-5	10.475	1.68967584571429E-4
10.65	-3.90871457142856E-6	10.5	1.62848269142857E-4
10.675	3.68501237142857E-5	10.525	1.41375308571429E-4
10.7	7.72036471428572E-5	10.55	5.36410568571429E-5
10.725	1.50292788285714E-4	10.575	-4.90210654285714E-5
10.75	2.19149375142857E-4	10.6	-5.88642197142857E-5
10.775	1.85584193428571E-4	10.625	-1.34919168571429E-5
10.8	1.54469126E-4	10.65	1.46334340857143E-4
10.825	1.40841772285714E-4	10.675	2.36028761142857E-4
10.85	7.7626094E-5	10.7	2.81841269428571E-4
10.875	7.69320331428572E-5	10.725	2.7866773E-4
10.9	1.49935723142857E-4	10.75	2.57621256857143E-4
10.925	1.57219282857143E-4	10.775	2.03248708114286E-4
10.95	1.32592520285714E-4	10.8	1.794363902E-4
10.975	1.28489262E-4	10.825	8.89217735428571E-5
11	4.20461185714286E-5	10.85	1.06756254285714E-5
11.025	-2.49426257142857E-5	10.875	2.25926359999999E-6
11.05	-8.09702714285714E-6	10.9	3.03556093714286E-5
11.075	-9.59674171428572E-6	10.925	1.51699727314286E-4
11.1	-9.79704571428572E-6	10.95	2.19347550285714E-4
11.125	7.38712771428571E-5	10.975	1.69018531142857E-4
11.15	9.1953486E-5	11	1.27283221285714E-4
11.175	9.88920165714286E-5	11.025	7.10809105714285E-5
11.2	1.54213040571429E-4	11.05	9.03121378571429E-5
11.225	1.60719284285714E-4	11.075	1.22445329714286E-4
11.25	1.17254102285714E-4	11.1	1.52837208857143E-4
11.275	1.65445854571429E-4	11.125	1.10251059857143E-4
11.3	2.03222007714286E-4	11.15	1.218309852E-4
11.325	1.8948277E-4	11.175	9.35113306E-5
11.35	2.25425586E-4	11.2	1.61113547657143E-4
11.375	2.12209446285714E-4	11.225	1.16518506942857E-4
11.4	1.27858184857143E-4	11.25	8.08616250285714E-5
11.425	5.21870205714286E-5	11.275	4.26568612571428E-5
11.45	6.71052297142857E-5	11.3	6.28229223428571E-5
11.475	3.80170774285714E-5	11.325	1.28851105828571E-4
11.5	7.9454486E-5	11.35	2.63503812857143E-4
11.525	1.10184388E-4	11.375	3.3007455E-4
11.55	7.01097957142857E-5	11.4	3.27508141714286E-4
11.575	1.79723857142857E-5	11.425	2.94411788685714E-4
11.6	4.69139674285714E-5	11.45	2.584859912E-4
11.625	7.13154799999999E-6	11.475	3.19740863257143E-4
11.65	2.503408E-5	11.5	3.72835818857143E-4
11.675	7.52034662857143E-5	11.525	3.74902075571429E-4
11.7	5.05680717142857E-5	11.55	2.729305468E-4
11.725	4.22082977142857E-5	11.575	1.38530899257143E-4
11.75	8.20112305714286E-5	11.6	4.12757629142857E-5
11.775	5.4149516E-5	11.625	5.46569469142857E-5
11.8	1.29886388571428E-5	11.65	9.55304641142857E-5
11.825	9.410694E-6	11.675	1.78604616714286E-4
11.85	-3.73428314285714E-5	11.7	2.54856393142857E-4
11.875	-5.44736334285714E-5	11.725	3.32145617142857E-4
11.9	1.43818708571429E-5	11.75	3.79060865428571E-4
11.925	4.77080222857143E-5	11.775	3.22650209714286E-4
11.95	3.0500382E-5	11.8	2.06316342E-4
11.975	7.51099597142857E-5	11.825	1.00622753685714E-4
12	6.14896334285714E-5	11.85	-3.30120126285714E-5
12.025	7.05102794285714E-5	11.875	-1.40008579514286E-4
12.05	1.60175572857143E-4	11.9	-1.43062849257143E-4
12.075	2.32423457142857E-4	11.925	-1.13635912714286E-4
12.1	1.80132713142857E-4	11.95	-1.08512983428571E-4
12.125	1.94718025714286E-4	11.975	-3.40167737142857E-5
12.15	1.45180023142857E-4	12	5.39964599428571E-5
12.175	7.5653774E-5	12.025	1.26874102685714E-4
12.2	4.73190865714286E-5	12.05	1.94492263371429E-4
12.225	4.44305142857143E-5	12.075	2.21713632E-4
12.25	-3.17850877142857E-5	12.1	1.85164938571429E-4
12.275	-5.57839488571429E-5	12.125	9.37626962857143E-5
12.3	-3.78803325714286E-5	12.15	6.22993045714287E-6
12.325	-3.11333048571429E-5	12.175	-3.32926856285714E-5
12.35	2.41185425714286E-5	12.2	-3.09212616E-5
12.375	8.70452288571428E-5	12.225	-8.21439645428571E-5
12.4	8.84901225714286E-5	12.25	-1.11116890171429E-4
12.425	8.19936045714286E-5	12.275	-6.06078509428572E-5
12.45	1.57391046857143E-4	12.3	1.25566571428571E-6
12.475	2.09191730857143E-4	12.325	2.18271051428571E-5
12.5	2.70257863714286E-4	12.35	7.5838188E-5
12.525	3.66867387714286E-4	12.375	8.2663772E-5
12.55	3.48805729714286E-4	12.4	3.32931018285714E-5
12.575	2.49041423428571E-4	12.425	6.82210004E-5
12.6	2.39459382857143E-4	12.45	1.51982183428571E-4
12.625	2.17168848857143E-4	12.475	1.97947187771429E-4
12.65	1.69483858E-4	12.5	2.28689840857143E-4
12.675	1.86307018285714E-4	12.525	1.93246202714286E-4
12.7	1.56022158857143E-4	12.55	1.24236700771429E-4
12.725	4.57170134285714E-5	12.575	1.02597261742857E-4
12.75	2.56882E-6	12.6	8.79370600571429E-5
12.775	-5.99944962857143E-5	12.625	1.35264722771429E-4
12.8	-1.45300936285714E-4	12.65	2.10370112171429E-4
12.825	-1.69380006285714E-4	12.675	2.14031333E-4
12.85	-1.17621723428571E-4	12.7	2.52349843022857E-4
12.875	-9.34236117142857E-5	12.725	2.96259546382857E-4
12.9	1.10636445714286E-5	12.75	2.03979565737143E-4
12.925	1.18979758571429E-4	12.775	1.29914296514286E-4
12.95	8.52024825714286E-5	12.8	4.97371962285714E-5
12.975	4.87865208571428E-5	12.825	-2.10073826E-5
13	4.12844448571428E-5	12.85	6.39783565714286E-6
13.025	-6.57991942857143E-6	12.875	1.09442710428571E-4
13.05	7.79081971428571E-6	12.9	2.27133268285714E-4
13.075	8.83492745714286E-5	12.925	2.59320617142857E-4
13.1	7.17526822857143E-5	12.95	2.62687358857143E-4
13.125	6.01802434285714E-5	12.975	3.53774100857143E-4
13.15	4.51419571428571E-5	13	3.67369420285714E-4
13.175	-1.82100828571429E-5	13.025	2.89194441714286E-4
13.2	-3.41654385714286E-5	13.05	2.98757456857143E-4
13.225	3.86079305714286E-5	13.075	2.00964846285714E-4
13.25	4.9972462E-5	13.1	1.03023750057143E-4
13.275	5.40043088571428E-5	13.125	9.43540614571428E-5
13.3	4.56561751428571E-5	13.15	7.81321200285714E-5
13.325	-3.89316057142857E-6	13.175	2.54548344857143E-5
13.35	-3.94304965714286E-5	13.2	-2.26764560285714E-5
13.375	4.731192E-5	13.225	-1.10248614285713E-6
13.4	7.30418785714286E-5	13.25	5.74866242857143E-6
13.425	3.74666577142857E-5	13.275	1.6424037E-5
13.45	2.67976665714286E-5	13.3	7.33239781142857E-5
13.475	3.03700462857143E-5	13.325	9.94626490571429E-5
13.5	8.6391702857143E-6	13.35	3.83601832571429E-5
13.525	7.6908902E-5	13.375	2.56893667142857E-5
13.55	9.94654702857143E-5	13.4	-1.30171515142857E-5
13.575	1.68506308571429E-5	13.425	3.0309472E-5
13.6	-7.06373334285714E-5	13.45	1.94723680257143E-4
13.625	-7.29664022857143E-5	13.475	2.98491659828571E-4
13.65	-9.04667454285714E-5	13.5	2.67651647571429E-4
13.675	-2.78726317142857E-5	13.525	2.47661239142857E-4
13.7	6.60848905714286E-5	13.55	1.54677749E-4
13.725	6.5184986E-5	13.575	1.34650285828571E-4
13.75	4.58760891428572E-5	13.6	1.893210542E-4
13.775	6.44685634285714E-5	13.625	2.31676501542857E-4
13.8	3.59051137142857E-5	13.65	2.05768177E-4
13.825	4.00411665714286E-5	13.675	2.70400567428571E-4
13.85	1.05749258285714E-4	13.7	2.54535902857143E-4
13.875	7.29534848571428E-5	13.725	2.63139587828571E-4
13.9	4.20562828571428E-5	13.75	2.44230630628571E-4
13.925	5.69513297142857E-5	13.775	1.94718331828571E-4
13.95	-2.74764051428571E-5	13.8	1.27725472285714E-4
13.975	-1.19335208285714E-4	13.825	9.85483885428571E-5
14	-6.26505248571429E-5	13.85	6.96310468E-5
14.025	-6.18515428571432E-6	13.875	6.93856486285714E-5
14.05	3.50468831428571E-5	13.9	1.16550573714286E-4
14.075	1.35214596571429E-4	13.925	1.21323262914286E-4
14.1	1.10676575428571E-4	13.95	1.25576648114286E-4
14.125	2.7375422857143E-6	13.975	1.18922975571429E-4
14.15	-1.9439738E-5	14	1.53159478285714E-4
14.175	-1.2398654E-5	14.025	1.31380547857143E-4
14.2	-1.06086348571429E-5	14.05	1.69585756057143E-4
14.225	5.54056137142857E-5	14.075	1.38078400171429E-4
14.25	9.21354045714286E-5	14.1	1.417491516E-4
14.275	6.15296131428571E-5	14.125	1.20685488057143E-4
14.3	7.6525364E-5	14.15	1.65037712857143E-4
14.325	1.28620448E-4	14.175	1.96278113514286E-4
14.35	9.41448071428571E-5	14.2	2.040222316E-4
14.375	7.39580997142857E-5	14.225	1.94630060514286E-4
14.4	9.59768391428571E-5	14.25	1.68056261257143E-4
14.425	7.23313688571429E-5	14.275	1.02152424371429E-4
14.45	6.95092597142857E-5	14.3	1.06576341142857E-5
14.475	1.37761929428571E-4	14.325	-1.74388006571428E-5
14.5	1.09476852E-4	14.35	-4.69609578857143E-5
14.525	6.18578242857143E-5	14.375	-6.16201793428571E-5
14.55	5.6325286E-5	14.4	-1.402142516E-4
14.575	4.32156194285714E-5	14.425	-1.86783623485714E-4
14.6	6.6267932E-5	14.45	-3.048863456E-4
14.625	-5.610935E-5	14.475	-1.8603994E-4
