time (ps)	Na2CO3 / 0.25M	time (ps)	Na2CO3 / 0.1M
-5.06	-2.8964938E-5	14.6	1.8793936E-4
-5.035	-2.641103704E-5	14.575	7.985298748E-5
-5.01	1.17599080942857E-4	14.55	6.74738300571429E-5
-4.985	1.54758431685714E-4	14.525	5.46923421142857E-5
-4.96	2.14842661171429E-4	14.5	4.58893578571429E-5
-4.935	1.24291339285714E-4	14.475	9.72748528571429E-6
-4.91	1.61278984285715E-5	14.45	-4.03567246E-5
-4.885	-1.35794264971429E-4	14.425	-9.54645714571428E-5
-4.86	-5.67437836285714E-5	14.4	-1.55676216428571E-4
-4.835	5.23943841714286E-5	14.375	-1.79677043714286E-4
-4.81	1.27143733E-4	14.35	-1.55071693E-4
-4.785	7.12187400000001E-6	14.325	-1.74128733657143E-4
-4.76	8.80069457142858E-6	14.3	-1.88841797971429E-4
-4.735	-6.37997335714286E-5	14.275	-1.540134808E-4
-4.71	-2.18236956171429E-4	14.25	-1.77904711285714E-4
-4.685	-1.55280230657143E-4	14.225	-1.59205874142857E-4
-4.66	-2.957805396E-4	14.2	-1.31971181085714E-4
-4.635	-4.42698764857143E-4	14.175	-1.30129209114286E-4
-4.61	-2.960111228E-4	14.15	-9.98936965142857E-5
-4.585	-1.46662312257143E-4	14.125	-3.26282227142857E-5
-4.56	-9.76072948E-5	14.1	-5.23502471428572E-6
-4.535	7.51818405428571E-5	14.075	2.30665523428571E-5
-4.51	8.62420394857143E-5	14.05	-3.53152668285714E-5
-4.485	-1.26997670285714E-5	14.025	-1.53952768514286E-4
-4.46	8.78963085714284E-6	14	-1.93838624514286E-4
-4.435	-5.56561797142857E-5	13.975	-2.48270043051429E-4
-4.41	-1.16696362571429E-4	13.95	-2.21139389325714E-4
-4.385	-1.16808058E-4	13.925	-1.59406404708571E-4
-4.36	-2.063027356E-4	13.9	-1.10912310057143E-4
-4.335	-3.77119924228571E-4	13.875	-8.75291038E-5
-4.31	-5.27196572171428E-4	13.85	-5.95184015142857E-5
-4.285	-6.15449417714285E-4	13.825	-8.55612261142857E-5
-4.26	-5.21749036E-4	13.8	-3.63157916E-5
-4.235	-3.9194896E-4	13.775	1.91172803142857E-5
-4.21	-2.96442528142857E-4	13.75	6.58794154285714E-5
-4.185	-2.38220020971429E-4	13.725	9.47801525428571E-5
-4.16	-2.51944760485714E-4	13.7	5.27729475428571E-5
-4.135	-3.81129247542857E-4	13.675	-4.39170077714286E-5
-4.11	-4.15213064142857E-4	13.65	-1.15934233828571E-4
-4.085	-4.97101304571429E-4	13.625	-1.14565557857143E-4
-4.06	-4.58183552571429E-4	13.6	-4.19509451428571E-5
-4.035	-3.47817255571429E-4	13.575	4.86308417142857E-5
-4.01	-1.599887456E-4	13.55	1.60283862857143E-4
-3.985	-1.37908144942857E-4	13.525	1.67818617428571E-4
-3.96	-1.12067824457143E-4	13.5	7.4227778E-5
-3.935	-2.02654877E-4	13.475	1.89894762857143E-5
-3.91	-1.45952655714286E-4	13.45	-3.959971E-5
-3.885	-9.94313522857143E-5	13.425	-1.01774225142857E-4
-3.86	-7.46963322857143E-5	13.4	-6.73229141428572E-5
-3.835	-1.02749564285714E-4	13.375	-4.53298443428571E-5
-3.81	-1.72101536114286E-4	13.35	-7.13428240285714E-5
-3.785	-2.70719286914286E-4	13.325	-6.87066200571428E-5
-3.76	-6.31745872571428E-5	13.3	-6.35341598571429E-5
-3.735	8.63903245714286E-5	13.275	-7.03265599E-5
-3.71	1.27935809428571E-4	13.25	-4.34792094457143E-5
-3.685	1.38322659428571E-4	13.225	-1.28127554371429E-5
-3.66	-3.54485268571428E-5	13.2	2.53229359257143E-5
-3.635	-1.83168633571429E-4	13.175	5.52236197857143E-5
-3.61	-1.67172558542857E-4	13.15	9.08788149428571E-5
-3.585	-1.75836943514286E-4	13.125	9.3662213E-5
-3.56	-2.35393119057143E-4	13.1	5.66001885714286E-5
-3.535	-2.978567866E-4	13.075	-1.08314031428571E-5
-3.51	-3.64204034714286E-4	13.05	-3.08566788E-5
-3.485	-5.27262648E-4	13.025	-4.56605978285714E-5
-3.46	-5.22079071428571E-4	13	-1.12507494285714E-5
-3.435	-4.46918904857143E-4	12.975	-1.61898698285714E-5
-3.41	-3.82485874857143E-4	12.95	-8.03925559999998E-6
-3.385	-3.66863640857143E-4	12.925	-2.54241473714286E-5
-3.36	-2.84183665428571E-4	12.9	-1.66192821428571E-5
-3.335	-4.32335970857143E-4	12.875	4.7793064E-6
-3.31	-5.77870391714286E-4	12.85	7.25713619999999E-6
-3.285	-6.44567245142857E-4	12.825	-1.51982638857143E-5
-3.26	-7.20002478285714E-4	12.8	1.08884831428571E-5
-3.235	-8.26713771428571E-4	12.775	3.97925158285714E-5
-3.21	-7.23546640428571E-4	12.75	2.84251267714285E-5
-3.185	-4.970374024E-4	12.725	3.20321045428571E-5
-3.16	-3.19691342771428E-4	12.7	1.90261492857143E-5
-3.135	-1.313651304E-4	12.675	3.98973724285714E-5
-3.11	-4.59056744285714E-5	12.65	7.66867042857143E-5
-3.085	-2.58195751885714E-4	12.625	1.12234074714286E-4
-3.06	-3.59418519085714E-4	12.6	4.76388786285714E-5
-3.035	-2.42963591885714E-4	12.575	-2.44021264E-5
-3.01	-2.02476591714286E-4	12.55	-8.47952879428571E-5
-2.985	-1.6844051E-4	12.525	-1.13673344257143E-4
-2.96	-1.90948108E-4	12.5	-9.05188811714286E-5
-2.935	-4.61294946E-4	12.475	-3.94141171428568E-7
-2.91	-6.27724306E-4	12.45	4.86364023142857E-5
-2.885	-5.75467204857143E-4	12.425	8.44398162857143E-5
-2.86	-5.12609856285714E-4	12.4	8.63944228285714E-5
-2.835	-3.17102466571429E-4	12.375	6.85189123714286E-5
-2.81	-5.14479302857143E-5	12.35	4.32695502857142E-6
-2.785	1.06316471428571E-5	12.325	-2.91209246285714E-5
-2.76	1.06373731428571E-5	12.3	-3.70855868571429E-6
-2.735	7.13197737142857E-5	12.275	6.51562937428571E-5
-2.71	-6.49993362857143E-5	12.25	1.22646136914286E-4
-2.685	-6.90993514285714E-5	12.225	1.62738124171429E-4
-2.66	9.91220634285714E-5	12.2	1.37302030817143E-4
-2.635	4.04445468571428E-5	12.175	3.164643508E-5
-2.61	-6.56501125714285E-5	12.15	-5.11713593257143E-5
-2.585	7.42892314285714E-6	12.125	-1.02961416314286E-4
-2.56	-7.24333198571428E-5	12.1	-1.264321296E-4
-2.535	-1.34767330742857E-4	12.075	-9.36599120571429E-5
-2.51	-6.93725426571428E-5	12.05	-4.3771403E-5
-2.485	-2.11739709371429E-4	12.025	8.17853942857143E-7
-2.46	-3.82402004885714E-4	12	4.56896536857143E-5
-2.435	-4.02220114057143E-4	11.975	6.73031774E-5
-2.41	-3.85457429714286E-4	11.95	5.46137922285714E-5
-2.385	-4.10332743428571E-4	11.925	3.95170850571429E-5
-2.36	-3.41045541142857E-4	11.9	9.210857E-6
-2.335	-3.03553669714286E-4	11.875	-1.66826294571429E-5
-2.31	-2.67375762142857E-4	11.85	-7.30494569142857E-5
-2.285	-1.89301545771429E-4	11.825	-1.45753487085714E-4
-2.26	-1.22082799171429E-4	11.8	-1.92117317E-4
-2.235	-1.38263209314286E-4	11.775	-1.78701345857143E-4
-2.21	-1.97433433342857E-4	11.75	-1.10668450285714E-4
-2.185	-2.731622444E-4	11.725	-1.41192655714286E-5
-2.16	-2.83805859157143E-4	11.7	7.81907817142857E-5
-2.135	-2.51541623194286E-4	11.675	8.07875698571428E-5
-2.11	-7.12703519114286E-5	11.65	8.07331048571429E-5
-2.085	1.25946144057143E-5	11.625	3.76466725714285E-5
-2.06	-2.22115859571429E-5	11.6	1.3305613E-5
-2.035	3.32576884285714E-5	11.575	-2.63445966285714E-5
-2.01	3.61160114285714E-5	11.55	-5.42839434571428E-5
-1.985	-4.78008574285714E-5	11.525	-3.56206014857143E-5
-1.96	3.65208677142857E-5	11.5	7.27409915714286E-5
-1.935	-1.13983438285714E-4	11.475	1.91487842285714E-4
-1.91	-4.50978721142857E-4	11.45	2.76015558857143E-4
-1.885	-4.96889295714286E-4	11.425	3.02841087771429E-4
-1.86	-4.16959003142857E-4	11.4	2.43333544742857E-4
-1.835	-3.61438235428571E-4	11.375	1.70395560242857E-4
-1.81	-1.14405814428571E-4	11.35	1.04241829697143E-4
-1.785	-9.87429414285714E-5	11.325	8.49250955342857E-5
-1.76	-2.36967022428571E-4	11.3	5.84219371257143E-5
-1.735	-3.3396922E-4	11.275	5.17650206142857E-5
-1.71	-2.82790800428571E-4	11.25	5.95971490857143E-5
-1.685	-2.21734881857143E-4	11.225	8.41149403714286E-5
-1.66	-5.75111185714285E-5	11.2	9.02638327428571E-5
-1.635	4.28188742857143E-5	11.175	3.59317288171428E-5
-1.61	8.08572723428571E-5	11.15	-4.54778905485714E-5
-1.585	6.80483538285714E-5	11.125	-1.03841763868571E-4
-1.56	8.95459788571428E-6	11.1	-9.72775616857143E-5
-1.535	-2.66725167628571E-4	11.075	-3.9948008E-5
-1.51	-4.15804782E-4	11.05	2.60376952571429E-5
-1.485	-3.23213930971428E-4	11.025	1.77654613714286E-5
-1.46	-3.48558423485714E-4	11	-1.64916145142857E-5
-1.435	-3.66932278971428E-4	10.975	-1.85607179142857E-5
-1.41	-2.41899050857143E-4	10.95	2.55542630285714E-5
-1.385	-3.65162049428571E-4	10.925	7.15860784E-5
-1.36	-5.36062209428571E-4	10.9	1.19310572857143E-4
-1.335	-3.58884561428571E-4	10.875	1.56904334971429E-4
-1.31	-2.30514859857143E-4	10.85	1.89509403828571E-4
-1.285	-2.44997442514286E-4	10.825	2.05974656571429E-4
-1.26	-2.07925466828571E-4	10.8	1.77716688885714E-4
-1.235	-2.46701789657143E-4	10.775	1.02455155114286E-4
-1.21	-4.40338123285714E-4	10.75	1.64208907714286E-5
-1.185	-5.12529692857143E-4	10.725	-2.51813838428571E-5
-1.16	-4.26822526857143E-4	10.7	-6.55852794857143E-6
-1.135	-4.02510441085714E-4	10.675	1.59794555685714E-5
-1.11	-2.93520316685714E-4	10.65	7.99762165942857E-5
-1.085	-1.90359117085714E-4	10.625	9.08450194714286E-5
-1.06	-1.81456019314286E-4	10.6	9.61180429142857E-5
-1.035	-2.47175089942857E-4	10.575	7.22769145714286E-5
-1.01	-1.84644503885714E-4	10.55	5.81016386571429E-5
-0.985	-2.52640993714286E-4	10.525	4.4265486E-6
-0.96	-1.60160804857143E-4	10.5	7.56517525714286E-6
-0.935	-9.29300034285714E-5	10.475	1.93567895714286E-5
-0.91	-7.21049322857143E-5	10.45	9.27157926857143E-5
-0.885	3.30818754285714E-5	10.425	1.34415390514286E-4
-0.86	1.96533158571429E-4	10.4	2.10173477228571E-4
-0.835	1.32372287428571E-4	10.375	2.52768272971429E-4
-0.81	4.16894577142857E-5	10.35	2.37226241514286E-4
-0.785	-1.18333585428571E-4	10.325	2.03086745771429E-4
-0.76	-3.25220553571429E-4	10.3	1.75141028885714E-4
-0.735	-3.75140706057143E-4	10.275	7.50440281714286E-5
-0.71	-1.61264462028571E-4	10.25	1.80684666285714E-5
-0.685	-7.23790020571429E-5	10.225	-3.1297478E-5
-0.66	-9.1217493E-5	10.2	-5.90470084857143E-5
-0.635	4.327062E-5	10.175	-8.50546471428571E-5
-0.61	6.99084002857143E-5	10.15	-8.21331848E-5
-0.585	6.21768802857143E-5	10.125	-8.81120241714286E-5
-0.56	2.65202770571429E-4	10.1	-4.86289061142857E-5
-0.535	3.16458488857143E-4	10.075	-2.11217374285714E-5
-0.51	2.07129632285714E-4	10.05	5.44885925714286E-6
-0.485	2.97280346571429E-4	10.025	2.42647380571429E-5
-0.46	8.26625728571429E-5	10	2.90001998285714E-5
-0.435	-1.78493053714286E-4	9.975	2.65016710285714E-5
-0.41	-3.1553744E-4	9.95	4.06893838857143E-5
-0.385	-3.68300471428571E-4	9.925	4.73953029428571E-5
-0.36	-4.70247819142857E-4	9.9	4.90900791428571E-5
-0.335	-4.33601178857143E-4	9.875	3.96233150571429E-5
-0.31	-3.80102934571428E-4	9.85	4.08802924857143E-5
-0.285	-3.89487681714286E-4	9.825	6.7292561E-5
-0.26	-5.17491478571428E-4	9.8	1.00433857142857E-4
-0.235	-5.68934120857143E-4	9.775	8.19587408571429E-5
-0.21	-7.43383824857143E-4	9.75	6.5288089E-5
-0.185	-6.71940660571429E-4	9.725	3.34773056571429E-5
-0.16	-1.54818858285714E-4	9.7	2.88149454285714E-6
-0.135	5.05253161428571E-4	9.675	-2.22828442857145E-7
-0.11	0.00124508872857143	9.65	1.41307866228571E-5
-0.085	0.00219285284857143	9.625	1.554573774E-5
-0.06	0.00288370566	9.6	-4.94928268342857E-5
-0.035	0.00348878736	9.575	-3.67243783857143E-5
-0.01	0.00403039304571429	9.55	-4.83434025142857E-5
0.015	0.00411603260285714	9.525	-2.44200048571428E-5
0.04	0.00366266241428571	9.5	5.7392372E-5
0.065	0.00308167108285714	9.475	1.28983608428571E-4
0.09	0.00235765190285714	9.45	1.36922271257143E-4
0.115	0.00148477563714286	9.425	1.353037542E-4
0.14	7.90311008571429E-4	9.4	1.00947317485714E-4
0.165	2.78165564571429E-4	9.375	8.42173894E-5
0.19	-2.32122486857143E-4	9.35	9.28071826571429E-5
0.215	-7.36751205714286E-4	9.325	7.48188122428571E-5
0.24	-0.001133869432	9.3	1.06894956588571E-4
0.265	-0.00171624651142857	9.275	9.93923240371428E-5
0.29	-0.00218765163714286	9.25	1.11562370702857E-4
0.315	-0.00236692145142857	9.225	1.35438382157143E-4
0.34	-0.00255248872	9.2	1.15113727828571E-4
0.365	-0.00272353330285714	9.175	8.53651919142857E-5
0.39	-0.00269652489142857	9.15	3.56308810285714E-5
0.415	-0.00270519708857143	9.125	-2.68827849428571E-5
0.44	-0.00260760826857143	9.1	-5.71021674285714E-5
0.465	-0.00222679339142857	9.075	-1.03389079142857E-4
0.49	-0.00193258334285714	9.05	-1.23960779E-4
0.515	-0.00183004919428571	9.025	-2.40114497142857E-5
0.54	-0.00159987085428571	9	2.611347E-6
0.565	-0.00151640547028571	8.975	-1.35741588571428E-5
0.59	-0.00156620472514286	8.95	-2.63196182857143E-5
0.615	-0.001583657576	8.925	-6.50770838285714E-5
0.64	-0.00149768610571429	8.9	-1.08031686742857E-4
0.665	-0.00157048489714286	8.875	-1.00576287428571E-5
0.69	-0.00146867771428571	8.85	7.93059290285714E-5
0.715	-0.00128702161571429	8.825	9.51694405714286E-5
0.74	-0.00112964942428571	8.8	8.13735313285714E-5
0.765	-9.1839289E-4	8.775	8.703705904E-5
0.79	-6.13347310857143E-4	8.75	2.244778642E-5
0.815	-5.24631263142857E-4	8.725	1.84816264685714E-5
0.84	-5.62350939714286E-4	8.7	4.29763031857143E-5
0.865	-6.17977866571429E-4	8.675	4.23739878571429E-5
0.89	-8.09919658857143E-4	8.65	6.71530771428571E-5
0.915	-9.3041814E-4	8.625	1.15799577571429E-4
0.94	-9.36130734285714E-4	8.6	1.39832804057143E-4
0.965	-0.00109276076628571	8.575	1.65184240885714E-4
0.99	-0.00125584720142857	8.55	1.75394564057143E-4
1.015	-0.00114871207085714	8.525	1.04584566E-4
1.04	-0.0010780211352	8.5	4.57745645714286E-5
1.065	-0.00101312902531429	8.475	-3.75592780571428E-5
1.09	-8.30875486628571E-4	8.45	-4.90682921714286E-5
1.115	-8.28778598E-4	8.425	-4.40351444857143E-5
1.14	-9.54126196571429E-4	8.4	-6.07203657142858E-6
1.165	-8.06505879E-4	8.375	-1.93960891428572E-6
1.19	-6.46928261714286E-4	8.35	6.42625122857143E-6
1.215	-7.07783772142857E-4	8.325	1.14488422857143E-5
1.24	-6.4984603E-4	8.3	1.00586211142857E-5
1.265	-6.15823398428571E-4	8.275	3.7375751E-5
1.29	-6.43623492285714E-4	8.25	1.34405164285714E-5
1.315	-5.42378673142857E-4	8.225	2.23511585714286E-5
1.34	-4.22381878857143E-4	8.2	7.10430437142857E-5
1.365	-5.27619259428571E-4	8.175	1.62900193714286E-4
1.39	-5.56920832571429E-4	8.15	1.73897754885714E-4
1.415	-4.90877997142857E-4	8.125	1.2876502096E-4
1.44	-5.07936515714286E-4	8.1	4.21155193657143E-5
1.465	-5.06423198E-4	8.075	-1.113673504E-5
1.49	-4.53911636285714E-4	8.05	2.13536471714286E-5
1.515	-4.72549037714286E-4	8.025	1.28639929714286E-4
1.54	-5.14740710571428E-4	8	2.21147899142857E-4
1.565	-4.31727835428571E-4	7.975	2.45888598E-4
1.59	-4.97179636E-4	7.95	2.37748550285714E-4
1.615	-5.88862464E-4	7.925	2.13738762571429E-4
1.64	-5.48629681142857E-4	7.9	1.95235189714286E-4
1.665	-4.33737688571429E-4	7.875	1.49818353142857E-4
1.69	-4.5392824E-4	7.85	1.03207165428571E-4
1.715	-3.54070134E-4	7.825	8.07631227142857E-5
1.74	-4.65771433371429E-4	7.8	8.46776326285714E-5
1.765	-5.28028027542857E-4	7.775	1.26833380885714E-4
1.79	-3.65334772285714E-4	7.75	1.95066072914286E-4
1.815	-1.368055466E-4	7.725	1.63723552714286E-4
1.84	-7.83651152E-5	7.7	1.16489645614286E-4
1.865	6.57125907142857E-5	7.675	9.047982304E-5
1.89	-8.80470485714286E-5	7.65	6.86429979914286E-5
1.915	-2.84751765285714E-4	7.625	7.76454285257143E-5
1.94	-2.69733727714286E-4	7.6	1.09572687214286E-4
1.965	-1.56660453142857E-4	7.575	1.14632824857143E-4
1.99	-8.65738395714285E-5	7.55	1.138921344E-4
2.015	2.80241930857143E-5	7.525	1.26253735371429E-4
2.04	-2.66734623142857E-5	7.5	1.69000000857143E-4
2.065	-2.89847500628571E-4	7.475	1.88886018714286E-4
2.09	-5.02682774142857E-4	7.45	1.38165609885714E-4
2.115	-7.39079327142857E-4	7.425	7.77595749428571E-5
2.14	-8.92834623428571E-4	7.4	2.82524921785714E-5
2.165	-7.95799092E-4	7.375	-1.59931501314286E-5
2.19	-4.97086186571428E-4	7.35	2.76008811557143E-5
2.215	-4.15048315428571E-4	7.325	8.47416851542857E-5
2.24	-3.06026946E-4	7.3	1.12857764864286E-4
2.265	-2.86352602857143E-4	7.275	1.19763564285714E-4
2.29	-3.73727035714286E-4	7.25	1.06708217085714E-4
2.315	-3.82523732E-4	7.225	3.24279710285714E-5
2.34	-1.95891320857143E-4	7.2	-1.90236917428571E-5
2.365	-1.89825048971429E-4	7.175	-3.72257941714286E-5
2.39	-2.82231827771429E-4	7.15	-3.21898851142857E-5
2.415	-2.61331295257143E-4	7.125	-3.69230661142857E-5
2.44	-2.38813443142857E-4	7.1	2.99223813428571E-5
2.465	-2.62420670285714E-4	7.075	4.98608641142857E-5
2.49	-1.00695415142857E-4	7.05	3.24803816E-5
2.515	-1.20332502857143E-5	7.025	5.11920425142857E-5
2.54	-1.47639385428571E-4	7	8.19299353142857E-5
2.565	-1.40690283428571E-4	6.975	5.56231848571429E-5
2.59	-1.59577733714286E-4	6.95	8.07891698857143E-5
2.615	-3.43065832857143E-4	6.925	1.31765054514286E-4
2.64	-3.33736522142857E-4	6.9	1.51610589028571E-4
2.665	-2.08029622685714E-4	6.875	1.25403156857143E-4
2.69	-3.459928602E-4	6.85	9.9059976E-5
2.715	-3.96802018685714E-4	6.825	6.46826946285714E-5
2.74	-4.74431513571429E-4	6.8	4.74441964571429E-5
2.765	-6.72913188857143E-4	6.775	2.02498677714286E-5
2.79	-6.62915390571429E-4	6.75	7.63151894285714E-5
2.815	-4.35613682857143E-4	6.725	1.02058509714286E-4
2.84	-5.732865636E-4	6.7	1.14326494857143E-4
2.865	-6.56060724228571E-4	6.675	1.18743604657143E-4
2.89	-6.10966008457143E-4	6.65	1.24845909994286E-4
2.915	-6.42805521428571E-4	6.625	5.300443004E-5
2.94	-5.74567030857143E-4	6.6	-1.83953806285714E-6
2.965	-2.65337097428571E-4	6.575	-2.70079624571429E-5
2.99	-2.93174168E-4	6.55	-1.33375036857143E-5
3.015	-3.63286057428571E-4	6.525	1.07907660857143E-5
3.04	-2.04387912857143E-4	6.5	6.68590699428571E-5
3.065	-2.06212959428571E-4	6.475	1.27794882314286E-4
3.09	-3.93545961428571E-4	6.45	1.26456990771429E-4
3.115	-2.92467094571429E-4	6.425	1.22347687485714E-4
3.14	-3.65406406E-4	6.4	8.70899971714286E-5
3.165	-5.20997127142857E-4	6.375	4.99577832E-5
3.19	-4.12646272857143E-4	6.35	3.93047562857143E-6
3.215	-3.29413191657143E-4	6.325	1.12349281142857E-5
3.24	-4.68425580971429E-4	6.3	2.77855581714286E-5
3.265	-3.04931389085714E-4	6.275	5.02516116571428E-5
3.29	-2.51902449714286E-4	6.25	2.86708784571428E-5
3.315	-3.59644648285714E-4	6.225	5.19722285142857E-5
3.34	-2.16506935714286E-4	6.2	1.19839893028571E-4
3.365	-8.15530542857143E-5	6.175	1.77076095428571E-4
3.39	-2.13689398571429E-4	6.15	2.03377376E-4
3.415	-1.19149537142857E-4	6.125	2.14330931657143E-4
3.44	-1.45250801428571E-4	6.1	1.43932543485714E-4
3.465	-4.36212613142857E-4	6.075	6.010665228E-5
3.49	-4.73133751714286E-4	6.05	4.545825784E-5
3.515	-3.56089004857143E-4	6.025	4.91806205142857E-6
3.54	-4.44861057714286E-4	6	-6.21974481714286E-5
3.565	-3.50063448285714E-4	5.975	-8.92526014571428E-5
3.59	-2.12104468571429E-4	5.95	-6.57550218857143E-5
3.615	-1.94584135142857E-4	5.925	-6.14793180571429E-5
3.64	-2.07520756285714E-4	5.9	-2.3780848E-5
3.665	-6.65846235714286E-5	5.875	1.44166161142857E-5
3.69	-8.38610006285714E-5	5.85	7.16194597714286E-5
3.715	-2.62447166028571E-4	5.825	1.19097484114286E-4
3.74	-4.14170976057143E-4	5.8	1.62900439428571E-4
3.765	-5.49339033571429E-4	5.775	1.20409158685714E-4
3.79	-6.86249529714286E-4	5.75	4.51629920571428E-5
3.815	-6.69334218E-4	5.725	-4.12725091428571E-5
3.84	-6.38390251428571E-4	5.7	-1.227840732E-4
3.865	-6.74093282285714E-4	5.675	-9.94927018285714E-5
3.89	-5.13891784E-4	5.65	-4.4883968E-5
3.915	-3.71250883428571E-4	5.625	7.48361174285716E-6
3.94	-3.49806399714286E-4	5.6	7.24547133714286E-5
3.965	-8.79483622857143E-5	5.575	1.41868393171429E-4
3.99	1.33192311428571E-5	5.55	1.42840330857143E-4
4.015	-2.38073865142857E-4	5.525	1.32017363571429E-4
4.04	-4.33306460571428E-4	5.5	1.67208037371429E-4
4.065	-4.59284625714286E-4	5.475	1.47218749971429E-4
4.09	-6.48143081714286E-4	5.45	8.97089680571428E-5
4.115	-4.50486285428571E-4	5.425	9.11556724857143E-5
4.14	-1.77195835714286E-4	5.4	7.82868479714286E-5
4.165	-1.67707277942857E-4	5.375	2.91584641714286E-5
4.19	-2.20711271971429E-4	5.35	3.54542409085714E-5
4.215	2.03723461714286E-5	5.325	1.69128108971429E-5
4.24	-9.76109723714286E-5	5.3	-4.50095352057143E-5
4.265	-3.16187727028571E-4	5.275	-3.96058392571428E-5
4.29	-2.94617819571428E-4	5.25	-1.47387876571429E-5
4.315	-4.40661866285714E-4	5.225	3.29236204857143E-5
4.34	-5.12175798285714E-4	5.2	9.13254478285714E-5
4.365	-1.84123345942857E-4	5.175	1.28695233857143E-4
4.39	2.41767358857142E-5	5.15	1.12648461457143E-4
4.415	-8.68827008E-5	5.125	1.15224717942857E-4
4.44	1.41300477142857E-5	5.1	1.10400416028571E-4
4.465	-5.03454788571429E-5	5.075	1.10239152685714E-4
4.49	-3.44045568171429E-4	5.05	9.18601922E-5
4.515	-3.32106517371429E-4	5.025	7.34743285428572E-5
4.54	-2.34916648457143E-4	5	5.25656590857143E-5
4.565	-2.20230808571429E-4	4.975	5.88987571142857E-5
4.59	-2.37088294285714E-4	4.95	9.52000081142857E-5
4.615	-1.65346940428571E-4	4.925	1.09342248228571E-4
4.64	-4.43933191314286E-4	4.9	1.18470586114286E-4
4.665	-4.44233604085714E-4	4.875	8.68386662571429E-5
4.69	-3.81414613885714E-4	4.85	4.31194110857143E-5
4.715	-4.25642182714286E-4	4.825	-2.50767925428571E-5
4.74	-5.16485143428571E-4	4.8	-3.88948373428571E-5
4.765	-4.43645998714286E-4	4.775	-3.90140621142857E-5
4.79	-4.75031168E-4	4.75	2.4419079E-5
4.815	-4.72084516428571E-4	4.725	5.86179975714286E-5
4.84	-2.82031461428571E-4	4.7	7.39371337142857E-5
4.865	-4.50029491285714E-4	4.675	4.26509990571429E-5
4.89	-6.17771162285714E-4	4.65	-4.72866352285714E-5
4.915	-5.98346487571429E-4	4.625	-9.05204398571429E-5
4.94	-5.53207102171428E-4	4.6	-1.02861144342857E-4
4.965	-5.16774734085714E-4	4.575	-9.53751138571428E-5
4.99	-2.59445937028571E-4	4.55	-7.10821013028572E-5
5.015	-1.57897511428571E-4	4.525	-1.36234346228571E-5
5.04	-1.90590892685714E-4	4.5	2.99447182971429E-5
5.065	-6.58135133428571E-5	4.475	8.83522034E-5
5.09	-9.53798978285714E-5	4.45	1.35594849971429E-4
5.115	-1.82003116714286E-4	4.425	1.49888250657143E-4
5.14	-2.39401690857143E-4	4.4	1.08421859051429E-4
5.165	-2.27123686E-4	4.375	4.39288740971428E-5
5.19	-4.90297856857143E-4	4.35	2.11954717371428E-5
5.215	-4.75436929714286E-4	4.325	2.00681965428571E-5
5.24	-4.64499011714286E-4	4.3	2.06989806285714E-5
5.265	-5.11840460857143E-4	4.275	2.47783657714286E-5
5.29	-3.68310736857143E-4	4.25	3.60447538285714E-5
5.315	-6.32224354285714E-5	4.225	1.07160571428564E-7
5.34	-1.01838699714286E-4	4.2	3.50855685714285E-6
5.365	-3.71189042857143E-5	4.175	-8.03029971428572E-6
5.39	5.20159138285715E-5	4.15	1.47277371428572E-5
5.415	-9.87097265142857E-5	4.125	6.36044028571428E-5
5.44	-2.07329645314286E-4	4.1	1.31241184571429E-4
5.465	-1.01380391428571E-4	4.075	1.79046516285714E-4
5.49	-1.65234810285714E-4	4.05	2.10762671714286E-4
5.515	-2.14853998E-4	4.025	1.623805114E-4
5.54	9.86070437142857E-5	4	1.40321358342857E-4
5.565	2.51552222571428E-4	3.975	1.22860573971429E-4
5.59	2.28063744E-4	3.95	6.24999208E-5
5.615	2.94733562571428E-4	3.925	2.38334899714286E-5
5.64	1.53047443714286E-4	3.9	2.12020191428572E-5
5.665	-1.31278082E-4	3.875	2.56396618857143E-5
5.69	-7.79890617142857E-5	3.85	3.48865129142857E-5
5.715	-1.19343272285714E-4	3.825	8.07583948571428E-5
5.74	-3.34383027142857E-4	3.8	8.79669142857143E-5
5.765	-2.74222996857143E-4	3.775	9.79550849142857E-5
5.79	-3.18750341714286E-4	3.75	1.06801414314286E-4
5.815	-4.45699371142857E-4	3.725	1.35163743028571E-4
5.84	-4.21589695142857E-4	3.7	1.58306184485714E-4
5.865	-3.26370793714286E-4	3.675	1.48931477114286E-4
5.89	-4.22361629714286E-4	3.65	1.01243202E-4
5.915	-2.61180943142857E-4	3.625	6.72226632E-5
5.94	-9.00797345714285E-5	3.6	1.20248458857143E-5
5.965	-2.04104144571429E-4	3.575	-4.94723468571429E-5
5.99	-3.45282726285714E-4	3.55	-5.04088227428571E-5
6.015	-4.48625616857143E-4	3.525	-6.94791774E-5
6.04	-6.19282729714286E-4	3.5	-9.36736651714286E-5
6.065	-6.02026951857143E-4	3.475	-7.14988840571428E-5
6.09	-4.24674513885714E-4	3.45	-9.19844857142863E-7
6.115	-4.00523628942857E-4	3.425	1.63848891428571E-5
6.14	-3.589775156E-4	3.4	1.53291851428571E-5
6.165	-1.71658309E-4	3.375	2.53665248571429E-5
6.19	-5.53298895714286E-5	3.35	3.35983277142857E-5
6.215	-6.28944599428571E-5	3.325	4.90391371428571E-5
6.24	3.76499943142857E-5	3.3	6.90480325142857E-5
6.265	-5.08975639428572E-5	3.275	4.97164685428571E-5
6.29	-2.81551693285714E-4	3.25	3.69757317714286E-5
6.315	-2.11165380571429E-4	3.225	4.61003284857143E-5
6.34	-2.95799285714281E-6	3.2	1.11817960971429E-4
6.365	6.91935377142857E-5	3.175	1.34017817285714E-4
6.39	2.67093566857143E-4	3.15	9.51636185714286E-5
6.415	2.62819475714286E-4	3.125	4.38136354285714E-5
6.44	1.78891037142857E-5	3.1	3.45150417142857E-5
6.465	-6.06549582857143E-5	3.075	1.98886045714286E-5
6.49	5.61945685714286E-5	3.05	7.94803765714286E-5
6.515	-3.76808085714285E-5	3.025	8.41304154285714E-5
6.54	-7.31246988571427E-5	3	7.41616268571429E-5
6.565	-1.77363162E-4	2.975	5.49875461428571E-5
6.59	-4.57814391714286E-4	2.95	5.01881842571429E-5
6.615	-4.30158193428571E-4	2.925	4.37424623714286E-5
6.64	-8.91654845714285E-5	2.9	8.08548242E-5
6.665	-1.30758071714286E-4	2.875	7.60621426E-5
6.69	-7.22780128571428E-5	2.85	1.20689965914286E-4
6.715	1.13978429142857E-4	2.825	8.67735996E-5
6.74	2.64742814285715E-5	2.8	5.55010476285714E-5
6.765	-8.45096771428571E-6	2.775	2.78223317142857E-5
6.79	5.83054831428572E-5	2.75	-5.96900885714285E-7
6.815	-1.42708462857143E-4	2.725	-6.0895286E-5
6.84	-3.36808372571429E-4	2.7	-4.62988119142857E-5
6.865	-1.31564123428571E-4	2.675	-9.2096708E-5
6.89	-8.12897291428571E-5	2.65	-8.13963881142857E-5
6.915	-1.5828644E-4	2.625	-1.08456041085714E-4
6.94	-7.21031542857143E-5	2.6	-1.17148352285714E-4
6.965	-9.11109294285714E-5	2.575	-1.33524879257143E-4
6.99	-3.35453070285714E-4	2.55	-1.70824908571429E-4
7.015	-2.51638702571429E-4	2.525	-2.33968504228571E-4
7.04	-2.43531803714286E-4	2.5	-2.269929108E-4
7.065	-4.82551730285714E-4	2.475	-2.61110939142857E-4
7.09	-4.30443218E-4	2.45	-2.39926663857143E-4
7.115	-3.40374466857143E-4	2.425	-1.89960484571429E-4
7.14	-3.72014602571429E-4	2.4	-1.91990171857143E-4
7.165	-1.65738364857143E-4	2.375	-1.75400437428571E-4
7.19	1.28840800571429E-4	2.35	-1.49103300028571E-4
7.215	8.61776751428571E-5	2.325	-1.331145948E-4
7.24	8.26236312857143E-5	2.3	-1.23687056742857E-4
7.265	1.44984846857143E-5	2.275	-1.19426139142857E-4
7.29	-2.19493318657143E-4	2.25	-1.37709032714286E-4
7.315	-3.48846148742857E-4	2.225	-1.47763553885714E-4
7.34	-2.58022714714286E-4	2.2	-1.713109578E-4
7.365	-2.89370465714286E-4	2.175	-2.25066346171429E-4
7.39	-2.71230409142857E-4	2.15	-3.06294340142857E-4
7.415	-1.70745829857143E-4	2.125	-3.68246613714286E-4
7.44	-1.98121289314286E-4	2.1	-3.84725220285714E-4
7.465	-3.99725418657143E-4	2.075	-3.75030328571428E-4
7.49	-4.52760702742857E-4	2.05	-3.25011951142857E-4
7.515	-4.81093951571429E-4	2.025	-3.50130805142857E-4
7.54	-5.09815360571428E-4	2	-4.06448772285714E-4
7.565	-3.18824956285714E-4	1.975	-4.69033824857143E-4
7.59	-1.40247025428571E-4	1.95	-5.53948201142857E-4
7.615	-2.67571982571429E-4	1.925	-5.57861365428571E-4
7.64	-2.01658243142857E-4	1.9	-5.24293720285714E-4
7.665	-6.298951E-5	1.875	-5.03755729428571E-4
7.69	-6.50300311428571E-5	1.85	-4.81598630571428E-4
7.715	1.15736104285714E-4	1.825	-4.20561268571429E-4
7.74	1.76789001142857E-4	1.8	-4.1724832E-4
7.765	7.19339071428571E-5	1.775	-3.75188638E-4
7.79	9.90848445714285E-5	1.75	-3.75928573142857E-4
7.815	1.94472336571429E-4	1.725	-4.15663676E-4
7.84	1.01008024285714E-4	1.7	-4.64031414285714E-4
7.865	1.31186339142857E-4	1.675	-4.47890662E-4
7.89	8.15967511428571E-5	1.65	-4.09661800857143E-4
7.915	1.25171505428571E-4	1.625	-3.50897440285714E-4
7.94	1.95728178E-4	1.6	-2.95182536571429E-4
7.965	2.45258423571429E-4	1.575	-2.53349860285714E-4
7.99	-1.14692497142854E-6	1.55	-2.61490261142857E-4
8.015	-2.19309651057143E-4	1.525	-2.60166297142857E-4
8.04	-2.913683484E-4	1.5	-2.70727826857143E-4
8.065	-2.98680977571429E-4	1.475	-3.11801754285714E-4
8.09	-3.1001107E-4	1.45	-3.29285118E-4
8.115	-1.44319580857143E-4	1.425	-3.25106999142857E-4
8.14	-8.96365894285714E-5	1.4	-3.78833085714286E-4
8.165	-2.89462818285714E-4	1.375	-4.17413602857143E-4
8.19	-2.57547371142857E-4	1.35	-4.70000827142857E-4
8.215	-2.028689919E-4	1.325	-5.42934444E-4
8.24	-4.36946598868571E-4	1.3	-6.01394157142857E-4
8.265	-5.00302943762857E-4	1.275	-6.56886054857143E-4
8.29	-4.61849320011429E-4	1.25	-7.43253817714286E-4
8.315	-6.17513935328571E-4	1.225	-8.27599770857143E-4
8.34	-6.68278235142857E-4	1.2	-8.88998851714286E-4
8.365	-4.4430852E-4	1.175	-9.08575016E-4
8.39	-5.24884493428571E-4	1.15	-9.27804322E-4
8.415	-4.63405138285714E-4	1.125	-0.00101127273971429
8.44	-3.37491479628571E-4	1.1	-0.0011835404
8.465	-3.07480694057143E-4	1.075	-0.00133170709
8.49	-2.39372118428571E-4	1.05	-0.00140412475428571
8.515	9.44285501142857E-5	1.025	-0.0013852754
8.54	4.68277815714286E-5	1	-0.00131421501428571
8.565	-6.85876868571428E-5	0.975	-0.00121976374285714
8.59	-7.31926457142849E-6	0.95	-0.00119181284857143
8.615	-1.40770574857143E-4	0.925	-0.00120286998
8.64	-2.80465718857143E-4	0.9	-0.00122791307714286
8.665	-2.03997203571429E-4	0.875	-0.00132201859428571
8.69	-2.03877019628571E-4	0.85	-0.00148677667714286
8.715	-3.51854615342857E-4	0.825	-0.00165517638
8.74	-3.17531140142857E-4	0.8	-0.00187900736
8.765	-2.979828706E-4	0.775	-0.00218154890857143
8.79	-3.73408702714286E-4	0.75	-0.00252463544571429
8.815	-2.19742534285714E-4	0.725	-0.00291676065142857
8.84	-1.0745618E-4	0.7	-0.00325870356571429
8.865	-2.61521011428571E-4	0.675	-0.00357611175714286
8.89	-4.50384572857143E-4	0.65	-0.00387990800571429
8.915	-4.93476619428571E-4	0.625	-0.00408654565142857
8.94	-6.03364637142857E-4	0.6	-0.00428365289142857
8.965	-3.48857776571429E-4	0.575	-0.00443028218857143
8.99	-2.96052325714286E-5	0.55	-0.00448165237714286
9.015	8.86256985714285E-5	0.525	-0.00454657538285714
9.04	1.99518801714285E-5	0.5	-0.00459608886571429
9.065	-9.16399891428573E-6	0.475	-0.00454372949428571
9.09	-3.07978270114286E-4	0.45	-0.00440122734285714
9.115	-4.28119508857143E-4	0.425	-0.00411884564285714
9.14	-3.73855287428571E-4	0.4	-0.00365078779714286
9.165	-2.64623442E-4	0.375	-0.00304698362571429
9.19	-9.0449684E-5	0.35	-0.00227720585428571
9.215	1.52592965428571E-4	0.325	-0.00148682177185714
9.24	6.99813428571428E-5	0.3	-6.76300366057143E-4
9.265	5.02927731428571E-5	0.275	1.90993556857143E-5
9.29	2.01256696285714E-4	0.25	5.53966473371429E-4
9.315	2.46810305428571E-4	0.225	8.96447129857143E-4
9.34	1.64585076285714E-4	0.2	0.00121738433428571
9.365	2.21666497714286E-4	0.175	0.00163061328571429
9.39	2.01728192E-4	0.15	0.00232931457428571
9.415	7.28802514285714E-5	0.125	0.00326570099428571
9.44	7.56607158571428E-5	0.1	0.00442082768285714
9.465	5.807871E-5	0.075	0.00561946228571429
9.49	-2.23123024428571E-4	0.05	0.00668972906285714
9.515	-1.95555977142857E-4	0.025	0.00742937699428571
9.54	8.7423435714286E-6	0	0.00772358698571429
9.565	-1.00167756857143E-4	-0.025	0.00752900228
9.59	-1.32049296714286E-4	-0.05	0.00701598822
9.615	-1.96196785257143E-4	-0.075	0.00632836727142857
9.64	-4.80475163914286E-4	-0.1	0.00555935658
9.665	-5.77181060685714E-4	-0.125	0.00475239726285714
9.69	-4.03288774428571E-4	-0.15	0.00400084731428571
9.715	-4.80324231142857E-4	-0.175	0.00326657301714286
9.74	-4.83585902E-4	-0.2	0.00263042321142857
9.765	-2.88801014285714E-4	-0.225	0.00218915914857143
9.79	-2.37514510857143E-4	-0.25	0.00181277501142857
9.815	-2.76808351142857E-4	-0.275	0.0014372766
9.84	-2.42103694285714E-5	-0.3	0.00120311044771429
9.865	9.27930474285714E-5	-0.325	0.00102165539828571
9.89	-3.13111993714286E-5	-0.35	8.42796499142857E-4
9.915	1.23509481314286E-4	-0.375	7.5056957E-4
9.94	1.10622072057143E-4	-0.4	6.75278823428571E-4
9.965	-7.3500264E-5	-0.425	5.11899490671429E-4
9.99	7.986689E-5	-0.45	3.76348880388571E-4
10.015	9.97451571428571E-5	-0.475	2.99286671437143E-4
10.04	-5.07995252857143E-5	-0.5	2.41579187245714E-4
10.065	1.00494426857143E-5	-0.525	2.24943587814286E-4
10.09	-2.76331352285714E-5	-0.55	2.26372832571429E-4
10.115	-2.67588706457143E-4	-0.575	1.89693202E-4
10.14	-2.27783963285714E-4	-0.6	1.39882508242857E-4
10.165	-1.90682403714286E-4	-0.625	1.30274828217143E-4
10.19	-2.10418666857143E-4	-0.65	1.54234880494286E-4
10.215	3.38502477142857E-5	-0.675	1.99091357931429E-4
10.24	1.40755401714286E-4	-0.7	1.89461318671429E-4
10.265	-2.53421385714285E-5	-0.725	2.29257755371429E-4
10.29	-2.69958837142857E-5	-0.75	2.28838042828571E-4
10.315	1.47997789428571E-4	-0.775	2.24823427371429E-4
10.34	5.39102154285714E-5	-0.8	2.1073923E-4
10.365	9.43579642857143E-5	-0.825	2.65097752342857E-4
10.39	1.20785384E-4	-0.85	2.62850411742857E-4
10.415	-1.04931667142857E-4	-0.875	2.92725128628571E-4
10.44	-2.24703293714286E-4	-0.9	2.76583936285714E-4
10.465	-9.47298328571429E-5	-0.925	2.92224229485714E-4
10.49	-1.06808484857143E-4	-0.95	2.89315336885714E-4
10.515	-1.79817830571429E-4	-0.975	2.86615323771429E-4
10.54	-3.5522762E-5	-1	2.75178279571429E-4
10.565	-2.39515537142857E-5	-1.025	2.53227350571428E-4
10.59	-4.95903851428571E-5	-1.05	1.46209764285714E-4
10.615	7.89386348571428E-5	-1.075	9.51469105714286E-5
10.64	2.17517465142857E-4	-1.1	9.81756642857143E-5
10.665	1.49428598571429E-4	-1.125	8.50047005714286E-5
10.69	3.10638996857143E-4	-1.15	1.183749192E-4
10.715	2.58978680285714E-4	-1.175	1.41996669171429E-4
10.74	4.33497422857143E-5	-1.2	1.71780796171429E-4
10.765	-3.66020285714287E-6	-1.225	2.11792478771429E-4
10.79	9.5062694E-5	-1.25	1.93747634685714E-4
10.815	-5.57876245714286E-5	-1.275	1.76759478428571E-4
10.84	4.34319542857143E-6	-1.3	1.36621852857143E-4
10.865	1.07116108742857E-4	-1.325	3.2508182E-5
10.89	-1.21607622057143E-4	-1.35	-8.52606499999999E-6
10.915	-2.50498662971429E-4	-1.375	-1.94522666857143E-5
10.94	-1.38900622857143E-4	-1.4	-6.74309448571427E-6
10.965	-1.77760365428571E-4	-1.425	8.68083367428571E-5
10.99	-1.91438544142857E-4	-1.45	2.21673623857143E-4
11.015	1.06020223428571E-4	-1.475	3.16433659428571E-4
11.04	1.12129721857143E-4	-1.5	3.26154696E-4
11.065	6.93431214285714E-5	-1.525	2.85860210971429E-4
11.09	7.33021387142857E-5	-1.55	2.14046837057143E-4
11.115	6.82636357142859E-6	-1.575	1.358393952E-4
11.14	-1.39587293828571E-4	-1.6	1.17708952257143E-4
11.165	-6.50717057142845E-7	-1.625	1.76237089657143E-4
11.19	1.04107447428571E-5	-1.65	1.73514005E-4
11.215	1.59860764285714E-5	-1.675	1.368545964E-4
11.24	-6.12520397142857E-5	-1.7	1.310859732E-4
11.265	-6.76376111428571E-5	-1.725	1.34679769257143E-4
11.29	-2.96276537714286E-4	-1.75	1.36827800857143E-4
11.315	-2.56807015428571E-4	-1.775	1.81847375714286E-4
11.34	-1.57207414285714E-4	-1.8	2.51091149142857E-4
11.365	-2.27740463142857E-4	-1.825	2.48627000857143E-4
11.39	-2.45565642285714E-4	-1.85	2.7997198E-4
11.415	-7.13003982857143E-5	-1.875	2.88731060857143E-4
11.44	-7.07184878571429E-5	-1.9	2.36939669285714E-4
11.465	-3.38217339428572E-5	-1.925	1.38743111285714E-4
11.49	1.677183846E-4	-1.95	1.28500909742857E-4
11.515	-3.64239476571429E-5	-1.975	1.37222130371429E-4
11.54	-2.05382355571429E-4	-2	1.42430397028571E-4
11.565	-2.13030529428571E-4	-2.025	1.74567601171429E-4
11.59	-3.4913347E-4	-2.05	1.90896435514286E-4
11.615	-4.79254976571429E-4	-2.075	1.27185166457143E-4
11.64	-3.56175103142857E-4	-2.1	8.67694526571429E-5
11.665	-3.18434639428571E-4	-2.125	9.0260904E-5
11.69	-3.01125621657143E-4	-2.15	3.53757398857143E-5
11.715	-1.27355746971429E-4	-2.175	2.00289130285714E-5
11.74	-1.28322642742857E-4	-2.2	5.29310425714286E-5
11.765	-2.14129978114286E-4	-2.225	5.63697151428571E-5
11.79	-1.19501590228571E-4	-2.25	2.42665001428571E-5
11.815	-7.35306645714286E-5	-2.275	5.26241958285714E-5
11.84	-1.60491310285714E-4	-2.3	1.10263058771429E-4
11.865	-3.85924582857143E-5	-2.325	1.81001586685714E-4
11.89	-6.18032457142859E-6	-2.35	2.35356859571429E-4
11.915	-1.98620122E-4	-2.375	2.37481866428571E-4
11.94	-1.35071120571429E-4	-2.4	1.753703718E-4
11.965	-1.04720181428571E-4	-2.425	1.28682132314286E-4
11.99	-4.20636862057143E-4	-2.45	1.38537180542857E-4
12.015	-3.99235609885714E-4	-2.475	1.152751662E-4
12.04	-2.52125802628571E-4	-2.5	1.00058566428571E-4
12.065	-4.45290442E-4	-2.525	7.4257404E-5
12.09	-3.48807741714286E-4	-2.55	3.47563948571429E-5
12.115	-4.76021254285714E-5	-2.575	1.19659648514286E-4
12.14	-1.26991726571429E-4	-2.6	2.45632561828571E-4
12.165	-1.78211512571429E-4	-2.625	3.26013470228571E-4
12.19	-4.7262158E-5	-2.65	3.76609985142857E-4
12.215	-2.67740285714286E-4	-2.675	3.84714992285714E-4
12.24	-3.10573390857143E-4	-2.7	3.01890741714286E-4
12.265	-4.02090517142857E-5	-2.725	2.60567313714286E-4
12.29	5.22587039999999E-5	-2.75	2.48108988857143E-4
12.315	6.64833818571429E-5	-2.775	2.12114077385714E-4
12.34	2.01353725085714E-4	-2.8	1.8560579936E-4
12.365	1.793523334E-4	-2.825	1.83204007065714E-4
12.39	1.14465502285714E-5	-2.85	1.59316960931429E-4
12.415	6.87393452857143E-5	-2.875	1.21448457728571E-4
12.44	-2.38792448571429E-5	-2.9	1.11095802742857E-4
12.465	-1.99091704285714E-4	-2.925	1.27988387771429E-4
12.49	-9.15005168571428E-5	-2.95	9.96266037142857E-5
12.515	8.88531048571428E-5	-2.975	1.04048478E-4
12.54	-2.59295248571429E-5	-3	1.19691842428571E-4
12.565	1.47664699714286E-4	-3.025	1.35973157714286E-4
12.59	2.54784556571429E-4	-3.05	1.09381505714286E-4
12.615	-3.74508377142857E-5	-3.075	1.21590657157143E-4
12.64	-1.35517005428571E-4	-3.1	1.11128977702857E-4
12.665	-1.40335034657143E-4	-3.125	1.27740044208571E-4
12.69	-3.86482202228571E-4	-3.15	1.35200197817143E-4
12.715	-2.12458620142857E-4	-3.175	2.17081696414286E-4
12.74	2.10881513314286E-4	-3.2	3.056599348E-4
12.765	2.55258525285714E-4	-3.225	3.22811106742857E-4
12.79	3.81339265428571E-4	-3.25	3.38148902285714E-4
12.815	4.79292466571429E-4	-3.275	3.43556650857143E-4
12.84	2.13660994285714E-4	-3.3	2.45601216142857E-4
12.865	6.94223400000004E-6	-3.325	1.57768406571429E-4
12.89	1.63543831428572E-5	-3.35	1.38965408142857E-4
12.915	-8.17917297142857E-5	-3.375	8.56461251428571E-5
12.94	-6.23322254285714E-5	-3.4	8.85975159142857E-5
12.965	1.45167806857143E-4	-3.425	1.58205244457143E-4
12.99	2.19306458571429E-4	-3.45	1.77863320628571E-4
13.015	1.44885982285714E-4	-3.475	1.79184609314286E-4
13.04	1.93869194285714E-4	-3.5	2.25496741085714E-4
13.065	2.58768055142857E-4	-3.525	1.90725976028571E-4
13.09	3.72691202857143E-5	-3.55	1.47206690828571E-4
13.115	4.32186688571428E-5	-3.575	1.55297045228571E-4
13.14	-5.81433454285715E-5	-3.6	1.59197881914286E-4
13.165	-3.04057438E-4	-3.625	1.27454039171429E-4
13.19	-2.03522011714286E-4	-3.65	1.23190593171429E-4
13.215	5.12338897142857E-5	-3.675	1.01223098342857E-4
13.24	-5.83273885714293E-6	-3.7	9.21249202285714E-5
13.265	5.45476811428571E-5	-3.725	1.259389464E-4
13.29	1.40643322857143E-4	-3.75	1.77291033857143E-4
13.315	-9.3267462E-5	-3.775	1.90950624514286E-4
13.34	-1.76419683714286E-4	-3.8	1.92302865114286E-4
13.365	-6.498418E-6	-3.825	2.07140065371429E-4
13.39	-1.30614402285714E-4	-3.85	1.98422415E-4
13.415	-3.28378683428571E-4	-3.875	2.29485474114286E-4
13.44	-2.84005336571429E-4	-3.9	2.86436415771429E-4
13.465	-3.78014295942857E-4	-3.925	2.750512574E-4
13.49	-4.98964102114286E-4	-3.95	2.86022227257143E-4
13.515	-2.07640473657143E-4	-3.975	2.63502603342857E-4
13.54	-1.45236651142857E-4	-4	2.20488143485714E-4
13.565	-1.74296444E-4	-4.025	1.71493950257143E-4
13.59	2.28251177142857E-5	-4.05	1.52440075442857E-4
13.615	8.25622485714287E-6	-4.075	1.59000138E-4
13.64	-2.38992516E-4	-4.1	1.92412489357143E-4
13.665	-1.23336185714286E-4	-4.125	1.5306206E-4
13.69	-6.08971531428571E-5	-4.15	1.466012393E-4
13.715	-1.75138860857143E-4	-4.175	6.96667129714286E-5
13.74	-5.00414257142856E-6	-4.2	2.25543151428573E-6
13.765	2.38857553142857E-4	-4.225	-2.942664E-5
13.79	1.75549410571429E-4	-4.25	-3.3380153E-5
13.815	2.61555835428571E-4	-4.275	1.51406216571429E-5
13.84	4.21455744857143E-4	-4.3	7.93921376857143E-5
13.865	2.54345463142857E-4	-4.325	8.81874268E-5
13.89	8.20851597142857E-5	-4.35	8.57168244285714E-5
13.915	1.44824018857143E-4	-4.375	9.435512E-5
13.94	1.50068742857142E-5	-4.4	1.05593490285714E-4
13.965	1.85908551428571E-5	-4.425	2.07236696285714E-4
13.99	6.6853018E-5	-4.45	2.68051099714286E-4
14.015	-1.38079890571429E-4	-4.475	2.87059556428571E-4
14.04	-2.68107396571429E-4	-4.5	2.62382378342857E-4
14.065	-9.00859717714285E-5	-4.525	2.51121216028571E-4
14.09	-1.70452033885714E-4	-4.55	1.99113240771429E-4
14.115	-2.12475940057143E-4	-4.575	1.997946646E-4
14.14	-1.90017773142857E-4	-4.6	1.7083163E-4
14.165	-3.81451769714286E-4	-4.625	8.86281808057143E-5
14.19	-4.98989379714286E-4	-4.65	5.76113146171428E-5
14.215	-2.02765077485714E-4	-4.675	9.05570040057143E-5
14.24	4.53657655428571E-5	-4.7	7.57592752285714E-5
14.265	1.09293088228571E-4	-4.725	5.76778112857143E-5
14.29	2.019331137E-4	-4.75	1.72985991428572E-5
14.315	1.33391919062857E-4	-4.775	-1.89686797714286E-5
14.34	-4.42119381971429E-5	-4.8	-6.29061956E-5
14.365	-1.56648055085714E-5	-4.825	-4.29571412E-5
14.39	2.30870717E-5	-4.85	-2.62610403428571E-5
14.415	2.69487027142857E-5	-4.875	-2.56158249714286E-5
14.44	9.72208116E-5	-4.9	-2.253782104E-5
14.465	3.0902985E-5	-4.925	-3.252878E-5
