#time (ps)	NaCl /4M	time (ps)	NaCl /2M
-4.875	1.365017E-4	-4.875	3.4436991E-4
-4.85	2.36856926E-4	-4.85	3.4073735928E-4
-4.825	2.71526112285714E-4	-4.825	2.874284758E-4
-4.8	2.41484981285714E-4	-4.8	2.08675538371429E-4
-4.775	1.39907617085714E-4	-4.775	1.48748905914286E-4
-4.75	4.10502985428571E-5	-4.75	1.74008288714286E-4
-4.725	-5.56249531428571E-5	-4.725	8.93359125714286E-5
-4.7	-9.23266672571429E-5	-4.7	-4.75812731428571E-5
-4.675	-8.76008230285714E-5	-4.675	-8.34980918571428E-5
-4.65	-1.051580394E-4	-4.65	-1.90438622857143E-4
-4.625	-1.09349470942857E-4	-4.625	-2.68947894428571E-4
-4.6	-8.37801231714286E-5	-4.6	-2.00982576571429E-4
-4.575	-3.33482812285714E-5	-4.575	-1.86006400428571E-4
-4.55	-1.54162217142857E-6	-4.55	-1.805373E-4
-4.525	2.22491354285714E-5	-4.525	-8.31354188571429E-5
-4.5	-2.40296737142857E-5	-4.5	-5.58274768571429E-5
-4.475	-7.35968458571429E-5	-4.475	-1.08748585714286E-4
-4.45	-1.22228264571429E-4	-4.45	-8.60022312857143E-5
-4.425	-1.25458786428571E-4	-4.425	-8.14847400571429E-5
-4.4	-1.20285761E-4	-4.4	-1.22199782542857E-4
-4.375	-6.83350646571429E-5	-4.375	-3.98432478857143E-5
-4.35	2.26913682E-5	-4.35	1.96123677142856E-6
-4.325	6.27591821428571E-5	-4.325	-5.21661777142857E-5
-4.3	6.11401154571429E-5	-4.3	-2.64037025714286E-5
-4.275	3.08264180571429E-5	-4.275	1.0995809E-5
-4.25	-1.56869349142857E-5	-4.25	-5.73354564E-5
-4.225	-8.12717939142857E-5	-4.225	-3.29409219142857E-5
-4.2	-8.25128598E-5	-4.2	-3.08780854285714E-6
-4.175	-1.37938931457143E-4	-4.175	-1.10971092028571E-4
-4.15	-1.63436390657143E-4	-4.15	-1.02436558371429E-4
-4.125	-1.43390178E-4	-4.125	-6.06998261428572E-5
-4.1	-1.33955016885714E-4	-4.1	-1.06270788268571E-4
-4.075	-1.42874878742857E-4	-4.075	-1.15576592034286E-4
-4.05	-1.30814579257143E-4	-4.05	-5.87981925257143E-5
-4.025	-1.54014805428571E-4	-4.025	-8.69107704571428E-5
-4	-1.62560570857143E-4	-4	-3.72469798285714E-5
-3.975	-1.49022392285714E-4	-3.975	5.35454767142857E-5
-3.95	-1.80998708571429E-4	-3.95	3.86229914285714E-5
-3.925	-2.58517588857143E-4	-3.925	-2.12825114285714E-6
-3.9	-2.99560791714286E-4	-3.9	1.12364330285714E-5
-3.875	-3.27550547714286E-4	-3.875	-3.12703029142857E-5
-3.85	-2.97889150142857E-4	-3.85	-5.51068464E-5
-3.825	-2.15876948257143E-4	-3.825	-8.98589028571429E-7
-3.8	-1.72874585857143E-4	-3.8	-3.39215222285714E-5
-3.775	-1.608021728E-4	-3.775	-7.95176143142857E-5
-3.75	-1.41415282542857E-4	-3.75	-2.81274801714286E-5
-3.725	-1.847600888E-4	-3.725	-2.91287760857143E-5
-3.7	-2.21402710742857E-4	-3.7	-1.28259322457143E-4
-3.675	-1.98976115357143E-4	-3.675	-1.24845574428571E-4
-3.65	-1.67287895771429E-4	-3.65	-1.99063117428571E-4
-3.625	-1.156083899E-4	-3.625	-2.97038149428571E-4
-3.6	-6.77877896571429E-5	-3.6	-2.34201848285714E-4
-3.575	-6.02775487571428E-5	-3.575	-1.58270473142857E-4
-3.55	-9.79858117714286E-5	-3.55	-1.32649651285714E-4
-3.525	-1.37626816E-4	-3.525	-2.39168097714286E-5
-3.5	-1.63001236285714E-4	-3.5	-6.02841374285715E-6
-3.475	-1.79580328571429E-4	-3.475	-1.104445432E-4
-3.45	-2.03956322285714E-4	-3.45	-1.27594308428571E-4
-3.425	-2.08604224571429E-4	-3.425	-1.39718581142857E-4
-3.4	-2.28180109714286E-4	-3.4	-1.741850416E-4
-3.375	-2.28333118E-4	-3.375	-1.30278640528571E-4
-3.35	-2.16326872857143E-4	-3.35	-7.765509308E-5
-3.325	-1.93666566E-4	-3.325	-1.12544578768571E-4
-3.3	-1.36074822E-4	-3.3	-6.65826453085714E-5
-3.275	-7.27290669142857E-5	-3.275	5.43410804285715E-6
-3.25	-2.72110962285714E-5	-3.25	-4.27620875142857E-5
-3.225	5.43535191428571E-6	-3.225	-7.56566694E-5
-3.2	-1.58144490857143E-5	-3.2	-4.84442655428571E-5
-3.175	-1.06198081228571E-4	-3.175	-1.39871417228571E-4
-3.15	-1.76600657314286E-4	-3.15	-1.52146216885714E-4
-3.125	-2.11758450857143E-4	-3.125	-8.35433505428571E-5
-3.1	-1.92097770428571E-4	-3.1	-1.35425033342857E-4
-3.075	-1.54017276771429E-4	-3.075	-1.49767552257143E-4
-3.05	-1.20418364885714E-4	-3.05	-6.27468208857143E-5
-3.025	-1.25388853628571E-4	-3.025	-6.81533998E-5
-3	-1.23085235371429E-4	-3	-8.65764358857143E-5
-2.975	-1.1481914968E-4	-2.975	-5.39969355714286E-5
-2.95	-8.62627539257143E-5	-2.95	-1.22468434285714E-4
-2.925	-8.45702661371429E-5	-2.925	-1.70803951714286E-4
-2.9	-1.29202643742857E-4	-2.9	-1.14632847142857E-4
-2.875	-1.46125013457143E-4	-2.875	-1.10684035142857E-4
-2.85	-1.56539931028571E-4	-2.85	-1.16659582857143E-4
-2.825	-1.23995090942857E-4	-2.825	-7.63887362857143E-5
-2.8	-1.33254969314286E-4	-2.8	-7.1776078E-5
-2.775	-1.88019527857143E-4	-2.775	-1.34596293828571E-4
-2.75	-2.64333935142857E-4	-2.75	-1.36752396628571E-4
-2.725	-2.67161496714286E-4	-2.725	-1.932606224E-4
-2.7	-2.42318334371429E-4	-2.7	-2.93897314571429E-4
-2.675	-1.3640358976E-4	-2.675	-2.30778183428571E-4
-2.65	-6.002961848E-5	-2.65	-1.65306932285714E-4
-2.625	-8.07698803885714E-5	-2.625	-1.57278763428571E-4
-2.6	-1.30373133485714E-4	-2.6	-8.13373314285714E-5
-2.575	-1.51541317571429E-4	-2.575	-8.24397342857143E-5
-2.55	-1.83116285114286E-4	-2.55	-1.83139932285714E-4
-2.525	-2.007030032E-4	-2.525	-1.28918781714286E-4
-2.5	-1.74957107971429E-4	-2.5	-1.34325629142857E-4
-2.475	-1.60199077857143E-4	-2.475	-2.18959645142857E-4
-2.45	-1.82539131285714E-4	-2.45	-1.73325382857143E-4
-2.425	-1.75075861E-4	-2.425	-1.49371213428571E-4
-2.4	-1.70251450571429E-4	-2.4	-1.96771327257143E-4
-2.375	-1.97162367E-4	-2.375	-1.36546001485714E-4
-2.35	-1.99377828714286E-4	-2.35	-6.86327002571428E-5
-2.325	-1.40603539857143E-4	-2.325	-1.189480444E-4
-2.3	-1.23918396257143E-4	-2.3	-7.52229644857143E-5
-2.275	-1.32238000485714E-4	-2.275	1.18118276E-5
-2.25	-1.30985663257143E-4	-2.25	-3.54098284285714E-5
-2.225	-1.47948094714286E-4	-2.225	-5.68701967142857E-5
-2.2	-1.69560192285714E-4	-2.2	-3.89560383714286E-5
-2.175	-1.31806496671429E-4	-2.175	-1.35553396028571E-4
-2.15	-1.14085312617143E-4	-2.15	-1.93917951971429E-4
-2.125	-1.17161997837143E-4	-2.125	-1.490596132E-4
-2.1	-1.41763532617143E-4	-2.1	-1.96306384657143E-4
-2.075	-1.69259239242857E-4	-2.075	-2.34497584257143E-4
-2.05	-1.69125779E-4	-2.05	-1.72560526514286E-4
-2.025	-1.59298641714286E-4	-2.025	-1.86967553571429E-4
-2	-1.12762312714286E-4	-2	-2.06817384E-4
-1.975	-5.331411E-5	-1.975	-1.32240348857143E-4
-1.95	-3.10392697142857E-6	-1.95	-1.62926592285714E-4
-1.925	-2.17283946857143E-5	-1.925	-2.35205696E-4
-1.9	-6.72061132857143E-5	-1.9	-1.89260923142857E-4
-1.875	-1.628881172E-4	-1.875	-2.16636417142857E-4
-1.85	-1.52855413285714E-4	-1.85	-2.69054916285714E-4
-1.825	-9.86417418571429E-5	-1.825	-1.45570337714286E-4
-1.8	1.23517335428572E-5	-1.8	-1.01754247714286E-4
-1.775	4.02217333428571E-5	-1.775	-1.38514742E-4
-1.75	1.63532582571429E-5	-1.75	-7.54299682857142E-5
-1.725	-5.02026206428571E-5	-1.725	-7.41965102857143E-5
-1.7	-7.62296678057143E-5	-1.7	-1.61789923142857E-4
-1.675	-6.979714006E-5	-1.675	-1.20557744142857E-4
-1.65	-9.39342224342857E-5	-1.65	-1.31040318342857E-4
-1.625	-1.56885750928571E-4	-1.625	-2.335080246E-4
-1.6	-2.062575046E-4	-1.6	-2.14269828342857E-4
-1.575	-2.00498311428571E-4	-1.575	-1.61816754142857E-4
-1.55	-1.74785160628571E-4	-1.55	-1.890338556E-4
-1.525	-8.76789118857143E-5	-1.525	-1.106878928E-4
-1.5	-5.29130431714286E-5	-1.5	-5.66083550714286E-5
-1.475	-2.30571625142857E-5	-1.475	-1.6673964304E-4
-1.45	-4.22752074285715E-6	-1.45	-2.42108682991429E-4
-1.425	1.7012726E-6	-1.425	-2.19843819611429E-4
-1.4	-1.83521823428571E-5	-1.4	-3.03360808157143E-4
-1.375	-8.89128290857143E-5	-1.375	-2.33770424628571E-4
-1.35	-1.47263527457143E-4	-1.35	-4.23716504E-5
-1.325	-1.96651004514286E-4	-1.325	-9.67774428571429E-6
-1.3	-2.08857616228571E-4	-1.3	-9.79730057142854E-6
-1.275	-2.05360448171429E-4	-1.275	4.12007466857143E-5
-1.25	-1.40506823285714E-4	-1.25	-4.84861759428571E-5
-1.225	-1.21599930514286E-4	-1.225	-1.04212023314286E-4
-1.2	-1.19216192542857E-4	-1.2	-3.49309305714286E-5
-1.175	-1.25628559942857E-4	-1.175	-6.26889762857143E-5
-1.15	-1.25754083428571E-4	-1.15	-1.11494222857143E-4
-1.125	-1.23764745342857E-4	-1.125	-6.90165348571429E-5
-1.1	-9.93525523142857E-5	-1.1	-9.8597226E-5
-1.075	-9.16698164857143E-5	-1.075	-2.00288311142857E-4
-1.05	-8.80397128571429E-5	-1.05	-1.69554779428571E-4
-1.025	-5.42340118571429E-5	-1.025	-1.50746384285714E-4
-1	-4.47199872857143E-5	-1	-1.50592406857143E-4
-0.975	-6.3834876E-5	-0.975	-1.87512568571429E-5
-0.95	-8.21079153857143E-5	-0.95	1.87525417142857E-5
-0.925	-1.05783984188571E-4	-0.925	-6.81021437142857E-5
-0.9	-1.06418599837143E-4	-0.9	-3.01841814285714E-5
-0.875	-5.86009507314286E-5	-0.875	5.18829914285713E-6
-0.85	-5.39621726142857E-5	-0.85	-5.01659331428571E-5
-0.825	-4.50731349142857E-5	-0.825	3.37675848571429E-5
-0.8	7.7762218285714E-6	-0.8	5.88012142857143E-5
-0.775	7.40592004285714E-5	-0.775	-1.04241321714286E-5
-0.75	1.15127168714286E-4	-0.75	1.60370497714286E-5
-0.725	1.32486538885714E-4	-0.725	9.44870875428571E-5
-0.7	8.02828548285714E-5	-0.7	5.13999142857141E-7
-0.675	4.51597664571429E-5	-0.675	2.02586137142857E-5
-0.65	5.72322944285714E-5	-0.65	3.11947005714286E-5
-0.625	9.41814261714286E-5	-0.625	9.7518062857144E-7
-0.6	1.201935238E-4	-0.6	5.14002343428571E-5
-0.575	1.60975977685714E-4	-0.575	1.45917630285714E-4
-0.55	1.81468841628571E-4	-0.55	1.01453517885714E-4
-0.525	1.983474204E-4	-0.525	1.37922171142857E-4
-0.5	2.19226284714286E-4	-0.5	1.75558695142857E-4
-0.475	2.15772962142857E-4	-0.475	1.40303994285714E-4
-0.45	1.71035873E-4	-0.45	1.94784706057143E-4
-0.425	1.69426939114286E-4	-0.425	2.86922729314286E-4
-0.4	1.62116145914286E-4	-0.4	2.56743776628571E-4
-0.375	1.64326772542857E-4	-0.375	2.19372722428571E-4
-0.35	1.55471039714286E-4	-0.35	2.10811689771429E-4
-0.325	1.41094733142857E-4	-0.325	1.12291589028571E-4
-0.3	1.05611441571429E-4	-0.3	9.80000881142857E-5
-0.275	9.28355652857143E-5	-0.275	1.654946536E-4
-0.25	1.37696639628571E-4	-0.25	1.74482798914286E-4
-0.225	1.99990010885714E-4	-0.225	2.38357252771429E-4
-0.2	2.13399720771429E-4	-0.2	4.01060769028571E-4
-0.175	3.05320527228571E-4	-0.175	5.10166748342857E-4
-0.15	3.99151792257143E-4	-0.15	7.19377119714286E-4
-0.125	5.16523042228571E-4	-0.125	0.0010583611
-0.1	7.62331947857143E-4	-0.1	0.00139729472628571
-0.075	0.00107920086914286	-0.075	0.00175780444571429
-0.05	0.00139835527857143	-0.05	0.00219985255714286
-0.025	0.0016857329	-0.025	0.00242796189428571
0	0.00181888813428571	0	0.00242668817714286
0.025	0.00163599995142857	0.025	0.00226292004285714
0.05	0.00112908119771429	0.05	0.00178986473885714
0.075	3.31698379428571E-4	0.075	0.00104642716588571
0.1	-6.17321397714286E-4	0.1	2.61534921942857E-4
0.125	-0.00164792233085714	0.125	-5.79423338685714E-4
0.15	-0.00257418458	0.15	-0.00143873957885714
0.175	-0.00335621576285714	0.175	-0.00210245818714286
0.2	-0.00393984398285714	0.2	-0.00275386142285714
0.225	-0.00439798436857143	0.225	-0.00339388372571429
0.25	-0.00477349100571429	0.25	-0.00392308804
0.275	-0.00513342209142857	0.275	-0.0043662687
0.3	-0.00552159584857143	0.3	-0.00485772351142857
0.325	-0.00592687863428571	0.325	-0.00514981270857143
0.35	-0.00620053181428571	0.35	-0.00531915614285714
0.375	-0.00635442320285714	0.375	-0.00546644228571428
0.4	-0.00631381052857143	0.4	-0.00536759942571429
0.425	-0.00608757933142857	0.425	-0.00504437394571429
0.45	-0.00570582918857143	0.45	-0.00477248740285714
0.475	-0.00523140283714286	0.475	-0.00442668241428571
0.5	-0.00477386290571429	0.5	-0.00403602143714286
0.525	-0.00436402153714286	0.525	-0.00379701329714286
0.55	-0.00406150863714286	0.55	-0.00356180932285714
0.575	-0.00378904565142857	0.575	-0.00325355842571429
0.6	-0.00352934259428571	0.6	-0.0031395811
0.625	-0.00323064017714286	0.625	-0.00298710058571429
0.65	-0.00301852744571429	0.65	-0.00277169588571429
0.675	-0.00284113967714286	0.675	-0.00262501110285714
0.7	-0.00273335466285714	0.7	-0.00249561487428571
0.725	-0.00265521268285714	0.725	-0.00229265041428571
0.75	-0.00251753653428571	0.75	-0.00225066254571429
0.775	-0.00232105241142857	0.775	-0.00218017488285714
0.8	-0.00219587238	0.8	-0.00203603430857143
0.825	-0.00210435344285714	0.825	-0.00194509252
0.85	-0.00204030797714286	0.85	-0.00188867839428571
0.875	-0.00204325264857143	0.875	-0.00176549140285714
0.9	-0.00199151944571429	0.9	-0.00169578411428571
0.925	-0.00189139519142857	0.925	-0.00169748435714286
0.95	-0.00183240178857143	0.95	-0.00160091010857143
0.975	-0.00169402581428571	0.975	-0.00154541560571429
1	-0.00158181103428571	1	-0.00151078419142857
1.025	-0.00155495686571429	1.025	-0.00136038087857143
1.05	-0.00150629143714286	1.05	-0.00121215993542857
1.075	-0.00144180287714286	1.075	-0.00120297880771429
1.1	-0.00144127910571429	1.1	-0.00110850044971429
1.125	-0.00140902050571429	1.125	-0.00103052262457143
1.15	-0.00133287892571429	1.15	-0.00105902680057143
1.175	-0.00131899804857143	1.175	-0.00100089413085714
1.2	-0.00129316742857143	1.2	-9.63467892E-4
1.225	-0.00119982714714286	1.225	-9.92786795428571E-4
1.25	-0.001121645876	1.25	-9.23362826571429E-4
1.275	-0.00109432410085714	1.275	-8.06292318E-4
1.3	-0.00101100280314286	1.3	-8.15607788857143E-4
1.325	-9.85939181428571E-4	1.325	-8.03214862571428E-4
1.35	-9.80454072857143E-4	1.35	-8.00645587714286E-4
1.375	-9.33087847428571E-4	1.375	-8.88709270571429E-4
1.4	-8.83800356E-4	1.4	-8.70664700285714E-4
1.425	-8.77924244285714E-4	1.425	-7.98800404285714E-4
1.45	-8.63746483714286E-4	1.45	-7.91979130285714E-4
1.475	-8.99357585714286E-4	1.475	-7.65359292857143E-4
1.5	-9.39153820857143E-4	1.5	-6.69685244E-4
1.525	-9.56750336285714E-4	1.525	-6.89080766857143E-4
1.55	-9.51617114E-4	1.55	-7.01917005142857E-4
1.575	-9.17034747142857E-4	1.575	-6.73264026285714E-4
1.6	-8.39737835142857E-4	1.6	-7.17384261714286E-4
1.625	-7.72273506285714E-4	1.625	-7.09905290571429E-4
1.65	-7.04238899714286E-4	1.65	-6.11023707714286E-4
1.675	-6.72669958857143E-4	1.675	-5.68621743142857E-4
1.7	-6.58184883714286E-4	1.7	-5.59437246571429E-4
1.725	-6.72198156571429E-4	1.725	-4.82987258285714E-4
1.75	-6.64453512857143E-4	1.75	-5.44586409142857E-4
1.775	-6.6708642E-4	1.775	-6.04590014571428E-4
1.8	-6.44620671142857E-4	1.8	-5.81297399714286E-4
1.825	-6.20633998571429E-4	1.825	-5.72474573142857E-4
1.85	-5.7998099E-4	1.85	-5.79228773142857E-4
1.875	-5.39222798E-4	1.875	-4.58183775714286E-4
1.9	-5.25059185714286E-4	1.9	-4.09352499428571E-4
1.925	-4.82031635714286E-4	1.925	-4.47142935428571E-4
1.95	-4.63088760285714E-4	1.95	-3.71124098E-4
1.975	-4.35729216E-4	1.975	-3.82465687714286E-4
2	-4.27476382857143E-4	2	-4.47130998285714E-4
2.025	-4.41501274571429E-4	2.025	-4.18435760571428E-4
2.05	-4.96368797142857E-4	2.05	-3.69774563142857E-4
2.075	-5.10952512571429E-4	2.075	-3.99887578857143E-4
2.1	-6.07295127714286E-4	2.1	-3.26754041142857E-4
2.125	-7.19876951142857E-4	2.125	-3.02333911428571E-4
2.15	-7.53921022857143E-4	2.15	-4.01800196285714E-4
2.175	-7.53305156285714E-4	2.175	-4.27065410285714E-4
2.2	-6.22695828991429E-4	2.2	-4.22778793428571E-4
2.225	-4.38555093072E-4	2.225	-4.58618478E-4
2.25	-3.36681223384571E-4	2.25	-4.44526138E-4
2.275	-3.31806657072E-4	2.275	-3.84954628571429E-4
2.3	-2.87714874905714E-4	2.3	-4.09026588571429E-4
2.325	-3.40371356605714E-4	2.325	-3.75406049142857E-4
2.35	-3.43741587217143E-4	2.35	-2.56790138857143E-4
2.375	-3.07426934034286E-4	2.375	-2.53242114857143E-4
2.4	-2.75906283057143E-4	2.4	-2.15726840142857E-4
2.425	-3.35127791428571E-4	2.425	-1.303031148E-4
2.45	-2.97869624428571E-4	2.45	-1.32967261685714E-4
2.475	-2.87707595314286E-4	2.475	-1.56246283942857E-4
2.5	-2.74153712657143E-4	2.5	-9.59968278857143E-5
2.525	-1.60273030171429E-4	2.525	-1.73653865074286E-4
2.55	-7.39585518571429E-5	2.55	-2.40128260851429E-4
2.575	-1.72955742285714E-4	2.575	-2.14369181931429E-4
2.6	-2.71186007428571E-4	2.6	-2.75164434942857E-4
2.625	-3.91515118E-4	2.625	-3.04444635028571E-4
2.65	-4.81667368E-4	2.65	-2.230734652E-4
2.675	-4.59475622285714E-4	2.675	-1.86635399428571E-4
2.7	-3.67563259142857E-4	2.7	-1.68086836857143E-4
2.725	-3.34056792857143E-4	2.725	-8.76246862857143E-5
2.75	-3.04148933714286E-4	2.75	-1.03627508057143E-4
2.775	-2.76346054571429E-4	2.775	-1.63890740171429E-4
2.8	-2.67793989428571E-4	2.8	-1.19439706914286E-4
2.825	-3.08529068571429E-4	2.825	-1.12476595714286E-4
2.85	-3.16163478571429E-4	2.85	-1.52031958285714E-4
2.875	-3.42944977714286E-4	2.875	-7.6143684E-5
2.9	-3.28314702714286E-4	2.9	-4.96173031428571E-5
2.925	-2.43743273914286E-4	2.925	-8.16650822857143E-5
2.95	-1.69470461057143E-4	2.95	-3.03817008571429E-5
2.975	-1.27959507285714E-4	2.975	-2.14064238571429E-5
3	-8.02901259142857E-5	3	-1.18092442114286E-4
3.025	-9.57676903028571E-5	3.025	-1.13701482628571E-4
3.05	-1.80783929108571E-4	3.05	-1.37668982171429E-4
3.075	-1.93379720874286E-4	3.075	-2.36187217028571E-4
3.1	-1.91416408742857E-4	3.1	-2.21820380628571E-4
3.125	-2.05939606714286E-4	3.125	-1.68208749714286E-4
3.15	-1.90245728285714E-4	3.15	-1.89174800514286E-4
3.175	-1.46947876714286E-4	3.175	-1.65259239828571E-4
3.2	-1.71638577714286E-4	3.2	-9.92276715714286E-5
3.225	-1.76038348857143E-4	3.225	-1.92199447028571E-4
3.25	-1.36998964571429E-4	3.25	-2.05374709057143E-4
3.275	-1.16954052171429E-4	3.275	-1.83434917571429E-4
3.3	-1.183943008E-4	3.3	-2.68145289571429E-4
3.325	-6.98200501714286E-5	3.325	-2.97972147857143E-4
3.35	-6.33967828571429E-5	3.35	-1.79902297942857E-4
3.375	-1.03023288E-4	3.375	-1.434118094E-4
3.4	-9.66000174285714E-5	3.4	-4.76615636571428E-5
3.425	-1.10988006742857E-4	3.425	7.34604227142857E-5
3.45	-1.59604731371429E-4	3.45	4.48559302857143E-5
3.475	-9.52315924571429E-5	3.475	-1.14170902857143E-5
3.5	-4.07722562857143E-5	3.5	-1.75483236857143E-5
3.525	-2.36457017714286E-5	3.525	-1.05491630171429E-4
3.55	5.34931212571428E-5	3.55	-1.46853361028571E-4
3.575	8.77630605142857E-5	3.575	-1.08426828914286E-4
3.6	1.86320814285714E-5	3.6	-1.24613844114286E-4
3.625	-5.68892125714286E-5	3.625	-9.92576673714286E-5
3.65	-1.17239169714286E-4	3.65	1.02624365428571E-5
3.675	-2.43824301142857E-4	3.675	1.70815097714286E-5
3.7	-2.46326015142857E-4	3.7	-5.53797901714286E-5
3.725	-2.26329588E-4	3.725	-3.9907914E-5
3.75	-1.60774174285714E-4	3.75	-7.88143217142857E-5
3.775	-1.06300066428571E-4	3.775	-1.91442487885714E-4
3.8	-4.90212257714286E-5	3.8	-1.96690432371429E-4
3.825	-9.78613368857143E-5	3.825	-2.20971026685714E-4
3.85	-1.387144072E-4	3.85	-3.22219270257143E-4
3.875	-1.7250078E-4	3.875	-2.82820050514286E-4
3.9	-2.04622939714286E-4	3.9	-1.98422392428571E-4
3.925	-1.57033076428571E-4	3.925	-1.91343152E-4
3.95	-7.83306801428571E-5	3.95	-7.02843948571428E-5
3.975	-4.38632907142857E-5	3.975	4.07079997142857E-5
4	-6.02548112857143E-5	4	6.6379176E-5
4.025	-1.87091357142857E-5	4.025	1.44115156057143E-4
4.05	-1.90084721428571E-5	4.05	2.29357865028571E-4
4.075	4.93647471428571E-6	4.075	1.89800287342857E-4
4.1	9.57324217142857E-5	4.1	1.99251075714286E-4
4.125	1.48816497E-4	4.125	2.25565926428571E-4
4.15	2.03604747485714E-4	4.15	1.54533340857143E-4
4.175	2.53482641171429E-4	4.175	1.43662322714286E-4
4.2	2.38651880057143E-4	4.2	1.97302622857143E-4
4.225	1.37578141428571E-4	4.225	9.26937771428571E-5
4.25	4.84164931428571E-5	4.25	-1.69848585714285E-5
4.275	-9.76954148571429E-5	4.275	-6.28019498571428E-5
4.3	-2.46587504E-4	4.3	-2.02954177485714E-4
4.325	-3.30515178285714E-4	4.325	-2.91678776885714E-4
4.35	-4.14729317714286E-4	4.35	-2.46136812171429E-4
4.375	-4.36861533142857E-4	4.375	-2.95103427468571E-4
4.4	-3.66763069714286E-4	4.4	-3.37145442777143E-4
4.425	-2.359708714E-4	4.425	-2.59867994468571E-4
4.45	-1.76574840114286E-4	4.45	-1.845875318E-4
4.475	-1.03057660571429E-4	4.475	-1.23674233457143E-4
4.5	-6.65223598571428E-5	4.5	2.46002828285714E-5
4.525	-1.13943866342857E-4	4.525	7.86797008857143E-5
4.55	-1.33725452357143E-4	4.55	8.20498528571429E-6
4.575	-1.10805581265714E-4	4.575	1.16589324285714E-5
4.6	-1.32598886962857E-4	4.6	5.37996000000016E-7
4.625	-1.23176709505714E-4	4.625	-1.76740551428571E-5
4.65	-3.28637496657143E-5	4.65	5.3462842E-5
4.675	-8.29521529999999E-6	4.675	9.01769875714286E-5
4.7	2.72362064E-5	4.7	-6.00174051428571E-6
4.725	3.02009894571429E-5	4.725	-2.76704901142857E-5
4.75	-1.00900005428571E-5	4.75	-7.41776284E-5
4.775	-2.87655366857143E-5	4.775	-1.25333657085714E-4
4.8	-7.15868125714286E-6	4.8	-1.28920378742857E-4
4.825	2.24111064571428E-5	4.825	-1.22984477E-4
4.85	4.95899120285714E-5	4.85	-1.76349173142857E-4
4.875	7.99655244E-5	4.875	-1.81182763142857E-4
4.9	1.71621268E-5	4.9	-1.17427967657143E-4
4.925	-2.80269724857143E-5	4.925	-1.00592026685714E-4
4.95	-3.91024356285714E-5	4.95	-3.14062733714285E-5
4.975	-5.96353048857143E-5	4.975	2.87903662857143E-5
5	-7.50130249142857E-5	5	-3.98589297142855E-6
5.025	-7.70468111428572E-6	5.025	-1.16754412E-5
5.05	2.03078180857143E-5	5.05	6.52256564571429E-5
5.075	9.28475662857142E-6	5.075	7.03161428571421E-7
5.1	2.62036846571429E-5	5.1	-1.27074599999999E-6
5.125	6.734242E-6	5.125	2.00621474285714E-5
5.15	-3.48646328571428E-6	5.15	-6.49201198857143E-5
5.175	4.19578751428572E-6	5.175	-8.36267240857143E-5
5.2	4.77830753142857E-5	5.2	-3.28495244571428E-5
5.225	2.23809756857143E-5	5.225	-1.10119205171429E-4
5.25	5.24056045142857E-5	5.25	-1.18955115942857E-4
5.275	7.6505029E-5	5.275	-5.95085743714286E-5
5.3	5.44345742857143E-5	5.3	-7.76276536E-5
5.325	3.41218265714286E-5	5.325	-6.57530006285714E-5
5.35	2.27445259428571E-5	5.35	-1.94408660571429E-5
5.375	-6.46235077714286E-5	5.375	-5.172286208E-5
5.4	-8.88580077142857E-5	5.4	-8.00044382971429E-5
5.425	-4.34383456571428E-5	5.425	-2.06116038514286E-5
5.45	-4.03830544571429E-5	5.45	5.63354542857134E-7
5.475	-1.77224369142857E-5	5.475	3.21438964571428E-5
5.5	5.04027783428571E-5	5.5	6.46062900857143E-5
5.525	4.03120938857143E-5	5.525	8.03340063428571E-5
5.55	-1.96346710857143E-5	5.55	2.83417175142857E-5
5.575	-4.81858307142857E-5	5.575	2.60538997428571E-5
5.6	-1.18227116685714E-4	5.6	1.10882668857143E-5
5.625	-1.72548629485714E-4	5.625	-1.65010291714286E-5
5.65	-1.21020069828571E-4	5.65	6.07778254285713E-6
5.675	-7.73913427142857E-5	5.675	1.43775123142857E-5
5.7	-8.39064251428571E-5	5.7	-2.35976264285714E-5
5.725	-5.04145954285714E-5	5.725	8.8633877142857E-6
5.75	-4.999572E-5	5.75	6.51894017142857E-5
5.775	-2.36756892857143E-5	5.775	1.27760417142857E-5
5.8	3.10322272857143E-5	5.8	5.52573588571429E-5
5.825	8.39847460571428E-5	5.825	7.91335211428571E-5
5.85	4.59791474571429E-5	5.85	-5.90452999999999E-6
5.875	2.78241740571428E-5	5.875	1.93302402857143E-5
5.9	-3.59943047142857E-5	5.9	1.04883075714286E-4
5.925	-8.06017982857143E-5	5.925	3.74255497142857E-5
5.95	-4.74592032E-5	5.95	2.69583855714286E-5
5.975	4.28299006857143E-5	5.975	4.74845435714286E-5
6	6.74011905142857E-5	6	-1.12438969428571E-5
6.025	6.82815654285714E-5	6.025	8.69438321714286E-6
6.05	3.26688335714286E-5	6.05	1.29501862622857E-4
6.075	-6.80299505142857E-5	6.075	1.1910944356E-4
6.1	-1.15417818971429E-4	6.1	1.02300002457143E-4
6.125	-9.57209001142857E-5	6.125	7.68801669714286E-5
6.15	-9.02617999428571E-5	6.15	-2.11096439999999E-6
6.175	-8.30995713142857E-5	6.175	-6.47602861142857E-5
6.2	-1.23236755142857E-5	6.2	1.03377262285714E-5
6.225	1.67008977428571E-5	6.225	2.61603927714286E-5
6.25	2.89642992571429E-5	6.25	3.82368080571429E-5
6.275	6.91696331142857E-5	6.275	8.30109918E-5
6.3	7.16016444571429E-5	6.3	4.80247062857143E-5
6.325	6.63732207714286E-5	6.325	7.88193054285715E-6
6.35	9.18138064857143E-5	6.35	6.88963331428571E-5
6.375	9.39257548E-5	6.375	1.1914466E-4
6.4	6.79246961142857E-5	6.4	1.20599755571429E-4
6.425	8.37752290285714E-5	6.425	1.288110557E-4
6.45	8.49996572857143E-5	6.45	7.85639362171428E-5
6.475	7.592741E-5	6.475	8.93549546E-6
6.5	9.41439061142857E-5	6.5	1.14416170857143E-5
6.525	8.73022809285714E-5	6.525	1.69876588085714E-5
6.55	3.92423378E-5	6.55	-8.96733654285715E-6
6.575	3.72697851571428E-5	6.575	1.13491191428571E-5
6.6	3.02950685857143E-5	6.6	1.6933009E-5
6.625	-1.70887629228571E-5	6.625	2.36869821714286E-5
6.65	1.22224889171429E-5	6.65	6.89322340857143E-5
6.675	6.22915275771429E-5	6.675	6.11368673142857E-5
6.7	5.77769284142857E-5	6.7	-1.8806805E-5
6.725	7.67095978857143E-5	6.725	1.74618345714286E-5
6.75	7.65568443714286E-5	6.75	1.90086811428571E-5
6.775	1.15414220571429E-5	6.775	-7.31018371428571E-6
6.8	-1.62798986285714E-5	6.8	4.90824634285714E-5
6.825	4.60130072E-5	6.825	7.98443284285714E-5
6.85	8.17140495142857E-5	6.85	1.66705609142857E-5
6.875	1.23497745171429E-4	6.875	3.93904597428571E-5
6.9	1.31819517971429E-4	6.9	4.84719449142857E-5
6.925	8.74243831714286E-5	6.925	-2.37288618E-5
6.95	1.93981713428571E-5	6.95	-1.58034649714286E-5
6.975	6.42438148285714E-5	6.975	4.72914663428571E-5
7	8.88615137714285E-5	7	2.04922557142857E-5
7.025	6.5286182E-5	7.025	-6.1640037142857E-6
7.05	4.13215712571429E-5	7.05	1.62433822857143E-5
7.075	1.16045412285714E-5	7.075	-3.81747491428571E-5
7.1	-6.13441766E-5	7.1	-8.17954022857143E-5
7.125	-3.45545343714286E-5	7.125	-1.40136177142857E-5
7.15	3.70904782571429E-5	7.15	-1.10945394285714E-5
7.175	3.29642444285714E-5	7.175	-3.78698975714286E-5
7.2	1.08089755142857E-4	7.2	5.08663737714286E-5
7.225	1.28022404E-4	7.225	3.27576031714285E-5
7.25	8.36669242857143E-5	7.25	-2.56578788E-5
7.275	5.6991152E-5	7.275	1.98113592857143E-5
7.3	4.15369185714286E-5	7.3	3.16339349E-5
7.325	-1.38882198285714E-5	7.325	2.76906375428571E-6
7.35	-1.88349311771429E-5	7.35	1.01157747505714E-4
7.375	-1.550670176E-5	7.375	1.22684309154286E-4
7.4	-4.10685992914286E-5	7.4	7.61269781571429E-5
7.425	6.47809280000001E-6	7.425	9.08582268E-5
7.45	8.98653845714286E-5	7.45	1.20425223028571E-4
7.475	1.225267E-4	7.475	4.39219484285714E-5
7.5	1.09101304E-4	7.5	5.86882908571428E-5
7.525	9.75062075714286E-5	7.525	4.47722862857142E-5
7.55	1.26739965714288E-6	7.55	-5.82433317142857E-5
7.575	-5.23120311714286E-5	7.575	-1.05140116285714E-4
7.6	-3.11066798571428E-5	7.6	-7.11832290285714E-5
7.625	-6.15006312857143E-5	7.625	-6.9574526E-5
7.65	-7.79148751714286E-5	7.65	1.29650984E-5
7.675	-6.63123074571428E-5	7.675	5.79901304571429E-5
7.7	-8.05333577428571E-5	7.7	-3.63840575428571E-5
7.725	-8.70251905428571E-5	7.725	-6.75470348571429E-5
7.75	-2.60179398285714E-5	7.75	-1.20274907142857E-4
7.775	-4.28148917142857E-6	7.775	-1.64102891428571E-4
7.8	-1.0225891E-5	7.8	-1.32978204142857E-4
7.825	2.53824699428571E-5	7.825	-8.6524941E-5
7.85	8.47083397142856E-6	7.85	-1.33576321228571E-4
7.875	-5.96080357714286E-5	7.875	-7.39014059714285E-5
7.9	-1.7463439E-5	7.9	2.68074553428571E-5
7.925	6.14547142857143E-6	7.925	6.35960552857143E-5
7.95	3.37561409714286E-5	7.95	9.91131367142857E-5
7.975	1.27563959771429E-4	7.975	1.807081764E-4
8	1.76073869542857E-4	8	1.55963616485714E-4
8.025	1.73053238857143E-4	8.025	1.18616646971429E-4
8.05	2.22564409714286E-4	8.05	1.41062968828571E-4
8.075	1.98564067142857E-4	8.075	8.85694863428571E-5
8.1	1.14183181542857E-4	8.1	8.25184968571428E-6
8.125	6.24077903428572E-5	8.125	1.16196151428571E-6
8.15	3.61203252571429E-5	8.15	-9.57965828285714E-5
8.175	-1.2236876E-5	8.175	-1.959277686E-4
8.2	3.76001411428571E-5	8.2	-2.06141191228571E-4
8.225	3.0199308E-5	8.225	-2.33761503057143E-4
8.25	-6.04326482857143E-5	8.25	-2.753827796E-4
8.275	-1.19562056E-4	8.275	-2.18160339771429E-4
8.3	-1.52177781657143E-4	8.3	-2.45064384742857E-4
8.325	-2.416628904E-4	8.325	-2.989624768E-4
8.35	-2.58804823942857E-4	8.35	-2.653970416E-4
8.375	-2.34416819771429E-4	8.375	-2.152418386E-4
8.4	-2.01470397912571E-4	8.4	-1.71243257314286E-4
8.425	-9.30502751766857E-5	8.425	-5.41856575714286E-5
8.45	4.29742675790857E-5	8.45	4.94767106285714E-5
8.475	1.06591988926171E-4	8.475	1.11633229857143E-4
8.5	9.6865215436E-5	8.5	1.97264986E-4
8.525	1.33919220057143E-4	8.525	2.37146844E-4
8.55	1.61008937028571E-4	8.55	2.14064264857143E-4
8.575	1.84317775485714E-4	8.575	1.89667950971429E-4
8.6	2.49599416571429E-4	8.6	1.66701574628571E-4
8.625	2.22427768E-4	8.625	1.21078461542857E-4
8.65	1.26601101684286E-4	8.65	1.47941575657143E-4
8.675	8.61668504091428E-5	8.675	1.992798084E-4
8.7	7.43097261745714E-5	8.7	1.70675550228571E-4
8.725	1.77001784091429E-5	8.725	1.27349944685714E-4
8.75	-3.32689945857143E-6	8.75	8.55722668285714E-5
8.775	-9.21881857142858E-6	8.775	2.34911581E-5
8.8	-6.86569165714286E-5	8.8	-3.80577992057143E-5
8.825	-7.26250595714286E-5	8.825	-4.45928672314286E-5
8.85	-4.65741787714286E-5	8.85	-1.13118228291429E-4
8.875	-8.01275979142857E-5	8.875	-1.69110372728571E-4
8.9	-9.55327254285714E-5	8.9	-1.709809432E-4
8.925	-2.33686598571428E-5	8.925	-1.731376694E-4
8.95	-4.38117426285714E-5	8.95	-1.72124395485714E-4
8.975	-5.33933149714286E-5	8.975	-1.02496201257143E-4
9	-3.0054393E-5	9	-1.36035952285714E-4
9.025	-1.06029053142857E-4	9.025	-1.53300058E-4
9.05	-1.53566529571429E-4	9.05	-1.30670313114286E-4
9.075	-1.41167591485714E-4	9.075	-1.70654625542857E-4
9.1	-1.75901150885714E-4	9.1	-2.05040905285714E-4
9.125	-1.62924626628571E-4	9.125	-1.14328398914286E-4
9.15	-3.50996201428571E-5	9.15	-8.74762344285714E-5
9.175	2.63084831428571E-5	9.175	-9.5478178E-5
9.2	8.07039072857143E-5	9.2	-5.78454571428571E-5
9.225	1.31099841771429E-4	9.225	-8.0047852E-5
9.25	1.41639850885714E-4	9.25	-1.73126549428571E-4
9.275	8.49011126285714E-5	9.275	-1.57603158142857E-4
9.3	6.66275670777143E-5	9.3	-1.25766548457143E-4
9.325	3.00663884957714E-5	9.325	-1.66726579914286E-4
9.35	-7.50709451172571E-5	9.35	-1.18556429371429E-4
9.375	-1.13737804761371E-4	9.375	-3.45591494E-5
9.4	-7.06213745794286E-5	9.4	-1.03484597714286E-4
9.425	-6.68024548571428E-5	9.425	-1.05937241142857E-4
9.45	-5.84954511428572E-6	9.45	-8.53256445714286E-5
9.475	7.55541120857143E-5	9.475	-1.44423680857143E-4
9.5	6.72992214E-5	9.5	-1.38463692142857E-4
9.525	8.74917616285714E-5	9.525	-6.15869704714286E-5
9.55	1.07343510342857E-4	9.55	-1.09168308634286E-4
9.575	3.81975259428571E-5	9.575	-1.09841758774286E-4
9.6	1.25958768571429E-5	9.6	-6.711559152E-5
9.625	1.88618328571429E-5	9.625	-1.11373671014286E-4
9.65	-1.60903148571429E-5	9.65	-1.06411895914286E-4
9.675	8.20601971428572E-6	9.675	-2.59240525428571E-5
9.7	4.56749404285714E-5	9.7	-3.87826605714286E-6
9.725	2.17625388571428E-6	9.725	-6.97179262857143E-6
9.75	-3.21662613571429E-5	9.75	2.24795171428574E-7
9.775	-2.89394503085714E-5	9.775	-1.03087711657143E-4
9.8	-7.123235874E-5	9.8	-1.71301509857143E-4
9.825	-1.11994418365714E-4	9.825	-9.4283992E-5
9.85	-9.84821095E-5	9.85	-3.04636302857143E-5
9.875	-1.15170069142857E-4	9.875	7.54365628571427E-6
9.9	-1.40146245142857E-4	9.9	2.88603425142857E-5
9.925	-1.19239162142857E-4	9.925	-3.91168932571428E-5
9.95	-9.53558040857143E-5	9.95	-1.153696126E-4
9.975	-1.138347614E-4	9.975	-9.8456637E-5
10	-4.15645476285714E-5	10	-1.087432738E-4
10.025	-1.31491030571429E-5	10.025	-9.56094662285714E-5
10.05	-3.63199994E-5	10.05	-3.88672338571429E-5
10.075	-2.17820322857143E-5	10.075	5.57289331428572E-6
10.1	-3.04573882857143E-5	10.1	1.35760833714286E-5
10.125	-6.60467871428571E-5	10.125	8.06713740857143E-5
10.15	5.20982228571429E-6	10.15	9.16109901714286E-5
10.175	6.03185217142857E-5	10.175	7.49711299714286E-5
10.2	4.27590705714286E-5	10.2	1.03861141828571E-4
10.225	7.73937314285714E-5	10.225	9.12580358571428E-5
10.25	1.20056523142857E-4	10.25	5.27332548571429E-6
10.275	1.00718813742857E-4	10.275	2.51890385714287E-6
10.3	1.24092653474286E-4	10.3	-5.03524242857143E-5
10.325	1.88813050337143E-4	10.325	-1.28594870285714E-4
10.35	1.32244517474286E-4	10.35	-1.07422569428571E-4
10.375	6.97791386E-5	10.375	-8.42502364E-5
10.4	6.66937596571429E-5	10.4	-1.0490796184E-4
10.425	2.23893838285714E-5	10.425	-6.23628248914286E-5
10.45	-2.26310129142857E-5	10.45	-6.067215764E-5
10.475	5.33521449714286E-5	10.475	-9.95404469714286E-5
10.5	2.77647429142857E-5	10.5	-8.50816701714286E-5
10.525	-5.64348767428571E-5	10.525	-2.41678508E-5
10.55	-6.88619797142857E-5	10.55	-6.80367893142857E-5
10.575	-1.38498344285714E-4	10.575	-8.28590417714286E-5
10.6	-2.07484822E-4	10.6	-5.58271612857143E-5
10.625	-1.02153725142857E-4	10.625	-6.65205451428571E-5
10.65	-4.5512602E-5	10.65	-8.20951302857143E-5
10.675	-3.04148654285714E-5	10.675	-9.26962314285715E-6
10.7	4.06835968571429E-5	10.7	-3.1146E-5
10.725	6.46687191428571E-5	10.725	-6.81565228571429E-5
10.75	1.98966505714286E-5	10.75	-2.9965582E-5
10.775	4.36509944285714E-5	10.775	-4.51641868571429E-5
10.8	3.32093308571428E-6	10.8	-7.47133217142857E-5
10.825	-6.26909940285714E-5	10.825	-4.39619180857143E-5
10.85	-2.56147283428571E-5	10.85	-2.87378250571428E-5
10.875	2.98066224285714E-5	10.875	-2.34140062E-5
10.9	3.68254330857143E-5	10.9	4.57963800285714E-5
10.925	9.08705698285714E-5	10.925	6.00839287714286E-5
10.95	1.10840134228571E-4	10.95	4.42479127142857E-5
10.975	7.76932274285714E-5	10.975	6.15268373714286E-5
11	9.67141342285714E-5	11	7.6296416E-6
11.025	1.03719554542857E-4	11.025	-6.87049468571428E-5
11.05	6.1148988E-6	11.05	-6.64332902857143E-5
11.075	-1.40388284285714E-5	11.075	-8.1439352E-5
11.1	-1.51516361428571E-5	11.1	-1.68995014285714E-4
11.125	-4.97557698E-5	11.125	-1.36867356857143E-4
11.15	-7.50715911142857E-5	11.15	-9.71650932857143E-5
11.175	-1.11157156571429E-5	11.175	-1.13481163314286E-4
11.2	-2.47341371428572E-6	11.2	-4.73208306571429E-5
11.225	-1.4703846E-5	11.225	4.49475049714286E-5
11.25	4.70060324285714E-5	11.25	3.4395749E-5
11.275	3.4538924E-5	11.275	7.34540186857143E-5
11.3	1.20048147714286E-5	11.3	1.12100131714286E-4
11.325	3.68366987428571E-5	11.325	3.42091357942857E-5
11.35	4.59726050285714E-5	11.35	-3.79497266457143E-5
11.375	-2.28077818E-5	11.375	-3.55705008914286E-5
11.4	-8.10124834285714E-6	11.4	-7.75036456285714E-5
11.425	-1.89460306571429E-5	11.425	-6.2150362E-5
11.45	-8.15769445714286E-6	11.45	5.5220637142857E-7
11.475	2.896331E-5	11.475	-1.39975367428571E-5
11.5	6.85370776E-5	11.5	-5.56157866285714E-5
11.525	4.72117955142857E-5	11.525	-5.48533371428572E-6
11.55	4.19411366E-5	11.55	-5.86684565714285E-5
11.575	1.65482369428571E-5	11.575	-8.70162411428571E-5
11.6	-4.11766783714286E-5	11.6	-2.79663942285714E-5
11.625	-8.48461488E-5	11.625	-4.50645881142857E-5
11.65	-6.03432376E-5	11.65	-7.55788390857143E-5
11.675	-6.48602429714286E-5	11.675	1.98853905714286E-5
11.7	-3.92277778571428E-5	11.7	7.32217114285714E-6
11.725	-1.12050465714286E-5	11.725	-3.91325791428571E-5
11.75	-1.38766136E-5	11.75	-3.65410285714286E-6
11.775	-2.43447722857143E-5	11.775	-3.10896718571429E-5
11.8	-8.26029471428571E-6	11.8	-8.49189329142857E-5
11.825	-5.85390966857143E-5	11.825	-3.88912448857143E-5
11.85	-1.14065556828571E-4	11.85	-4.90482889142857E-5
11.875	-1.05343344514286E-4	11.875	-8.95386705714286E-5
11.9	-8.96177495714286E-5	11.9	-5.94022407428571E-5
11.925	-5.63598415142857E-5	11.925	-5.94423783714286E-5
11.95	6.79459303142857E-5	11.95	-8.41908358857143E-5
11.975	1.33770164342857E-4	11.975	-5.70949214285714E-5
12	1.13365975428571E-4	12	-8.75303147428571E-5
12.025	1.16437122914286E-4	12.025	-1.710438998E-4
12.05	9.91661580285714E-5	12.05	-1.37231845028571E-4
12.075	6.16145709714286E-5	12.075	-1.74136588714286E-4
12.1	7.08676534285714E-5	12.1	-2.31099654857143E-4
12.125	5.79721592285714E-5	12.125	-1.98781551142857E-4
12.15	-1.30693007142857E-5	12.15	-1.89909302114286E-4
12.175	-3.31772994E-5	12.175	-2.494710512E-4
12.2	-1.91839474571429E-5	12.2	-2.13618532685714E-4
12.225	5.36989434285714E-6	12.225	-1.70296902285714E-4
12.25	8.25767678628571E-5	12.25	-2.14739393657143E-4
12.275	1.6455494856E-4	12.275	-1.73300368685714E-4
12.3	1.00236229862857E-4	12.3	-1.16138407771429E-4
12.325	6.65165072E-5	12.325	-9.14814395142857E-5
12.35	3.86150434285714E-5	12.35	-4.97669518857143E-5
12.375	-3.02347305714286E-5	12.375	5.09716442E-5
12.4	-3.67422004285714E-5	12.4	6.13727234571428E-5
12.425	9.98049432E-5	12.425	9.90529989428571E-5
12.45	1.45369865742857E-4	12.45	1.88947806828571E-4
12.475	2.09380236914286E-4	12.475	2.07291498185714E-4
12.5	2.76911013285714E-4	12.5	2.27089296874286E-4
12.525	2.96934652E-4	12.525	2.66733798608571E-4
12.55	2.67618643142857E-4	12.55	1.9849315616E-4
12.575	3.20647539428571E-4	12.575	1.12171316042857E-4
12.6	2.63336205142857E-4	12.6	7.66972483085714E-5
12.625	1.63883453714286E-4	12.625	-6.86100953314286E-5
12.65	5.87031631714286E-5	12.65	-1.99385411405714E-4
12.675	-6.27395731428571E-5	12.675	-2.10988595628571E-4
12.7	-1.64965830657143E-4	12.7	-2.58885667257143E-4
12.725	-1.53345525347143E-4	12.725	-2.89270364342857E-4
12.75	-1.95702036446857E-4	12.75	-1.98646051828571E-4
12.775	-2.21938764127714E-4	12.775	-1.95863360857143E-4
12.8	-2.07878817161143E-4	12.8	-2.56137092571429E-4
12.825	-2.02523788832857E-4	12.825	-2.01254019142857E-4
12.85	-2.05999860571429E-4	12.85	-1.55452099714286E-4
12.875	-1.25156167714286E-4	12.875	-1.71666951771429E-4
12.9	-8.82863818571429E-5	12.9	-7.46681447428571E-5
12.925	-1.06065470114286E-4	12.925	-2.23970703428572E-5
12.95	-5.74879584857143E-5	12.95	-6.56420897142857E-5
12.975	2.22512164571429E-5	12.975	-1.3434196E-5
13	3.62974612857143E-5	13	2.59771367142857E-5
13.025	8.69614408571428E-5	13.025	-2.85712526857143E-5
13.05	9.25600774285714E-5	13.05	-4.94200020000001E-6
13.075	2.77348200000001E-6	13.075	2.50775890285714E-5
13.1	-1.05880174285714E-5	13.1	7.96259714285731E-7
13.125	2.15559582857143E-5	13.125	4.21434184E-5
13.15	-3.93356004E-5	13.15	1.17735308771429E-4
13.175	-8.19379149142857E-5	13.175	7.48315695428571E-5
13.2	-6.55017749714285E-5	13.2	8.03291618571429E-5
13.225	-7.33045984285714E-5	13.225	1.15040751714286E-4
13.25	-5.34146726857143E-5	13.25	6.27798568571429E-5
13.275	3.62083163714286E-5	13.275	2.14423862857143E-5
13.3	3.92400431714286E-5	13.3	5.74771575428571E-5
13.325	-9.01572314285714E-6	13.325	2.10077777142857E-6
13.35	1.06039650571429E-5	13.35	-9.36836888571428E-6
13.375	4.66847926E-5	13.375	2.08335885428571E-5
13.4	3.84386929142857E-5	13.4	-2.70377662E-5
13.425	9.16641252857143E-5	13.425	-3.16135563714286E-5
13.45	1.44607557857143E-4	13.45	3.80522326E-5
13.475	1.54848564428571E-4	13.475	5.22638902857143E-5
13.5	1.68112894828571E-4	13.5	7.98688396571429E-5
13.525	1.452378962E-4	13.525	1.43794498542857E-4
13.55	7.35180556857143E-5	13.55	9.35887999428571E-5
13.575	4.01985982E-5	13.575	2.23633844285714E-5
13.6	3.06439345714286E-6	13.6	2.97032911428571E-5
13.625	-2.25705992285714E-5	13.625	1.42444008571429E-5
13.65	2.93180250571429E-5	13.65	-3.93304432E-5
13.675	7.47389094571428E-5	13.675	-8.3648756E-6
13.7	7.07833817714286E-5	13.7	-1.75259431428571E-6
13.725	1.12423678142857E-4	13.725	-6.08189534857143E-5
13.75	1.20730040285714E-4	13.75	-3.06358254285714E-6
13.775	3.89877802857143E-5	13.775	8.76889265714286E-5
13.8	-1.21250664285714E-5	13.8	8.58816518571429E-5
13.825	-2.2265069E-5	13.825	1.27279240285714E-4
13.85	-6.66634063714286E-5	13.85	1.16859801714286E-4
13.875	-6.38939030571429E-5	13.875	4.99745492857143E-5
13.9	-4.9411076E-6	13.9	7.45927570857143E-5
13.925	-1.03674104E-5	13.925	1.08785952114286E-4
13.95	-3.45459402857143E-6	13.95	7.07766906285714E-5
13.975	1.15401744571429E-5	13.975	1.36389948057143E-4
14	1.99231271428571E-5	14	1.341117754E-4
14.025	3.18138650857143E-5	14.025	7.83299111714286E-5
14.05	7.28798152285714E-5	14.05	7.88117743714285E-5
14.075	5.09577484285714E-5	14.075	7.51614470285714E-5
14.1	2.35253358285714E-5	14.1	-6.65297368571429E-6
14.125	-1.20759627285714E-5	14.125	-4.70432948571428E-6
14.15	-3.67122976742857E-5	14.15	4.30734317142858E-6
14.175	-3.84207074085714E-5	14.175	-6.19453187428571E-5
14.2	5.07498048971429E-5	14.2	-6.32442575142857E-5
14.225	6.74973478142857E-5	14.225	8.34626240000001E-6
14.25	2.45400326857143E-5	14.25	-6.08518271428572E-6
14.275	3.5948231E-5	14.275	5.79275685714279E-7
14.3	2.28052251428572E-5	14.3	6.60242344685714E-5
14.325	7.28538748571428E-6	14.325	5.17360102057143E-5
14.35	9.24944181142857E-5	14.35	6.86219077828571E-5
14.375	1.21882201314286E-4	14.375	1.56316410628571E-4
14.4	7.28991044571429E-5	14.4	1.37582301028571E-4
14.425	8.98550125142857E-5	14.425	8.13849372857143E-5
14.45	8.08961191428571E-5	14.45	1.25045267542857E-4
14.475	6.39485741142857E-5	14.475	9.03776794857143E-5
14.5	6.86167934285714E-5	14.5	4.57638954E-5
14.525	6.23001519428571E-5	14.525	5.70331558857143E-5
14.55	1.49071322285714E-5	14.55	1.12491260857143E-5
14.575	9.56505942857144E-6	14.575	-5.20947814E-5
14.6	2.50012944E-5	14.6	-9.21231848571428E-6
14.625	5.740692E-5	14.625	-2.562231924E-5
14.65	1.363141E-4	14.65	1.3923146E-4
