time (ps)	LiCl / 4M	time (ps)	LiCl / 3M	time (ps)	LiCl /2M	time (ps)	LiCl / 1M
-4.95	1.4256211E-4	-4.942	-6.06975952242283E-5	-4.775	2.437406604054E-4	-5.02	8.45386541542464E-5
-4.925	3.862549868E-4	-4.917	3.46733003785673E-4	-4.75	1.99791861608593E-4	-4.995	2.64041693643026E-4
-4.9	3.07635889428571E-4	-4.892	1.90242979033197E-4	-4.725	1.94180888455593E-4	-4.97	-7.20680080644618E-5
-4.875	3.41063908285714E-4	-4.867	1.29706361386139E-4	-4.7	1.35096475302149E-4	-4.945	1.61068377277017E-4
-4.85	2.89605370857143E-4	-4.842	4.59827085032033E-4	-4.675	9.19024959611572E-5	-4.92	4.00623728910918E-4
-4.825	1.82287093542857E-4	-4.817	-6.09306316249272E-5	-4.65	-4.54037915110773E-5	-4.895	-3.06707470270351E-5
-4.8	3.25574997714286E-5	-4.792	-1.03895053873034E-4	-4.625	-1.44403443568036E-4	-4.87	-2.91739932099269E-4
-4.775	2.19016901142858E-5	-4.767	1.79383031450204E-4	-4.6	-1.8200165721969E-4	-4.845	1.62884212152207E-4
-4.75	-8.48701277142857E-5	-4.742	9.33693185789167E-5	-4.575	-2.29143076449111E-4	-4.82	4.15147794784063E-5
-4.725	-1.47030243714286E-4	-4.717	4.18651776354106E-6	-4.55	-2.7536946786475E-4	-4.795	-3.06283754669616E-4
-4.7	-7.52115817142858E-5	-4.692	2.55635046592895E-4	-4.525	-1.92754187125864E-4	-4.77	-7.15144118458989E-5
-4.675	-7.89410088571428E-5	-4.667	-2.86352122888759E-5	-4.5	-1.70022813285806E-4	-4.745	2.3464004812533E-4
-4.65	-2.70434258571429E-4	-4.642	-2.22873048922539E-4	-4.475	-9.97851602616068E-5	-4.72	-5.10556583739101E-4
-4.625	-3.31185769714286E-4	-4.617	1.08430978450786E-5	-4.45	5.01943761435086E-5	-4.695	-1.26118544834737E-4
-4.6	-2.56828423714286E-4	-4.592	-2.66151292952825E-4	-4.425	4.80678502781417E-5	-4.67	3.66846585295629E-4
-4.575	-3.43474086E-4	-4.567	4.71156281304601E-5	-4.4	-6.52515778363886E-5	-4.645	-2.22635264051383E-4
-4.55	-3.62238663428571E-4	-4.542	8.48195381479324E-5	-4.375	-8.14406476537337E-5	-4.62	-1.51668990692957E-4
-4.525	-2.47317913142857E-4	-4.517	-6.62210436808387E-5	-4.35	-1.63001242482459E-4	-4.595	2.88444026739699E-4
-4.5	-2.03320988428571E-4	-4.492	-1.57226889924287E-4	-4.325	-2.23332053800557E-4	-4.57	2.77283120374313E-6
-4.475	-3.19558126457143E-4	-4.467	-1.07690515433896E-4	-4.3	-1.17071989405807E-4	-4.545	-4.84636068268478E-4
-4.45	-2.49258509228571E-4	-4.442	1.87407112696564E-4	-4.275	-8.13975445743429E-5	-4.52	1.07582712057759E-4
-4.425	-1.48455145314286E-4	-4.417	3.13811814210833E-5	-4.25	-1.43907645628944E-4	-4.495	-9.17726615150845E-5
-4.4	-2.25230544142857E-4	-4.392	2.82802527664531E-4	-4.225	-7.95694623566914E-5	-4.47	-2.53181287998385E-4
-4.375	-2.45899728571429E-4	-4.367	7.26560291205591E-5	-4.2	-5.52830477807777E-5	-4.445	-3.35936866322735E-4
-4.35	-1.60825819142857E-4	-4.342	-1.51644114735003E-5	-4.175	-1.34109108009376E-4	-4.42	1.66707354589066E-4
-4.325	-2.69673680628571E-4	-4.317	-4.04493797320909E-4	-4.15	-1.19402287843359E-4	-4.395	-1.13315608277744E-4
-4.3	-3.92013266171429E-4	-4.292	-9.81160891089109E-6	-4.125	-1.28324302110002E-4	-4.37	-1.74271601699069E-4
-4.275	-3.33757174057143E-4	-4.267	-3.22263967676179E-4	-4.1	-2.14002197522401E-4	-4.345	1.52987472190745E-5
-4.25	-3.00957996742857E-4	-4.242	-1.58095203843914E-5	-4.075	-2.25110375164765E-4	-4.32	-5.41440578316782E-5
-4.225	-3.22984194971429E-4	-4.217	1.47383430401864E-4	-4.05	-1.72648938508838E-4	-4.295	-2.79704242583199E-4
-4.2	-3.22618106971429E-4	-4.192	1.00967086779266E-4	-4.025	-1.95126792133376E-4	-4.27	-2.12768263118341E-4
-4.175	-2.35860931314286E-4	-4.167	-2.32469735002912E-5	-4	-2.0750357857438E-4	-4.245	6.31402233366886E-5
-4.15	-2.00671940285714E-4	-4.142	-2.50908008153757E-5	-3.975	-1.54822136496052E-4	-4.22	-2.51582198106555E-4
-4.125	-2.188594492E-4	-4.117	1.14017310716366E-4	-3.95	-1.38027942851271E-4	-4.195	-3.67015462107368E-4
-4.1	-1.136147716E-4	-4.092	-1.81180353814793E-4	-3.925	-1.44098508863829E-4	-4.17	7.87343245890715E-5
-4.075	-7.07940420571429E-5	-4.067	-1.29565393127548E-5	-3.9	-3.1752884234016E-5	-4.145	-1.13338041397085E-4
-4.05	-1.80339934E-4	-4.042	7.20459670937682E-5	-3.875	2.05052079172526E-5	-4.12	-5.48285482725349E-4
-4.025	-1.86004124571429E-4	-4.017	-1.8995637449039E-4	-3.85	-1.97852873855966E-5	-4.095	1.01604199854795E-4
-4	-7.19042802857143E-5	-3.992	2.67023897786838E-4	-3.825	-2.60441055352131E-5	-4.07	1.22949968449997E-4
-3.975	-5.6497283E-5	-3.967	1.46023088235294E-4	-3.8	-7.89717385011847E-5	-4.045	-1.05041295524121E-4
-3.95	3.77921578571429E-5	-3.942	-3.9562921665696E-5	-3.775	-1.88056450724253E-4	-4.02	-2.82185367282994E-4
-3.925	1.53221002714286E-4	-3.917	-2.32441135701805E-4	-3.75	-1.54989159690244E-4	-3.995	1.20805539463579E-4
-3.9	2.21762640428571E-4	-3.892	6.99242169481654E-5	-3.725	-9.14273989509343E-5	-3.97	-3.44820056070827E-4
-3.875	2.70543347142857E-5	-3.867	-2.03892917880023E-4	-3.7	-9.67748202048878E-5	-3.945	-3.29522757374815E-4
-3.85	-4.12528844285715E-5	-3.842	-4.15397041351194E-4	-3.675	-6.59621973715879E-5	-3.92	4.18009287896313E-4
-3.825	-1.9961352E-5	-3.817	5.34082367501456E-5	-3.65	-5.70686446416754E-6	-3.895	-1.59753648195402E-6
-3.8	-4.06572191428571E-5	-3.792	7.43150902737333E-6	-3.625	-4.15620490247342E-5	-3.87	-2.75190465689123E-4
-3.775	-8.41324548571428E-5	-3.767	2.74064411764706E-5	-3.6	-1.20474020496466E-5	-3.845	2.25061513055378E-5
-3.75	8.64598702857143E-5	-3.742	-6.08767271403611E-5	-3.575	4.38274203547114E-5	-3.82	1.92718877454354E-4
-3.725	1.11541962857143E-5	-3.717	-5.00122521840419E-5	-3.55	-4.55929594688573E-6	-3.795	-3.67291025084001E-4
-3.7	-6.40044094285714E-5	-3.692	-3.31111394874782E-4	-3.525	-7.26958926431846E-5	-3.77	-3.01179654896703E-4
-3.675	-7.09485945714286E-5	-3.667	-1.21960465928946E-4	-3.5	-3.45812979337097E-5	-3.745	7.55979990910966E-5
-3.65	-3.0405688E-5	-3.642	8.06232440302854E-6	-3.475	-1.02119977246428E-4	-3.72	-1.78607749157658E-4
-3.625	-1.41664457142857E-4	-3.617	-4.47479260337798E-5	-3.45	-1.53238623024898E-4	-3.695	-3.1390554485559E-5
-3.6	-1.57439256E-4	-3.592	1.18926769073966E-4	-3.425	-9.90961408732937E-5	-3.67	-5.5245561063367E-5
-3.575	-5.65865011428571E-5	-3.567	3.88299784507863E-5	-3.4	-1.17764500765927E-4	-3.645	3.61413918537388E-6
-3.55	-1.7143604E-5	-3.542	-9.62720681421083E-5	-3.375	-1.45535584361127E-4	-3.62	-3.3128814711788E-4
-3.525	-6.49609788571428E-5	-3.517	1.07862947000582E-4	-3.35	-5.53550072890423E-5	-3.595	4.46811532400624E-5
-3.5	8.96850857142843E-7	-3.492	-5.87557658707047E-6	-3.325	-5.80259743718554E-5	-3.57	1.1321394040436E-4
-3.475	3.19856028571429E-5	-3.467	-3.02877259755387E-4	-3.3	-1.48403286271347E-4	-3.545	-2.54764454986886E-4
-3.45	-8.72901614285714E-5	-3.442	-3.37046656959814E-4	-3.275	-9.58168663571777E-5	-3.52	-1.43856794772571E-4
-3.425	-3.83459545714286E-5	-3.417	-4.01321007571345E-5	-3.25	-8.06598699585326E-5	-3.495	1.74839446248731E-5
-3.4	4.00656962857143E-5	-3.392	1.25814114735003E-4	-3.225	-1.0263103225914E-4	-3.47	-3.13829519999719E-5
-3.375	1.76325431428571E-5	-3.367	-1.98023609493302E-4	-3.2	-4.04881903849742E-5	-3.445	-6.139845663578E-4
-3.35	-8.76208617142857E-5	-3.342	6.4773584740827E-5	-3.175	-1.9666988471736E-5	-3.42	8.79597726684439E-5
-3.325	-1.13799505571429E-4	-3.317	-1.45809133663366E-4	-3.15	-1.15406997132907E-4	-3.395	2.49699298964477E-5
-3.3	-1.42702956514286E-4	-3.292	1.96648264414677E-5	-3.125	-1.07963925367197E-4	-3.37	-2.37708150176288E-4
-3.275	-1.49764683971429E-4	-3.267	-8.52469132207338E-7	-3.1	-9.53884433885904E-5	-3.345	-3.41851008764882E-4
-3.25	-7.80168708E-5	-3.242	1.86570241700641E-5	-3.075	-1.51280902517307E-4	-3.32	1.56766562165925E-4
-3.225	1.08038810428571E-4	-3.217	-7.18874641817123E-5	-3.05	-1.54006221386217E-4	-3.295	1.2849183503987E-4
-3.2	1.53167473142857E-4	-3.192	-7.69350349446709E-5	-3.025	-1.24190700523968E-4	-3.27	-3.18164329247239E-4
-3.175	1.11642741885714E-4	-3.167	5.89890264997088E-5	-3	-1.97216389413633E-4	-3.245	-3.12642816124369E-6
-3.15	1.87373613942857E-4	-3.142	-9.93179283634246E-5	-2.975	-1.66922796805106E-4	-3.22	4.08266767718597E-5
-3.125	2.09393900742857E-4	-3.117	5.61500230052417E-5	-2.95	-8.89458918593442E-5	-3.195	-3.92519703515838E-4
-3.1	3.18504968571429E-5	-3.092	2.3302158124636E-4	-2.925	-1.23173203468058E-4	-3.17	4.15351908139966E-5
-3.075	4.47261742857138E-6	-3.067	-2.20885540186372E-4	-2.9	-1.60952470708958E-4	-3.145	1.28612445833455E-4
-3.05	-1.77705271428572E-5	-3.042	-2.31843241118229E-4	-2.875	-1.29416458309745E-4	-3.12	-3.77721295331563E-4
-3.025	-1.12595357942857E-4	-3.017	-8.22826945253349E-5	-2.85	-1.78267255442774E-4	-3.095	-3.23694251399123E-4
-3	-1.35513348685714E-4	-2.992	8.45706121141526E-5	-2.825	-1.94877923136634E-4	-3.07	-2.06747732896201E-4
-2.975	-5.04419313714285E-5	-2.967	-1.59771697728596E-5	-2.8	-1.17147208958424E-4	-3.045	-4.02862456567874E-4
-2.95	-8.20663608571429E-5	-2.942	-1.99278095515434E-4	-2.775	-1.70704086086985E-4	-3.02	-3.49654632900852E-4
-2.925	-5.67181058571428E-5	-2.917	7.12500524170064E-6	-2.75	-2.58170942043932E-4	-2.995	1.11030088443204E-4
-2.9	1.79254116571429E-5	-2.892	-1.78466457483984E-4	-2.725	-2.13573257708361E-4	-2.97	5.69254770953769E-5
-2.875	1.288885934E-4	-2.867	7.93386094933023E-5	-2.7	-1.58040919048047E-4	-2.945	1.78318207300533E-4
-2.85	1.18734985085714E-4	-2.842	1.69775908561444E-5	-2.675	-1.37507541087094E-4	-2.92	-1.96919684755631E-4
-2.825	1.08922065571429E-4	-2.817	-2.70467198602213E-4	-2.65	-4.58418587887995E-5	-2.895	1.16909003383154E-4
-2.8	1.11968824285714E-4	-2.792	-2.26763043098428E-5	-2.625	-3.08885331244207E-5	-2.87	-1.80461885803717E-4
-2.775	9.34470971428572E-6	-2.767	-1.86365337798486E-5	-2.6	-1.18393366008594E-4	-2.845	-2.91448292505874E-4
-2.75	-1.30491364285714E-4	-2.742	-2.27873890506698E-4	-2.575	-9.9700180571231E-5	-2.82	-3.97548040649913E-5
-2.725	-8.43239117142857E-5	-2.717	-1.14232671811299E-4	-2.55	-9.03873429945679E-5	-2.795	6.14785648438051E-5
-2.7	-3.79147442857143E-5	-2.692	3.71861271112405E-4	-2.525	-1.5421326820362E-4	-2.77	-2.33488363786944E-4
-2.675	-1.09815614285714E-4	-2.667	-3.00314442341293E-4	-2.5	-1.85564880863352E-4	-2.745	-3.58477521773135E-5
-2.65	-1.72955242285714E-4	-2.642	-2.79898526499709E-4	-2.475	-1.54534983557179E-4	-2.72	-1.14158907300438E-4
-2.625	-2.07377743428571E-4	-2.617	2.09829953407105E-4	-2.45	-1.75443106926493E-4	-2.695	-1.84791631549893E-4
-2.6	-2.83527832E-4	-2.592	-3.85182562609202E-5	-2.425	-1.58456788001201E-4	-2.67	-3.51455449069381E-4
-2.575	-3.11126694171429E-4	-2.567	-1.53177469423413E-4	-2.4	-8.34183359592542E-5	-2.645	-1.98997546783328E-4
-2.55	-2.40224158228571E-4	-2.542	-5.22540806639488E-5	-2.375	-1.27942067561487E-4	-2.62	-1.4900803935977E-4
-2.525	-2.25495433885714E-4	-2.517	-2.00558408561444E-4	-2.35	-1.58690848527561E-4	-2.595	-3.03975765547869E-4
-2.5	-2.64651156714286E-4	-2.492	3.0877413803145E-5	-2.325	-1.20968990492075E-4	-2.57	-1.15391716163905E-5
-2.475	-2.25261337114286E-4	-2.467	2.01352350029121E-4	-2.3	-1.50419528125283E-4	-2.545	-3.77902903232392E-5
-2.45	-9.41032556285714E-5	-2.442	-1.97195055329062E-5	-2.275	-2.18992507810607E-4	-2.52	-3.29525026908453E-4
-2.425	-4.47498911142857E-5	-2.417	-1.26173328479907E-4	-2.25	-1.50967550692922E-4	-2.495	-1.20674937296809E-5
-2.4	-5.00290418571428E-5	-2.392	2.38655888177053E-5	-2.225	-1.82004804948106E-4	-2.47	-1.00787619843649E-5
-2.375	-6.94204675714286E-5	-2.367	-1.21261933605125E-5	-2.2	-1.73743683679476E-4	-2.445	-4.20082448101336E-5
-2.35	-1.32561264E-5	-2.342	-2.43646405066977E-4	-2.175	-5.72492062144656E-5	-2.42	-2.93378417839938E-4
-2.325	-3.72792092E-5	-2.317	-1.24079443797321E-4	-2.15	-4.82073435183836E-5	-2.395	1.86258826273718E-4
-2.3	-7.33929866857143E-5	-2.292	2.91102032615026E-5	-2.125	-7.70991461175404E-5	-2.37	-4.58070390391086E-4
-2.275	5.52639028571428E-6	-2.267	-4.20693558532324E-4	-2.1	-5.49505582335771E-5	-2.345	-2.07170788433368E-4
-2.25	3.98245651428571E-5	-2.242	-2.01993214909726E-4	-2.075	-9.55830078854156E-5	-2.32	1.54676167972404E-4
-2.225	-4.92863695428571E-5	-2.217	2.29061505532906E-4	-2.05	-1.61442208150991E-4	-2.295	-8.01779595645067E-5
-2.2	-9.29366634285715E-6	-2.192	-6.02069979615609E-5	-2.025	-1.45659414617175E-4	-2.27	-3.33194998429701E-4
-2.175	-2.02171568285714E-5	-2.167	-1.27995020384391E-4	-2	-1.82278703705829E-4	-2.245	-1.46424017079122E-4
-2.15	-1.47715779314286E-4	-2.142	1.47072904775772E-4	-1.975	-2.37816752224918E-4	-2.22	3.54944445627468E-5
-2.125	-9.46662846571429E-5	-2.117	9.01864467093768E-5	-1.95	-1.77831012300749E-4	-2.195	-2.11058779855278E-4
-2.1	1.304606904E-4	-2.092	-4.11006345369831E-4	-1.925	-8.95065583612166E-5	-2.17	-1.90933676762287E-4
-2.075	2.04233294285714E-4	-2.067	-4.72608832265579E-5	-1.9	-7.24115284180354E-5	-2.145	-1.43771257767749E-4
-2.05	1.75452036457143E-4	-2.042	2.90938814793244E-5	-1.875	-1.94457485948194E-5	-2.12	-3.9730680097881E-5
-2.025	1.257954808E-4	-2.017	-3.79786161910309E-4	-1.85	5.3473967552088E-6	-2.095	-2.16070009588389E-4
-2	4.73506014285713E-6	-1.992	-6.01158532323821E-6	-1.825	-9.84994974484552E-5	-2.07	-2.14102965904359E-4
-1.975	-1.54624244971429E-4	-1.967	-1.14276212871287E-4	-1.8	-1.40538816624144E-4	-2.045	1.98429503310399E-5
-1.95	-9.66305339714285E-5	-1.942	-2.21218590564939E-4	-1.775	-9.96916604062106E-5	-2.02	-2.00469271532461E-4
-1.925	4.14005788285714E-5	-1.917	-1.7998151718113E-5	-1.75	-1.32148223951263E-4	-1.995	-2.54576300702179E-4
-1.9	1.17995857142856E-7	-1.892	1.42961342457775E-4	-1.725	-1.18564523185814E-4	-1.97	8.58863954562212E-5
-1.875	2.78047371428572E-6	-1.867	-2.03172135993011E-4	-1.7	-2.39649106140967E-5	-1.945	-1.05777863172089E-4
-1.85	9.71412337142857E-5	-1.842	3.28121086196855E-5	-1.675	-4.29047779047552E-5	-1.92	-8.56533532321124E-5
-1.825	6.57558542857143E-5	-1.817	2.86621135701805E-5	-1.65	-1.07067821812904E-4	-1.895	-1.42973891935805E-4
-1.8	4.13961237142857E-5	-1.792	-1.84659582119977E-4	-1.625	-7.61984807228537E-5	-1.87	-3.20951633022855E-4
-1.775	5.88040414285714E-5	-1.767	-8.78341287128713E-5	-1.6	-1.33471398359602E-4	-1.845	-2.12873493526599E-4
-1.75	-4.17392914285714E-5	-1.742	1.49037511648224E-4	-1.575	-2.06333570978321E-4	-1.82	-2.48817020023412E-4
-1.725	-2.24863650857143E-4	-1.717	-1.95717309260338E-4	-1.55	-1.5836430683123E-4	-1.795	-1.01203179590435E-4
-1.7	-2.79030752571429E-4	-1.692	-5.02424735002912E-5	-1.525	-1.37338168685457E-4	-1.77	6.07383442412975E-6
-1.675	-2.03201916285714E-4	-1.667	-1.08957395165987E-4	-1.5	-2.00669174007239E-4	-1.745	-1.15403072874059E-4
-1.65	-1.50155159428571E-4	-1.642	2.34799813628422E-4	-1.475	-1.09478934253546E-4	-1.72	-1.8927945799959E-4
-1.625	-1.73528166285714E-4	-1.617	-2.14098190157251E-4	-1.45	-5.38351142957239E-5	-1.695	-3.4384995250737E-4
-1.6	-1.67148173142857E-4	-1.592	8.50803951659872E-5	-1.425	-1.26763781040988E-4	-1.67	-3.7817978633616E-4
-1.575	-2.34658344428571E-4	-1.567	-3.73801212871287E-4	-1.4	-1.30705966008728E-4	-1.645	-1.79471157514255E-5
-1.55	-3.09141312857143E-4	-1.542	-1.90140282469423E-4	-1.375	-1.04055945871035E-4	-1.62	-9.42256385725949E-5
-1.525	-2.41613694142857E-4	-1.517	2.58251362842167E-5	-1.35	-1.66898231319355E-4	-1.595	4.28958820206549E-5
-1.5	-9.30085171428571E-5	-1.492	1.2036277810134E-4	-1.325	-1.18178003098311E-4	-1.57	-2.52062001026624E-4
-1.475	-9.0224171E-5	-1.467	5.71443797320909E-6	-1.3	-2.74685446340445E-5	-1.545	-7.82162126645596E-5
-1.45	-1.19898842857143E-4	-1.442	-5.70787297612114E-5	-1.275	-6.10855779214728E-5	-1.52	-3.71163147854382E-4
-1.425	-1.51939060285714E-4	-1.417	2.6084421665696E-5	-1.25	-5.8652217258083E-5	-1.495	-2.13067895810284E-4
-1.4	-1.23021951142857E-4	-1.392	-1.9724058386721E-4	-1.225	-3.96183438406656E-5	-1.47	-2.34894489067791E-4
-1.375	-1.68136268571429E-4	-1.367	1.12846370122306E-4	-1.2	-8.75393645913636E-5	-1.445	-6.22645504564823E-5
-1.35	-1.90448383428571E-4	-1.342	5.50494126383227E-5	-1.175	-1.14357909414082E-4	-1.42	-8.48970849471357E-5
-1.325	-1.96299372857143E-4	-1.317	-3.89304245777519E-4	-1.15	-3.03325408749516E-5	-1.395	-5.42778698966206E-5
-1.3	-2.16293828457143E-4	-1.292	-1.90623423121724E-4	-1.125	-3.0120895312918E-5	-1.37	-7.52235206157382E-6
-1.275	-2.803819268E-4	-1.267	-7.74401662783925E-5	-1.1	-7.47371594244034E-5	-1.345	-2.27835787357004E-4
-1.25	-1.49974297314286E-4	-1.242	-2.089185468841E-4	-1.075	-9.89216563702423E-5	-1.32	-7.43070630406113E-7
-1.225	-7.93351999999998E-6	-1.217	-2.05766161910309E-4	-1.05	-1.26479482446055E-4	-1.295	-7.58340848411909E-5
-1.2	-1.85454242857143E-5	-1.192	5.7489006406523E-5	-1.025	-1.94811467529561E-4	-1.27	-2.96147529178587E-4
-1.175	4.60153554285714E-5	-1.167	-2.75877052999418E-5	-1	-1.09299893374282E-4	-1.245	-2.45751702898193E-4
-1.15	9.11489957142857E-5	-1.142	-2.68664107454863E-4	-0.975	-6.26643416084318E-5	-1.22	-1.67128086340795E-4
-1.125	1.35755905714286E-5	-1.117	-1.31390601339546E-4	-0.95	-4.88710989665383E-5	-1.195	-3.87453580002993E-4
-1.1	-7.4419756E-5	-1.092	-3.94291888468259E-4	-0.925	-4.30896167151814E-5	-1.17	-2.33383160504586E-4
-1.075	-3.06628834285714E-5	-1.067	-2.41983527955737E-4	-0.9	6.92928230279204E-6	-1.145	-4.09826850566157E-5
-1.05	-5.31450404285714E-5	-1.042	1.93182041351194E-4	-0.875	-8.7684779016073E-7	-1.12	9.85717412365014E-5
-1.025	-5.774268E-5	-1.017	-8.56394666569598E-5	-0.85	1.12192761289727E-5	-1.095	-4.6726529289861E-5
-1	1.80356775714285E-5	-0.992	-1.92560082993593E-4	-0.825	2.36148790650119E-6	-1.07	8.51276930738134E-6
-0.975	1.11838657142857E-4	-0.967000000000001	-5.16268937099592E-5	-0.8	-1.19970961892033E-5	-1.045	-6.69766882072586E-5
-0.95	9.08765915714286E-5	-0.942	4.21735639196273E-4	-0.775	1.84916847034255E-5	-1.02	-2.03386716334546E-4
-0.925	1.00824105057143E-4	-0.917	-1.18110710541642E-4	-0.75	1.22131977396403E-4	-0.995	1.55642763252789E-4
-0.9	1.50588099085714E-4	-0.892	-2.74144124927199E-4	-0.725	1.72644673385471E-4	-0.97	-1.77637980146968E-4
-0.875	9.81838458E-5	-0.867	1.46012417006407E-4	-0.7	2.04550211639415E-4	-0.945	4.50066902623554E-5
-0.85	4.47883997714286E-5	-0.842000000000001	-1.76460908561444E-4	-0.675	2.62812298487636E-4	-0.92	3.40768667268988E-5
-0.825	1.10822479714286E-5	-0.817	3.90343075131043E-5	-0.65	2.39664612465296E-4	-0.895	-5.22967135109917E-5
-0.8	3.56289934857143E-5	-0.792	6.94542018054747E-5	-0.625	2.65728912291735E-4	-0.87	-2.00800813324828E-5
-0.775	7.10375984E-5	-0.767	-2.50288281887012E-4	-0.6	3.57709097795369E-4	-0.845	-1.7699524098727E-5
-0.75	1.49496446142857E-4	-0.742	-1.62572615026209E-4	-0.575	3.53591431051536E-4	-0.82	1.31937303570345E-4
-0.725	2.20833266114286E-4	-0.717000000000001	1.88014720442632E-4	-0.55	2.960990143298E-4	-0.795	5.80693564081225E-5
-0.7	2.73516402771429E-4	-0.692	4.37920224228305E-5	-0.525	3.67668559982896E-4	-0.77	-5.85755166610727E-5
-0.675	2.11678801828571E-4	-0.667	-1.97268765288294E-4	-0.5	3.80298967426537E-4	-0.745	-4.89246223485429E-5
-0.65	2.92288884142857E-4	-0.642	3.89338573092603E-4	-0.475	3.76741036712646E-4	-0.72	1.16033505917101E-4
-0.625	3.94351548E-4	-0.617	4.17465221316249E-4	-0.45	4.18978992833105E-4	-0.695	6.91877971769808E-5
-0.6	4.41562368571429E-4	-0.592000000000001	-1.82411122597554E-4	-0.425	4.09878273914455E-4	-0.67	3.52624439731998E-5
-0.575	4.81310003714286E-4	-0.567	3.30508669190448E-4	-0.4	2.63401281605355E-4	-0.645	3.27307828174169E-4
-0.55	4.87126704E-4	-0.542	-3.78947670355271E-5	-0.375	2.78747587399999E-4	-0.62	1.73155678338914E-4
-0.525	4.38824887142857E-4	-0.517	1.6670906668608E-4	-0.35	3.32139164112514E-4	-0.595	3.64742998872718E-4
-0.5	4.47015101714286E-4	-0.492	2.94435899825277E-4	-0.325	3.06741864166637E-4	-0.57	2.93297103433557E-4
-0.475	4.71928456285714E-4	-0.467000000000001	3.22575461560862E-4	-0.3	3.40440077977591E-4	-0.545	3.10599322612034E-4
-0.45	4.99159116571429E-4	-0.442	1.89760551834595E-4	-0.275	3.94695491686339E-4	-0.52	4.9936494372896E-4
-0.425	5.19703655428571E-4	-0.417	5.26691027955737E-4	-0.25	3.09703376872663E-4	-0.495	1.82628576112108E-4
-0.4	4.77122184E-4	-0.392	7.64231920500874E-5	-0.225	3.26828037938558E-4	-0.47	4.44012645865686E-4
-0.375	4.75009294285714E-4	-0.367	5.18276626383226E-5	-0.2	4.92517814328407E-4	-0.445	5.3192057189717E-4
-0.35	3.63117866571428E-4	-0.342000000000001	1.63643794408853E-4	-0.175	6.03222570299282E-4	-0.42	5.02818803204517E-4
-0.325	2.07328897142857E-4	-0.317	5.68782472335469E-4	-0.15	8.71358302216005E-4	-0.395	2.07887436628733E-4
-0.3	1.13314088857143E-4	-0.292	2.80866805474665E-4	-0.125	0.00135390245604155	-0.37	3.5791908991079E-4
-0.275	3.03550077142857E-5	-0.267	1.58032776645312E-4	-0.1	0.00184637008982209	-0.345	1.81160811744383E-4
-0.25	2.649798E-5	-0.242	1.08416760337798E-4	-0.075	0.00233542712065341	-0.32	1.7950502872145E-4
-0.225	1.99916142857143E-5	-0.217000000000001	2.72535164531159E-4	-0.05	0.00281718052987629	-0.295	3.87648199293879E-4
-0.2	2.77709811428572E-5	-0.192	3.92548533779849E-4	-0.025	0.00292752106255327	-0.27	3.42008076768133E-4
-0.175	2.90093494285714E-5	-0.167	6.74919503494467E-4	0	0.00267519931901732	-0.245	1.34193048208598E-4
-0.15	1.96992769714286E-4	-0.142	0.00104731140069889	0.025	0.00219710231591467	-0.22	3.22160571094278E-4
-0.125	3.98690257142857E-4	-0.117	0.00113231043972044	0.05	0.00139880713859018	-0.195	4.67747799366717E-4
-0.1	7.29463152571428E-4	-0.0920000000000005	0.00138874373907979	0.075	3.75620934350499E-4	-0.17	8.17090918431405E-4
-0.075	0.00111277509342857	-0.0670000000000002	0.00201216793826441	0.1	-5.90493050712525E-4	-0.145	0.0013895228737222
-0.05	0.00155074225542857	-0.0419999999999998	0.00200304001164822	0.125	-0.00157108924892836	-0.12	0.00202126293304829
-0.025	0.00184146233	-0.0170000000000003	0.00176104375364007	0.15	-0.00251869477344228	-0.095	0.00255660405381576
0	0.00202841200285714	0.00800000000000001	0.00190652593185789	0.175	-0.00322703550656537	-0.07	0.00364300846701917
0.025	0.00188087673142857	0.0329999999999995	6.99993792952825E-4	0.2	-0.00382719768370128	-0.045	0.00387778512117715
0.05	0.00146346486914286	0.0579999999999998	5.00975343622598E-5	0.225	-0.00447983058167671	-0.02	0.00420250402632473
0.075	7.82763446285714E-4	0.0829999999999997	-7.8579954426325E-4	0.25	-0.00498918835378203	0.00500000000000002	0.00359528966868873
0.1	-1.1418132E-4	0.108	-0.00200506713744904	0.275	-0.00542304352570248	0.03	0.00316517235554288
0.125	-0.00116278870114286	0.133	-0.00293554641817123	0.3	-0.00586754687284436	0.055	0.00253213296560443
0.15	-0.00225953782285714	0.158	-0.00310521834595224	0.325	-0.00609378097498457	0.08	0.0011188393039905
0.175	-0.00344463414857143	0.183	-0.00432493776936517	0.35	-0.00609946760498678	0.105	4.84712906901351E-5
0.2	-0.00452226782571428	0.208	-0.00485068913803145	0.375	-0.00603908777065978	0.13	-8.61325883166739E-4
0.225	-0.00553250282	0.233	-0.00525318740535818	0.4	-0.00579126233337552	0.155	-0.00189497505026152
0.25	-0.00642714906	0.258	-0.00560340796447292	0.425	-0.00540190871986196	0.18	-0.00282374407680437
0.275	-0.00702588112571428	0.283	-0.00628970262085032	0.45	-0.00506807148050383	0.205	-0.00325506089725039
0.3	-0.00743489274857143	0.308	-0.00629020173267327	0.475	-0.00471359510855887	0.23	-0.00396355124943452
0.325	-0.00774685064285714	0.333	-0.00667817285963891	0.5	-0.00436666733125817	0.255	-0.00463167708688987
0.35	-0.00793607889142857	0.358	-0.00693150436808387	0.525	-0.0040721832601273	0.28	-0.0054373910954138
0.375	-0.00807598795428571	0.383	-0.00626670240244613	0.55	-0.0037674616649759	0.305	-0.00570209810600733
0.4	-0.00815170602857143	0.408	-0.00616077195690157	0.575	-0.00341402113658427	0.33	-0.005712223842817
0.425	-0.00810124150285714	0.433	-0.00567151782178218	0.6	-0.00319638814139541	0.355	-0.00562431522055409
0.45	-0.00786561893714286	0.458	-0.00537097483983693	0.625	-0.00303654127201344	0.38	-0.00507850223649232
0.475	-0.00751477099428571	0.483	-0.00472797479615609	0.65	-0.00289270814820326	0.405	-0.00472876674128342
0.5	-0.00706047543428571	0.508	-0.00449746718112988	0.675	-0.00280647698929323	0.43	-0.00455089660864186
0.525	-0.00660318506	0.533	-0.00435016029411765	0.7	-0.00273712830564477	0.455	-0.00410270322864094
0.55	-0.00614239546857143	0.558	-0.00370855189283634	0.725	-0.00256742260999467	0.48	-0.00376870545728322
0.575	-0.00582892106571429	0.583	-0.00384728785672685	0.75	-0.00244235112624844	0.505	-0.00362593750518058
0.6	-0.00541672557714286	0.608	-0.00314610851776354	0.775	-0.00234523634296814	0.53	-0.00356344413329004
0.625	-0.00497538078285714	0.633	-0.00311022709668026	0.8	-0.00217879078774413	0.555	-0.00315076814093812
0.65	-0.00465686566	0.658	-0.00311072488351776	0.825	-0.00201022853197238	0.58	-0.0030898865900285
0.675	-0.00441639537142857	0.683	-0.00303573651718113	0.85	-0.00195284974283033	0.605	-0.00314923733597868
0.7	-0.00429470067142857	0.708	-0.00289481555037857	0.875	-0.00185105404805163	0.63	-0.00265949060346948
0.725	-0.00426508843428571	0.733	-0.00265746285672685	0.9	-0.00177750469134885	0.655	-0.00240215189152596
0.75	-0.00417193700285714	0.758	-0.00288036250728014	0.925	-0.00180121549515861	0.68	-0.00251757729805773
0.775	-0.00396251982571429	0.783	-0.00245475374199185	0.95	-0.00179038968602441	0.705	-0.00223320545664324
0.8	-0.00380949269714286	0.808	-0.00241111870995923	0.975	-0.00166957912242926	0.73	-0.00205289598222993
0.825	-0.00362534010571429	0.833	-0.00218744934478742	1	-0.00162873193608627	0.755	-0.00206505182139929
0.85	-0.0035712778	0.858	-0.00220750728013978	1.025	-0.00156361049281954	0.78	-0.00191580864569592
0.875	-0.00348048750571429	0.883	-0.00225939758299359	1.05	-0.00141132134506515	0.805	-0.00176617847381853
0.9	-0.00340760350571429	0.908	-0.00240724669481654	1.075	-0.00136985995417682	0.83	-0.00180012129338935
0.925	-0.00331495783428571	0.933	-0.00196663705591147	1.1	-0.00136809546391518	0.855	-0.00188769744253733
0.95	-0.00320399870285714	0.958	-0.00180432256843331	1.125	-0.00128317243259075	0.88	-0.00126888025241431
0.975	-0.00300563419142857	0.983	-0.00197717874199185	1.15	-0.00123610139930561	0.905	-0.00133063914535119
1	-0.00290724097428571	1.008	-0.00208547041351194	1.175	-0.00126857003748331	0.93	-0.00152998666145499
1.025	-0.00285993158285714	1.033	-0.0015229703698311	1.2	-0.00113247248087541	0.955	-0.00162160339425462
1.05	-0.00276023652	1.058	-0.00178631336633663	1.225	-0.00107880659928443	0.98	-0.00128718914991148
1.075	-0.00264252107142857	1.083	-0.00161674682585906	1.25	-0.00110304204341141	1.005	-0.00146473413343111
1.1	-0.00257932080571429	1.108	-0.00113839018637158	1.275	-0.00105213384470197	1.03	-0.00138289402710752
1.125	-0.00247917499428571	1.133	-0.00139719225393128	1.3	-9.79548095082343E-4	1.055	-0.00104647002482974
1.15	-0.00242070100285714	1.158	-0.00150137789749563	1.325	-0.00103018794967407	1.08	-9.06926980564281E-4
1.175	-0.00238474100571429	1.183	-0.00134954241409435	1.35	-9.64692277273995E-4	1.105	-0.0010368822850377
1.2	-0.00234609644857143	1.208	-0.00137368140652301	1.375	-9.20435926382342E-4	1.13	-9.28790908102222E-4
1.225	-0.00220146885714286	1.233	-0.00140874571927781	1.4	-0.00100305729764126	1.155	-9.59893374678899E-4
1.25	-0.00207066652	1.258	-0.00103725333430402	1.425	-9.80873419825965E-4	1.18	-9.25237234356451E-4
1.275	-0.00200427099714286	1.283	-0.00106731134245778	1.45	-8.67803101312268E-4	1.205	-9.21245386905219E-4
1.3	-0.00202880297428571	1.308	-0.00147119116191031	1.475	-8.76768327461551E-4	1.23	-7.054533183307E-4
1.325	-0.00204443873428571	1.333	-0.00108377795573675	1.5	-8.51619345560866E-4	1.255	-9.21727414149093E-4
1.35	-0.00202532134857143	1.358	-9.28302533488643E-4	1.525	-7.95237988882742E-4	1.28	-7.78975746628457E-4
1.375	-0.00194495455428571	1.383	-0.00105977207338381	1.55	-8.65192792190585E-4	1.305	-7.29780675439637E-4
1.4	-0.00185003586	1.408	-0.00115579183168317	1.575	-8.79861037281716E-4	1.33	-7.78255119967751E-4
1.425	-0.00172212706857143	1.433	-0.00114082938264415	1.6	-7.50654317949223E-4	1.355	-6.49997191564005E-4
1.45	-0.00167274089142857	1.458	-0.00129867367501456	1.625	-7.24466738788262E-4	1.38	-7.37592609142989E-4
1.475	-0.00168906711428571	1.483	-0.00128825276645312	1.65	-7.11710067696717E-4	1.405	-5.93592526324392E-4
1.5	-0.00162735692857143	1.508	-8.24458032906232E-4	1.675	-6.3167078576772E-4	1.43	-6.75923710900506E-4
1.525	-0.00154002133428571	1.533	-8.96335914385556E-4	1.7	-6.19887802572453E-4	1.455	-7.1229041952202E-4
1.55	-0.00146470266	1.558	-0.00104602015142691	1.725	-6.60603231303943E-4	1.48	-5.66678515722502E-4
1.575	-0.00133267269142857	1.583	-7.32740400407688E-4	1.75	-5.79981513336583E-4	1.505	-6.45000492271354E-4
1.6	-0.00132719123428571	1.608	-9.11511176470588E-4	1.775	-5.77207256573901E-4	1.53	-8.15300428188828E-4
1.625	-0.00137957079142857	1.633	-8.76525211124054E-4	1.8	-6.25785240669922E-4	1.555	-5.4585155709164E-4
1.65	-0.00136691620857143	1.658	-7.80183552708212E-4	1.825	-5.39061701275599E-4	1.58	-6.38279544184045E-4
1.675	-0.00137866246857143	1.683	-7.66580100465929E-4	1.85	-4.51461991718588E-4	1.605	-9.30809436744545E-4
1.7	-0.00131299378285714	1.708	-7.33436201223064E-4	1.875	-4.26134887821703E-4	1.63	-7.7834243824001E-4
1.725	-0.00124614124571429	1.733	-8.01235125218404E-4	1.9	-3.5340107562519E-4	1.655	-3.37028059904011E-4
1.75	-0.00114717500571429	1.758	-2.89212185497962E-4	1.925	-3.23954496340627E-4	1.68	-5.27090072994119E-4
1.775	-0.00111444849542857	1.783	-9.26846537565521E-4	1.95	-4.12460120358535E-4	1.705	-6.23960839458206E-4
1.8	-0.00104118270914286	1.808	-7.32716214327315E-4	1.975	-4.19105249936002E-4	1.73	-4.41646905702734E-4
1.825	-0.00103524130685714	1.833	-8.20516292952825E-4	2	-4.4876235573038E-4	1.755	-3.37193998076579E-4
1.85	-0.00100125981285714	1.858	-5.6591019947583E-4	2.025	-5.1899888349361E-4	1.78	-4.64315486897766E-4
1.875	-0.00107818240514286	1.883	-6.03257533488643E-4	2.05	-5.25463228847931E-4	1.805	-3.32448547912149E-4
1.9	-0.00101869046828571	1.908	-5.11423536691904E-4	2.075	-5.00903025038095E-4	1.83	-1.54153524214191E-4
1.925	-9.80602522E-4	1.933	-3.99139918462434E-4	2.1	-5.14387720761974E-4	1.855	-2.55074422646748E-4
1.95	-0.00102762827571429	1.958	-6.36596755969715E-4	2.125	-4.90130042523048E-4	1.88	-3.28534244367191E-4
1.975	-0.001075375638	1.983	-2.14620550378567E-4	2.15	-4.91900954998505E-4	1.905	-2.43053815131105E-4
2	-0.00106520566085714	2.008	-6.07575640652301E-4	2.175	-5.29528685043991E-4	1.93	-3.35882750152137E-4
2.025	-0.00113870185742857	2.033	-6.90378801688992E-4	2.2	-5.06125461772841E-4	1.955	-5.22719231509368E-4
2.05	-0.00114943169228571	2.058	-6.40412989225393E-4	2.225	-4.22250183814279E-4	1.98	-4.39665042235311E-4
2.075	-0.00109896220028571	2.083	-8.36462268491555E-4	2.25	-3.58237942049135E-4	2.005	-4.80039702050718E-4
2.1	-0.00109468278942857	2.108	-5.07260931857892E-4	2.275	-2.84821184141453E-4	2.03	-4.3205989831E-4
2.125	-0.001129398526	2.133	-6.06909764123471E-4	2.3	-1.92048980552276E-4	2.055	-6.95565611293955E-4
2.15	-0.00109876330685714	2.158	-4.88268926907397E-4	2.325	-1.3681555963242E-4	2.08	-3.39354214336825E-4
2.175	-0.00110341264485714	2.183	-0.00101402701223063	2.35	-1.54353759767708E-4	2.105	-4.4066935155873E-4
2.2	-0.00110736349142857	2.208	-3.64660831391963E-4	2.375	-1.35552148981029E-4	2.13	-6.17817663999977E-4
2.225	-0.001117755796	2.233	-1.38245698893419E-4	2.4	-1.85465964239432E-4	2.155	-3.71380534817376E-4
2.25	-0.00101572577657143	2.258	-6.9900914531159E-4	2.425	-2.06865276060989E-4	2.18	-3.39133762147126E-4
2.275	-9.13307041142857E-4	2.283	-3.80727686371578E-4	2.45	-1.47602844370504E-4	2.205	-4.59402055076298E-4
2.3	-8.31353466E-4	2.308	8.67260882352941E-5	2.475	-1.14877968658188E-4	2.23	-2.45210432688612E-4
2.325	-7.53186950857143E-4	2.333	-6.03642696563774E-4	2.5	-2.11887601945237E-4	2.255	-3.50731992273104E-5
2.35	-6.54532834285714E-4	2.358	-4.95462446126966E-4	2.525	-2.18298551024551E-4	2.28	-1.64211663280945E-4
2.375	-7.08409362285714E-4	2.383	-1.08041881188119E-4	2.55	-2.4689121218209E-4	2.305	-2.30013554074582E-4
2.4	-7.30699628285714E-4	2.408	-5.40123424577752E-4	2.575	-2.46996149972976E-4	2.33	-2.1593269828234E-4
2.425	-6.58825332857143E-4	2.433	-4.73326913220734E-4	2.6	-1.51519876603171E-4	2.355	-2.26050559539036E-4
2.45	-6.42792635428571E-4	2.458	9.28022574257426E-5	2.625	-4.96561445412153E-5	2.38	-1.6721015123041E-4
2.475	-6.58152475428571E-4	2.483	-4.58407709668026E-4	2.65	-1.43074885932837E-4	2.405	-1.31313136610214E-5
2.5	-6.35865675428571E-4	2.508	-5.47142066103669E-4	2.675	-1.93548273698066E-4	2.43	-1.08380484778204E-4
2.525	-6.95074167142857E-4	2.533	-3.15254397204426E-4	2.7	-1.69887207269789E-4	2.455	-1.28179281377537E-4
2.55	-7.84596240571428E-4	2.558	-1.70240234420501E-4	2.725	-1.757511459459E-4	2.48	-3.13417712669107E-4
2.575	-7.98775305714286E-4	2.583	-4.8906408124636E-4	2.75	-1.91802058305048E-4	2.505	7.2738245653236E-6
2.6	-7.00122173428571E-4	2.608	3.38774519510775E-6	2.775	-1.27533588297395E-4	2.53	-3.39730830333108E-4
2.625	-5.96428372571429E-4	2.633	-9.21679012813046E-5	2.8	-1.90923005216551E-4	2.555	-1.01749766476425E-4
2.65	-5.80275828E-4	2.658	-5.20134520966803E-4	2.825	-2.89119256383659E-4	2.58	6.72555370345837E-5
2.675	-5.19363518571429E-4	2.683	-4.72896822947001E-4	2.85	-2.42143444930454E-4	2.605	3.615309396702E-5
2.7	-5.17284194857143E-4	2.708	-1.35970423704135E-4	2.875	-2.20718572977114E-4	2.63	-2.79785764954814E-4
2.725	-6.35539548E-4	2.733	-5.61213003785673E-4	2.9	-2.39280427054121E-4	2.655	-2.1567871848018E-4
2.75	-6.93974104E-4	2.758	-3.40704595224228E-4	2.925	-1.57771202129969E-4	2.68	2.55260976503352E-5
2.775	-6.23070844857143E-4	2.783	5.0794215783343E-5	2.95	-1.19436434409867E-4	2.705	-1.24991201470662E-4
2.8	-6.34405190285714E-4	2.808	-1.45706294408853E-4	2.975	-1.61267696597242E-4	2.73	-3.12629994615613E-4
2.825	-5.75325064285714E-4	2.833	-4.38173785672685E-4	3	-1.30276878992059E-4	2.755	-7.38459950755094E-5
2.85	-5.71626111142857E-4	2.858	-2.30100559114735E-5	3.025	-1.05139091456501E-4	2.78	-2.45333421519435E-4
2.875	-5.66453684571429E-4	2.883	-3.22743918171229E-4	3.05	-1.67843890460036E-4	2.805	-1.66316768754259E-4
2.9	-6.08142139714286E-4	2.908	-2.9960532032615E-4	3.075	-1.5487277299948E-4	2.83	-2.51874759980552E-4
2.925	-5.53185792857143E-4	2.933	5.18802859638905E-5	3.1	-9.84253014449845E-5	2.855	6.07573739643786E-5
2.95	-4.78445358E-4	2.958	-1.70992184041934E-4	3.125	-1.30907381297289E-4	2.88	1.87418648382119E-5
2.975	-4.43372714571428E-4	2.983	-1.62410080081538E-4	3.15	-1.63336165001196E-4	2.905	-1.45908010124454E-4
3	-4.90301151714286E-4	3.008	2.38642210250437E-4	3.175	-1.66266276382676E-4	2.93	1.57023896537724E-4
3.025	-4.45434754571428E-4	3.033	-1.69832271403611E-5	3.2	-2.12249227615313E-4	2.955	-3.08982076451105E-4
3.05	-4.09447570857143E-4	3.058	-3.50841233255679E-4	3.225	-2.2694799285828E-4	2.98	-1.5127862186535E-4
3.075	-4.74688611428571E-4	3.083	-2.00805732382062E-4	3.25	-1.5395774944896E-4	3.005	-1.59804482132095E-4
3.1	-4.73934503714286E-4	3.108	-2.66677230634828E-5	3.275	-1.47837253583654E-4	3.03	-1.11820464834902E-4
3.125	-4.36910229857143E-4	3.133	-3.71882552417006E-4	3.3	-1.51530450153295E-4	3.055	-1.34871937151095E-4
3.15	-4.39077098914286E-4	3.158	-3.57913628421666E-6	3.325	-1.59154734810137E-4	3.08	3.05914507876181E-6
3.175	-4.91073927457143E-4	3.183	-8.86626359930111E-5	3.35	-1.78898250334896E-4	3.105	-1.0226760895033E-4
3.2	-4.06924044342857E-4	3.208	-3.01539962143273E-4	3.375	-1.91123272246546E-4	3.13	-3.26224347390473E-4
3.225	-3.91377039885714E-4	3.233	-2.2518519947583E-4	3.4	-1.26526124333088E-4	3.155	-2.12096535413458E-4
3.25	-4.225464852E-4	3.258	5.58057489807804E-5	3.425	-9.69694208793936E-5	3.18	1.17477833507184E-4
3.275	-4.012541158E-4	3.283	-3.12149232673267E-4	3.45	-9.08237530943362E-5	3.205	9.3621617114234E-5
3.3	-2.64875881257143E-4	3.308	-3.36294941758882E-4	3.475	-7.01945346330926E-5	3.23	-2.31997578572043E-4
3.325	-2.85374928428571E-4	3.333	1.4207467239371E-4	3.5	-1.05952146866299E-4	3.255	-1.33189290445146E-4
3.35	-2.50344331142857E-4	3.358	-1.84054257425743E-4	3.525	-1.69979986681954E-4	3.28	-1.45746647187028E-4
3.375	-1.35902071285714E-4	3.383	-2.55481572510192E-4	3.55	-1.58180597788221E-4	3.305	-3.06348748326134E-4
3.4	-9.20969247428571E-5	3.408	-1.94606043972044E-4	3.575	-1.31777526239911E-4	3.33	-1.0588161069781E-4
3.425	-2.05485979228571E-4	3.433	-2.53760599883518E-4	3.6	-1.44771585243693E-4	3.355	1.24858637197122E-4
3.45	-2.62624315885714E-4	3.458	-2.69724014269074E-4	3.625	-1.08296309323607E-4	3.38	1.21986411270418E-4
3.475	-2.93200617428571E-4	3.483	-2.96628893418754E-5	3.65	-6.51579096542007E-5	3.405	-1.37070039251743E-4
3.5	-3.59290393142857E-4	3.508	1.54916003203262E-4	3.675	-8.86059200352409E-5	3.43	2.09039066715319E-4
3.525	-4.57735816142857E-4	3.533	-1.91651672976121E-4	3.7	-9.55090356131281E-5	3.455	-6.93834770905586E-5
3.55	-4.64987736285714E-4	3.558	6.75157460687245E-5	3.725	-3.64922476656511E-5	3.48	-8.87789875086813E-5
3.575	-4.66861479E-4	3.583	2.92749050669773E-5	3.75	-5.06420645826549E-5	3.505	1.95580126433504E-4
3.6	-5.09711812E-4	3.608	-3.35058444962143E-4	3.775	-7.48376144854251E-5	3.53	-1.86715798227912E-5
3.625	-4.03193155285714E-4	3.633	2.05346100757135E-5	3.8	-4.40223210787937E-5	3.555	-2.62807582736357E-4
3.65	-2.70252715885714E-4	3.658	-3.16604455445545E-6	3.825	-7.79658688617408E-5	3.58	3.4087312006811E-5
3.675	-2.70034092657143E-4	3.683	-1.13266624927199E-4	3.85	-1.07078555625649E-4	3.605	6.4295415958148E-5
3.7	-3.277450636E-4	3.708	-4.57570960978451E-4	3.875	-2.57028823656699E-5	3.63	1.6027118324244E-4
3.725	-3.13762972342857E-4	3.733	2.46342434478742E-4	3.9	-1.53784420830309E-5	3.655	1.34807910985012E-4
3.75	-3.53737325805714E-4	3.758	-2.72570521258008E-4	3.925	-6.68466472693371E-5	3.68	1.79154046700714E-4
3.775	-4.0843086996E-4	3.783	-9.70871400698893E-5	3.95	-3.57469771780234E-5	3.705	-2.75960588075451E-4
3.8	-3.52293860057143E-4	3.808	8.88561511357018E-5	3.975	-8.77652934199303E-5	3.73	-3.313544428176E-5
3.825	-2.67468416573714E-4	3.833	-2.11803835177635E-4	4	-9.86554857655491E-5	3.755	-8.76397177905508E-5
3.85	-2.89760273366857E-4	3.858	-3.86458391089109E-4	4.025	5.0260783353552E-5	3.78	1.45095191571448E-4
3.875	-2.54621289516571E-4	3.883	-1.22753408561444E-4	4.05	1.88418208375311E-4	3.805	-1.75280260208463E-4
3.9	-1.87964509965714E-4	3.908	-2.76051910308678E-4	4.075	2.42122451367682E-4	3.83	-7.8897609848614E-5
3.925	-2.075944738E-4	3.933	-4.01599101630751E-4	4.1	3.37214314003911E-4	3.855	2.88188862439903E-4
3.95	-2.47419951828571E-4	3.958	-6.10490425160163E-5	4.125	3.37969015697623E-4	3.88	-3.66262058317437E-5
3.975	-1.50540699371429E-4	3.983	2.99537521840419E-4	4.15	2.37767285506526E-4	3.905	-3.62614004523428E-5
4	-6.61182802857143E-5	4.008	-1.66641003203262E-4	4.175	1.47697438977526E-4	3.93	4.03524997634608E-5
4.025	2.40666662857143E-5	4.033	1.029863177053E-4	4.2	6.48725992791254E-5	3.955	1.78693494127713E-4
4.05	8.83767482857143E-5	4.058	8.42975040768783E-5	4.225	-5.40456066994433E-5	3.98	-6.50181475886972E-5
4.075	2.05026347142857E-4	4.083	3.82567622306348E-4	4.25	-1.66548495556585E-4	4.005	3.47240789475146E-4
4.1	1.94749573714286E-4	4.108	-7.72448593476995E-5	4.275	-2.25597360641191E-4	4.03	6.19547943786412E-5
4.125	1.81827897857143E-4	4.133	3.56553602213162E-4	4.3	-3.36585349565347E-4	4.055	1.45037910712511E-4
4.15	2.47115332914286E-4	4.158	-4.5067565521258E-5	4.325	-3.65668462531502E-4	4.08	2.20434765829563E-4
4.175	2.76251300742857E-4	4.183	8.90552189866046E-5	4.35	-3.64081789022513E-4	4.105	4.34611333342722E-4
4.2	6.61011987428571E-5	4.208	6.6267774898078E-5	4.375	-3.77170544801489E-4	4.13	1.86045969336032E-4
4.225	-8.01025228E-5	4.233	-2.63478705591147E-4	4.4	-3.6549732018563E-4	4.155	1.30742398631214E-4
4.25	-2.33067684171429E-4	4.258	-4.05869519510775E-4	4.425	-2.55716951005656E-4	4.18	1.44016720037294E-4
4.275	-4.47822722428571E-4	4.283	-1.07589887885847E-4	4.45	-1.96413972661774E-4	4.205	4.47149322191969E-5
4.3	-5.97809898285714E-4	4.308	-5.06464595224228E-4	4.475	-8.40901505336753E-5	4.23	-8.32191436806493E-5
4.325	-6.41236903428571E-4	4.333	-7.35256017763541E-4	4.5	4.05180032736625E-5	4.255	-1.64734180451625E-4
4.35	-6.82543572285714E-4	4.358	-7.00077419918462E-5	4.525	7.23692292577459E-5	4.28	7.4888750841265E-6
4.375	-7.08499363714286E-4	4.383	-2.71953597845079E-4	4.55	2.82936135857445E-5	4.305	-4.25034082232039E-4
4.4	-6.10400260571429E-4	4.408	-4.91658331391963E-4	4.575	-6.28421623241143E-6	4.33	-4.33960212279909E-4
4.425	-4.26997236142857E-4	4.433	-4.63965177635411E-4	4.6	-4.33051147438467E-5	4.355	-1.87908903815674E-4
4.45	-3.44824441942857E-4	4.458	5.03298776936517E-5	4.625	-7.89979726636879E-5	4.38	-3.47303594975726E-4
4.475	-3.01018861114286E-4	4.483	-3.25355556202679E-4	4.65	-5.11857481403942E-5	4.405	-3.30008021642761E-4
4.5	-1.29438852514286E-4	4.508	1.22538730343623E-4	4.675	-2.10317225685737E-6	4.43	8.46904416489547E-5
4.525	-3.53179687142857E-5	4.533	1.35684889341875E-4	4.7	6.55461145047631E-5	4.455	-1.43294194563585E-4
4.55	2.3377775E-5	4.558	-2.02257467967385E-4	4.725	1.22501170626634E-4	4.48	-2.95312259422308E-6
4.575	1.706080928E-4	4.583	-2.57787679091439E-4	4.75	1.51457057348374E-4	4.505	4.46149606187624E-5
4.6	2.15014247214286E-4	4.608	4.66143871578334E-4	4.775	1.4213741035163E-4	4.53	-1.46243964396562E-4
4.625	5.23292428457143E-5	4.633	9.27353741991846E-5	4.8	8.32417584047496E-5	4.555	-6.15610167295945E-5
4.65	-7.816604202E-5	4.658	-1.17413839545719E-4	4.825	4.15161676195673E-5	4.58	-1.50363873221926E-4
4.675	-1.2342966224E-4	4.683	8.5363566977286E-5	4.85	3.7165766914367E-5	4.605	4.24494331072861E-4
4.7	-1.899528559E-4	4.708	-2.14832334012813E-4	4.875	6.84969867109399E-5	4.63	7.95126679315082E-5
4.725	-2.02179530571429E-4	4.733	-3.29013871578334E-4	4.9	8.13309413743419E-5	4.655	1.51270429843535E-4
4.75	-1.26424752142857E-4	4.758	5.20379347699476E-5	4.925	6.25908684920626E-5	4.68	8.78863555157642E-5
4.775	-1.53851195657143E-4	4.783	1.8157829790332E-4	4.95	2.75155886187339E-5	4.705	1.12862180774489E-4
4.8	-2.309164754E-4	4.808	8.19505247524753E-5	4.975	4.39571402771102E-5	4.73	-1.66771425964982E-5
4.825	-1.915027148E-4	4.833	2.52438376528829E-4	5	3.99227691451166E-5	4.755	-1.22009323613993E-4
4.85	-1.28561829314286E-4	4.858	9.08161327897496E-7	5.025	4.93471314325049E-5	4.78	1.23226399455431E-4
4.875	-1.96847408285714E-4	4.883	-2.81096700640652E-4	5.05	2.79617900801513E-5	4.805	-6.9270320494307E-5
4.9	-2.66530375342857E-4	4.908	-1.05603143564356E-4	5.075	-5.22954587415076E-7	4.83	-2.56491976973483E-4
4.925	-2.32833131485714E-4	4.933	1.5674085468841E-4	5.1	1.79630332271589E-5	4.855	2.28785664040991E-4
4.95	-2.75293277571429E-4	4.958	-8.56816083284799E-5	5.125	8.57290250131097E-5	4.88	1.35157410123212E-4
4.975	-3.07720658E-4	4.983	5.21538118811881E-6	5.15	8.59943133927874E-5	4.905	-1.0453658198584E-4
5	-2.43066496971429E-4	5.008	1.06568201805475E-4	5.175	1.09340592394258E-4	4.93	5.96216414636145E-5
5.025	-1.83264540154286E-4	5.033	-3.35043054746651E-4	5.2	9.62806139336263E-5	4.955	1.34617026026366E-4
5.05	-1.65469311477143E-4	5.058	6.1463514269074E-5	5.225	7.71724409274823E-5	4.98	-5.62485376008973E-5
5.075	-8.18217512857143E-5	5.083	1.90572411182295E-4	5.25	4.96967271381134E-5	5.005	-4.4583084069418E-5
5.1	-1.07426904371429E-5	5.108	-2.18768998252766E-4	5.275	7.58294964825264E-5	5.03	1.52652458283172E-4
5.125	-9.31236407428571E-6	5.133	1.90213095515434E-5	5.3	4.92573091269065E-5	5.055	2.12673385761936E-6
5.15	-6.02209763571429E-5	5.158	1.71772009318579E-4	5.325	6.44266228398789E-5	5.08	-9.55408740043442E-5
5.175	-7.56619789714286E-5	5.183	-1.68886221607455E-4	5.35	3.80869025714331E-5	5.105	-6.16810036274785E-5
5.2	-3.977449112E-5	5.208	-1.40736477868375E-4	5.375	2.71984854841149E-5	5.13	-8.49123134274232E-6
5.225	-9.044870256E-5	5.233	4.02146840419336E-5	5.4	-3.70766720953892E-5	5.155	4.35080231650971E-5
5.25	-5.58381438628571E-5	5.258	1.23383948747816E-4	5.425	-3.49283797858975E-5	5.18	-2.32894541667001E-4
5.275	7.25243250857143E-5	5.283	-3.09607431566686E-4	5.45	-9.32958751251498E-6	5.205	-4.53230496884652E-5
5.3	6.20664811428572E-5	5.308	8.91638494467094E-5	5.475	3.34274342298017E-5	5.23	-1.17191510590199E-4
5.325	-3.21548911428571E-5	5.333	2.26469986895748E-4	5.5	3.93704690246002E-5	5.255	-7.40461570919719E-5
5.35	-8.25326251428571E-5	5.358	-2.34714362259755E-4	5.525	5.98954047661718E-5	5.28	6.22730625639177E-5
5.375	-2.04509891428571E-4	5.383	2.45924707338381E-4	5.55	9.21952696206033E-6	5.305	1.88900482050003E-4
5.4	-2.76779025428571E-4	5.408	-2.55998806057076E-5	5.575	-1.72063264493005E-6	5.33	1.72319432050233E-4
5.425	-2.19513010857143E-4	5.433	-4.18567181129878E-4	5.6	1.48264686724896E-5	5.355	-6.53497599084046E-5
5.45	-1.03362703428571E-4	5.458	-1.07566333721607E-4	5.625	2.1161755120174E-5	5.38	-6.70055375061575E-5
5.475	-6.33701797142857E-5	5.483	2.31172248107164E-4	5.65	3.07721247720825E-5	5.405	-2.36090207783924E-4
5.5	-7.66078091428571E-5	5.508	-1.24037054455446E-4	5.675	8.32056978618035E-5	5.43	-1.24375986057547E-4
5.525	-1.11490409428571E-4	5.533	-1.29094146767618E-4	5.7	9.89902451784885E-5	5.455	9.10067707691637E-5
5.55	-1.37832532285714E-4	5.558	2.90159366627839E-4	5.725	1.20374467433589E-4	5.48	2.01928907172139E-4
5.575	-2.05658439942857E-4	5.583	-2.82434518054747E-4	5.75	1.30128463840409E-4	5.505	-7.04536083146439E-5
5.6	-1.59992950971429E-4	5.608	-2.73548401281305E-5	5.775	1.13865133584292E-4	5.53	-4.4273382243377E-5
5.625	-7.60527326E-5	5.633	-1.99310516889924E-4	5.8	5.35925731265833E-5	5.555	-1.23785916353778E-4
5.65	-2.73666041142857E-5	5.658	-1.57049311298777E-4	5.825	1.5130704655085E-5	5.58	-1.23435585354644E-4
5.675	-2.46763616857143E-5	5.683	-4.6225909580664E-4	5.85	3.64444803134926E-5	5.605	-2.41677871935046E-4
5.7	-4.10640008571428E-6	5.708	4.15848922539313E-5	5.875	5.98028136070449E-5	5.63	9.43500469921869E-5
5.725	-3.95238070571429E-5	5.733	6.0175041351194E-5	5.9	1.09069399036514E-4	5.655	-1.12246730270241E-4
5.75	-1.34205715514286E-4	5.758	-3.00505423704135E-4	5.925	8.44318980243915E-5	5.68	-3.14423188406228E-4
5.775	-1.77995798457143E-4	5.783	-1.95110792079208E-5	5.95	5.05809855493509E-6	5.705	-1.83408644661788E-5
5.8	-9.82129667714285E-5	5.808	1.60076352649971E-4	5.975	-1.06980344001144E-4	5.73	8.97390707646605E-5
5.825	-1.77551066E-5	5.833	-4.81647791205591E-4	6	-1.51952162117102E-4	5.755	-1.11625357277815E-5
5.85	6.31361029142857E-5	5.858	2.66391696272568E-4	6.025	-1.94494924713658E-4	5.78	-1.00032489038081E-5
5.875	9.340247964E-5	5.883	4.43685888177053E-4	6.05	-1.49114905961794E-4	5.805	-8.06389877449552E-5
5.9	6.19919321485714E-5	5.908	-2.54855679965055E-4	6.075	-9.84960912282593E-5	5.83	-6.85763730604965E-6
5.925	-3.11214615028571E-5	5.933	-3.04034124927199E-4	6.1	-6.36168914113536E-5	5.855	-5.20800155458591E-5
5.95	-5.79727906E-5	5.958	1.47517794117647E-4	6.125	-3.1127466679273E-5	5.88	1.45971114009935E-4
5.975	-6.18986856571428E-5	5.983	-1.64520761502621E-4	6.15	3.98011074182722E-5	5.905	-2.75652148507959E-5
6	-3.0206009E-5	6.008	-1.00894004659289E-4	6.175	8.16980069366342E-5	5.93	-3.10411692761394E-4
6.025	-7.28869936E-5	6.033	-1.79909580663949E-6	6.2	8.89121993602556E-5	5.955	3.8790070525547E-4
6.05	-4.24012666E-5	6.058	-3.63959006988934E-5	6.225	9.59096684126674E-5	5.98	-1.88646918178311E-4
6.075	-7.17375605714286E-5	6.083	-1.40152189866045E-4	6.25	6.91066433465558E-5	6.005	-2.61316499136556E-4
6.1	-1.42725837142857E-4	6.108	2.58191035235877E-4	6.275	3.70741633158507E-5	6.03	-2.36335850892802E-4
6.125	-2.21391642857143E-4	6.133	2.25722032615026E-5	6.3	8.86064744814634E-5	6.055	1.49296306299592E-4
6.15	-1.71889837142857E-4	6.158	-2.53073421665696E-4	6.325	1.47208514497513E-4	6.08	-2.46521110969153E-4
6.175	-1.29676673285714E-4	6.183	5.5655921665696E-5	6.35	1.70253468726838E-4	6.105	-1.65882329381038E-4
6.2	-9.77404778857143E-5	6.208	1.75226959813628E-4	6.375	1.62135816700602E-4	6.13	1.25375792481558E-4
6.225	-4.41270494285712E-6	6.233	-1.77258988060571E-4	6.4	1.2180269601386E-4	6.155	6.40050639408086E-5
6.25	6.87151575428571E-5	6.258	3.59767395165987E-4	6.425	6.6745070430011E-5	6.18	-3.11642729399391E-4
6.275	4.3240633E-5	6.283	4.11092846534653E-4	6.45	3.70501530148872E-5	6.205	-3.85426723709355E-5
6.3	6.65129392857143E-5	6.308	-2.38338645894001E-4	6.475	4.45237154198517E-5	6.23	1.65541854125588E-4
6.325	6.32363268571428E-5	6.333	2.76852660163075E-4	6.5	1.95635122591454E-5	6.255	-2.33299377641301E-6
6.35	-4.01614961428571E-5	6.358	3.90037941176471E-4	6.525	2.98465688779673E-5	6.28	1.86004683716158E-5
6.375	-1.11822559714286E-4	6.383	-2.06659140943506E-4	6.55	2.9357769278504E-5	6.305	2.32386428349247E-4
6.4	-1.01219345285714E-4	6.408	1.00718053727432E-4	6.575	5.39048423106094E-5	6.33	1.20993729916153E-4
6.425	-1.09318886571429E-4	6.433	3.87159114735003E-4	6.6	1.75992610016922E-5	6.355	-9.48849245313225E-5
6.45	-7.97938848857143E-5	6.458	4.20122102504368E-6	6.625	1.9378309879542E-5	6.38	2.04009445621974E-4
6.475	-6.40511835314286E-5	6.483	3.28198179965055E-5	6.65	-2.22796109384254E-5	6.405	6.23629198204205E-5
6.5	2.724152092E-5	6.508	5.20728644437973E-4	6.675	-2.56629555965643E-5	6.43	-2.45488201905115E-4
6.525	9.39253732571427E-6	6.533	-2.52876406523005E-4	6.7	-5.12799979936351E-5	6.455	-1.47916827694559E-4
6.55	3.69789582571429E-5	6.558	-8.69363165404776E-5	6.725	-3.18503469054754E-5	6.48	1.04190781012014E-4
6.575	2.76434818571428E-5	6.583	3.66408069306931E-4	6.75	-5.40138613701898E-5	6.505	-1.87932141670049E-4
6.6	-2.82895324571428E-5	6.608	-2.75309296738497E-4	6.775	-4.98444681389513E-5	6.53	-2.52527843150135E-4
6.625	-1.45894600657143E-4	6.633	-3.24911033779849E-4	6.8	-2.54601544176195E-5	6.555	-7.82950730811824E-5
6.65	-1.55393912885714E-4	6.658	5.52173514851485E-5	6.825	4.21815046478338E-5	6.58	-3.91908674533297E-5
6.675	-1.93753709142857E-4	6.683	-2.69076983110076E-4	6.85	7.67232785705997E-5	6.605	-3.95877654850787E-4
6.7	-1.88825155228571E-4	6.708	-1.42243669190448E-4	6.875	1.32845969306061E-4	6.63	1.76160061650657E-4
6.725	-8.98079708285714E-5	6.733	7.64464730634828E-5	6.9	1.40987183300229E-4	6.655	4.37857779144537E-5
6.75	3.89547824857143E-5	6.758	9.41424333139196E-5	6.925	1.4488201198433E-4	6.68	-1.24897427234192E-4
6.775	8.30969738571429E-5	6.783	1.72317189866045E-5	6.95	1.3210806360344E-4	6.705	-1.12826293208724E-4
6.8	7.45892502857143E-5	6.808	6.99439816540478E-5	6.975	1.03350997374909E-4	6.73	1.00541325713169E-4
6.825	5.73941255714286E-5	6.833	4.54162853814793E-4	7	4.55460204144528E-5	6.755	-4.32850220449898E-4
6.85	-3.9285816E-5	6.858	-3.52015567850903E-5	7.025	3.41659057153197E-5	6.78	-5.24525210640873E-6
6.875	-1.39007086428571E-4	6.883	-1.25307103960396E-4	7.05	5.61206127255171E-5	6.805	2.56531246234787E-4
6.9	-1.59873498E-4	6.908	2.55295575131043E-4	7.075	1.30436813642605E-4	6.83	1.35471473793981E-4
6.925	-1.21644220428571E-4	6.933	7.40126470588235E-6	7.1	2.1215186837299E-4	6.855	-9.29188483377275E-5
6.95	-1.21758532857143E-4	6.958	-1.96832406814211E-4	7.125	2.15979288941227E-4	6.88	1.22879857040337E-4
6.975	-4.39730165714286E-5	6.983	3.33358407105416E-4	7.15	1.65515568194509E-4	6.905	2.23772978551244E-5
7	4.1560878E-5	7.008	-8.05287195690157E-5	7.175	1.16076460548389E-4	6.93	-5.90828324773651E-6
7.025	1.03925134571429E-4	7.033	-1.70602995049505E-4	7.2	8.73443176794288E-5	6.955	-5.15297106031689E-5
7.05	5.49715825714286E-5	7.058	7.49170749854397E-5	7.225	1.14580548763775E-4	6.98	4.35776336498033E-4
7.075	7.46669471428571E-5	7.083	2.63162441758882E-4	7.25	1.85990887373038E-4	7.005	5.53013355306547E-5
7.1	7.51788031428571E-5	7.108	-2.17596355562027E-4	7.275	1.93358820798268E-4	7.03	3.62837811282767E-5
7.125	9.5526524E-5	7.133	2.54845477577169E-4	7.3	1.57984948843654E-4	7.055	1.37104226927772E-4
7.15	1.04102642571429E-4	7.158	9.97286779266162E-5	7.325	1.07757936919582E-4	7.08	3.19412075439666E-4
7.175	2.29253567828571E-4	7.183	-6.2746479324403E-6	7.35	3.19195733926279E-5	7.105	-1.01812662396673E-4
7.2	2.916157012E-4	7.208	2.26516738497379E-4	7.375	-1.02555584892216E-5	7.13	-1.08713373823607E-4
7.225	3.11461134542857E-4	7.233	4.71592425742574E-4	7.4	3.64027974947835E-5	7.155	1.01845810246533E-4
7.25	3.19313405371429E-4	7.258	-4.79818190157251E-4	7.425	9.00688581427577E-5	7.18	-2.08449666117085E-4
7.275	2.67344628057143E-4	7.283	9.67783664822365E-5	7.45	1.11533562638107E-4	7.205	-2.69424964137278E-4
7.3	1.12602589794286E-4	7.308	2.43147405358183E-4	7.475	1.23304357677871E-4	7.23	1.42052144810169E-4
7.325	-5.96832856000001E-6	7.333	1.73524781595807E-4	7.5	6.72588283207721E-5	7.255	7.82654027717087E-5
7.35	4.46462785142857E-6	7.358	-2.02151122597554E-4	7.525	2.6789443364366E-7	7.28	-3.65560040024165E-4
7.375	5.51008340857143E-5	7.383	2.64387390797903E-4	7.55	2.59054581021223E-5	7.305	6.28424333975558E-5
7.4	8.41381488571429E-5	7.408	-9.17297020966803E-5	7.575	5.18048794853794E-5	7.33	1.90299907233539E-4
7.425	1.40057315428571E-4	7.433	-4.25121578334304E-4	7.6	6.09836165179056E-5	7.355	-2.517909409494E-5
7.45	1.37918825428571E-4	7.458	3.00634365171811E-4	7.625	1.01161205572976E-4	7.38	4.98066481145408E-5
7.475	3.23060216571429E-5	7.483	1.18007218986605E-5	7.65	7.31273048489222E-5	7.405	2.57134227866979E-4
7.5	-2.10388376E-5	7.508	5.45090050960978E-5	7.675	3.92778837049413E-5	7.43	6.74694446487979E-5
7.525	6.23837379428571E-5	7.533	3.68244774315667E-4	7.7	4.83997592861552E-5	7.455	-1.86722444073425E-4
7.55	8.58461958571429E-5	7.558	1.90373551252184E-4	7.725	4.402215093261E-5	7.48	1.05722598671722E-4
7.575	1.17414987742857E-4	7.583	-3.46283324111823E-4	7.75	2.9980205894446E-5	7.505	-3.43174571847946E-5
7.6	9.65992684285714E-5	7.608	1.81195682877111E-4	7.775	4.30741659723791E-5	7.53	-9.04281843630823E-5
7.625	-2.40015923714286E-5	7.633	4.72182451951078E-4	7.8	1.76757247843051E-5	7.555	9.57969244168747E-6
7.65	-2.04907726085714E-4	7.658	-2.29557417006407E-4	7.825	-3.64261587891738E-6	7.58	3.69406067678699E-4
7.675	-1.53870689285714E-4	7.683	7.32665742574257E-5	7.85	-1.49463214552594E-6	7.605	-3.2867899721182E-5
7.7	-5.2252194E-5	7.708	5.02067467967385E-4	7.875	2.38607985750171E-5	7.63	-1.7006758449962E-4
7.725	2.38510028571427E-6	7.733	-4.09785585323238E-5	7.9	4.92438238289218E-5	7.655	3.21278427782713E-4
7.75	-2.11886600000003E-6	7.758	1.80916681712289E-4	7.925	1.16325337110919E-4	7.68	-3.21864157342474E-5
7.775	-8.40684542857142E-6	7.783	2.37692919336051E-4	7.95	1.74192648365115E-4	7.705	-2.74706919394846E-4
7.8	-4.24434791428571E-5	7.808	3.48331578334304E-5	7.975	1.65786214383599E-4	7.73	1.84781821016042E-4
7.825	-3.12351157142857E-5	7.833	-3.75141741409435E-5	8	1.75427034008647E-4	7.755	2.69803171519696E-5
7.85	-3.39306254285714E-5	7.858	5.59059097262667E-4	8.025	1.89832717106136E-4	7.78	-1.41693232984652E-4
7.875	-8.34637628571428E-5	7.883	-1.2357856872452E-4	8.05	1.95776507669194E-4	7.805	3.98068640923656E-5
7.9	-1.30585813142857E-4	7.908	-1.22703140652301E-4	8.075	2.14360393428267E-4	7.83	2.46329719660373E-4
7.925	-1.52418395571429E-4	7.933	5.55754226849155E-4	8.1	1.97070368789103E-4	7.855	-2.49128353020243E-4
7.95	-2.68543893714286E-5	7.958	2.31715023296447E-5	8.125	1.1907933031938E-4	7.88	-1.08379182735001E-4
7.975	1.488047966E-4	7.983	-2.9704322655795E-4	8.15	2.61821443126042E-5	7.905	3.6200029911875E-4
8	2.00984238914286E-4	8.008	5.07859193360513E-4	8.175	-5.20963691524066E-5	7.93	2.73173935321436E-4
8.025	1.97833207285714E-4	8.033	1.39446920500874E-4	8.2	-1.25351569097501E-4	7.955	-1.3957424809248E-4
8.05	2.74769656285714E-4	8.058	-9.79868011065813E-5	8.225	-1.40172034376624E-4	7.98	3.56618846059801E-4
8.075	2.17077796571429E-4	8.083	4.74853214909726E-5	8.25	-2.20735981451833E-4	8.005	1.31052031738308E-4
8.1	1.29609322857143E-4	8.108	3.83059548631334E-4	8.275	-2.56360986045166E-4	8.03	-1.18073147551629E-5
8.125	7.38946591428572E-5	8.133	-2.09540260629004E-4	8.3	-2.87629732421549E-4	8.055	5.99630932514664E-5
8.15	-2.6892911E-5	8.158	6.23463520675597E-5	8.325	-2.28260959096058E-4	8.08	4.03644134587623E-4
8.175	-1.28954312628571E-4	8.183	-4.09118730343623E-5	8.35	-1.15531958384311E-4	8.105	1.02238728908744E-4
8.2	-1.74697615E-4	8.208	-2.06485853232382E-4	8.375	5.72454991580914E-5	8.13	-3.23836110814413E-4
8.225	-2.21936990114286E-4	8.233	-5.18057616482237E-4	8.4	1.52694752093794E-4	8.155	1.84858397431881E-4
8.25	-3.02622429114286E-4	8.258	-4.15049324403029E-5	8.425	2.61358827865961E-4	8.18	1.92087268955643E-4
8.275	-4.75779893714286E-4	8.283	-3.03499126383227E-4	8.45	3.35610743716718E-4	8.205	-4.15963778025408E-4
8.3	-5.59293329428571E-4	8.308	-5.43671154630169E-4	8.475	3.78259119500925E-4	8.23	-1.58203131748594E-4
8.325	-4.89232975857143E-4	8.333	-2.21742214618521E-4	8.5	3.99570530667192E-4	8.255	-4.16382113655966E-5
8.35	-4.58143284E-4	8.358	-1.88595573675015E-4	8.525	4.07667732066072E-4	8.28	-5.27419562260049E-4
8.375	-3.63251898428571E-4	8.383	8.01158184333139E-5	8.55	3.62898606235742E-4	8.305	-3.5440082450655E-4
8.4	-2.31682492142857E-4	8.408	1.62388177052999E-4	8.575	3.08779481655679E-4	8.33	-2.28125039871194E-5
8.425	-1.860629356E-4	8.433	1.59147323820617E-4	8.6	2.36042615012122E-4	8.355	-7.12640759563121E-5
8.45	-9.27183976285714E-5	8.458	6.67967865463017E-5	8.625	1.6019005383214E-4	8.38	-1.94743482298288E-4
8.475	1.05309817914286E-4	8.483	2.70479255969715E-4	8.65	6.6588789515042E-5	8.405	4.00275305766754E-4
8.5	2.77375849742857E-4	8.508	5.20091153174141E-4	8.675	2.60077785804278E-5	8.43	2.91311279584726E-4
8.525	4.41187036714286E-4	8.533	-1.13443235294118E-4	8.7	1.5364761485617E-5	8.455	7.13926653812984E-5
8.55	5.24440006285714E-4	8.558	3.81296410891089E-4	8.725	2.37894527362886E-5	8.48	3.67855958120391E-4
8.575	5.38609011714286E-4	8.583	6.22723974956319E-4	8.75	2.91880900871331E-5	8.505	5.27185158315758E-4
8.6	4.29445484857143E-4	8.608	2.12484969423413E-4	8.775	3.32868629247017E-6	8.53	2.27383797526451E-4
8.625	2.69894149571429E-4	8.633	4.00720208211998E-5	8.8	-6.04256889816936E-5	8.555	1.26480983027261E-4
8.65	1.937207004E-4	8.658	2.63909662201514E-5	8.825	-7.52164564681913E-5	8.58	3.70107236027103E-4
8.675	1.10141973342857E-4	8.683	-8.09828654630169E-5	8.85	-8.37014945519396E-5	8.605	4.89391093875625E-5
8.7	6.6030301142857E-6	8.708	-2.902304062318E-4	8.875	-5.26699864833264E-5	8.63	-2.22214893978321E-4
8.725	-6.66293212857143E-5	8.733	2.72712009318579E-4	8.9	3.26222539534923E-5	8.655	4.68443171814477E-4
8.75	-1.78175775714286E-4	8.758	-3.48082144729179E-4	8.925	7.78899726814165E-5	8.68	-5.40630418101981E-5
8.775	-2.28236801142857E-4	8.783	1.8622769219569E-4	8.95	6.70578872450451E-5	8.705	-3.17956345929595E-4
8.8	-1.34309860857143E-4	8.808	5.75913645894001E-4	8.975	1.3854321104761E-5	8.73	-1.29692544921612E-6
8.825	-5.45008190285714E-5	8.833	-3.26022859638905E-5	9	-2.8211898515222E-5	8.755	2.56044797469206E-4
8.85	2.54544268857143E-5	8.858	-3.14168897786838E-4	9.025	-3.93739210358321E-5	8.78	-2.63616802586623E-4
8.875	4.73421965714285E-6	8.883	1.17809918462434E-4	9.05	-1.33907157171051E-6	8.805	-3.41527107434362E-4
8.9	8.65232157142856E-6	8.908	8.63794944670938E-5	9.075	3.36766557862964E-5	8.83	1.58296028914295E-4
8.925	3.35926099142857E-5	8.933	-4.57545103377985E-4	9.1	6.96083090052065E-5	8.855	1.0136972357477E-4
8.95	1.50433252285714E-5	8.958	6.90037006406523E-5	9.125	4.74592753401634E-5	8.88	-3.18650009445652E-4
8.975	-4.54752997428572E-5	8.983	2.20854780139779E-4	9.15	7.77139533440198E-5	8.905	2.02148084444536E-4
9	-8.38899720571428E-5	9.008	-2.10754548631334E-4	9.175	9.69666714957621E-5	8.93	1.37150313831955E-4
9.025	-1.73916782428571E-4	9.033	-1.3428613278975E-5	9.2	1.23794644210028E-4	8.955	-2.21567914136249E-4
9.05	-1.26658120285714E-4	9.058	3.08929742283052E-4	9.225	1.15513846604974E-4	8.98	1.48767043821766E-4
9.075	-2.58736222857143E-5	9.083	-9.53991391962726E-5	9.25	1.03752212983972E-4	9.005	1.25725816053826E-4
9.1	1.945644E-5	9.108	-1.69125136866628E-4	9.275	5.387747511449E-5	9.03	-1.66815451300762E-4
9.125	-7.9132774E-5	9.133	2.56493066394875E-4	9.3	6.41584521324503E-5	9.055	-1.9146013623044E-4
9.15	-1.55283114042857E-4	9.158	-2.46522775189284E-4	9.325	3.83896265026151E-5	9.08	2.10715203205255E-4
9.175	-2.43283511954286E-4	9.183	-2.21097731508445E-4	9.35	2.70635415046416E-5	9.105	1.73969364920722E-4
9.2	-2.45355444377143E-4	9.208	3.43223351776354E-4	9.375	5.95109350074344E-6	9.13	-2.64212677233002E-4
9.225	-1.33169298811429E-4	9.233	3.93915500873617E-5	9.4	1.82284034194338E-6	9.155	-5.28535774963138E-5
9.25	-2.12694346857143E-5	9.258	-6.82534653465347E-7	9.425	-4.19224891357053E-5	9.18	4.25589539287345E-4
9.275	-6.70821425714286E-5	9.283	3.0441228596389E-4	9.45	-2.57981711127981E-5	9.205	-2.6703394263548E-5
9.3	-6.20527800714286E-5	9.308	9.83576074548631E-5	9.475	-2.26270599145101E-5	9.23	-8.04234127920847E-5
9.325	-4.09058602857143E-5	9.333	-3.85790282469423E-5	9.5	2.75704444154628E-5	9.255	3.98427200112473E-4
9.35	-5.713626E-6	9.358	2.26977537856727E-4	9.525	3.13020688423495E-5	9.28	-1.4464768655637E-4
9.375	5.0996809E-5	9.383	6.32041761793826E-5	9.55	8.86657930277688E-5	9.305	-1.0435416030801E-4
9.4	4.75036857142857E-5	9.408	-2.14702750436808E-4	9.575	9.24226654075817E-5	9.33	4.00722973537231E-4
9.425	-3.48896927142857E-5	9.433	1.98153468258591E-4	9.6	6.25325395028955E-5	9.355	2.71968487449152E-4
9.45	-9.91878486571428E-5	9.458	4.14573450786255E-4	9.625	1.34921430420336E-5	9.38	-2.75941437190016E-4
9.475	-1.829650994E-4	9.483	-2.34423854105999E-4	9.65	-3.17260363119079E-5	9.405	1.93221610801931E-4
9.5	-1.72583627514286E-4	9.508	2.64419170064065E-4	9.675	-1.37483815313831E-4	9.43	2.66593662151782E-4
9.525	-1.07234971714286E-4	9.533	4.12166186662784E-4	9.7	-1.30735764588468E-4	9.455	3.61960197996511E-5
9.55	-5.20152024285714E-5	9.558	-1.19930700349447E-4	9.725	-1.03950478715117E-4	9.48	-4.34250161025534E-4
9.575	-4.65850417142858E-6	9.583	-2.7917669481654E-4	9.75	-4.48132755105052E-5	9.505	5.23473250153034E-4
9.6	3.75576541428571E-5	9.608	4.41133222189866E-4	9.775	5.05520690745343E-5	9.53	4.59769177007564E-6
9.625	1.49554345142857E-5	9.633	-3.96085949330227E-5	9.8	1.08079404373466E-4	9.555	-1.16869580408416E-4
9.65	1.59042833714286E-5	9.658	-2.28369149679674E-4	9.825	9.91553296302936E-5	9.58	3.06295780485305E-4
9.675	-1.91304631428571E-5	9.683	2.54531241991846E-4	9.85	5.79777662464488E-5	9.605	3.78865501963502E-4
9.7	-1.80846968571429E-5	9.708	1.63072185497962E-4	9.875	-1.69156697395927E-5	9.63	-2.10196809171383E-4
9.725	4.14084469142857E-5	9.733	-1.50292721316249E-4	9.9	-1.22755255183949E-4	9.655	3.34439091667588E-5
9.75	9.31295214571428E-5	9.758	1.62520981362842E-4	9.925	-1.69736102014865E-4	9.68	9.67444140216578E-5
9.775	1.27885196628571E-4	9.783	8.92556719569016E-5	9.95	-1.25410249865824E-4	9.705	4.98794033952592E-5
9.8	1.826001524E-4	9.808	-6.01101557949913E-4	9.975	-3.13832048418082E-5	9.73	-6.9181483171646E-5
9.825	1.12269922342857E-4	9.833	1.35544410308678E-4	10	2.87787333566664E-5	9.755	1.91412928122388E-4
9.85	-4.63545041714286E-5	9.858	3.56508766744322E-4	10.025	7.17154625482591E-5	9.78	-1.47915706490691E-4
9.875	-7.24768311428571E-5	9.883	1.31373121723937E-6	10.05	7.47259999159464E-5	9.805	-3.01263862732423E-7
9.9	-2.48592008571429E-5	9.908	2.45461258008154E-4	10.075	2.74462355547339E-5	9.83	1.05413707005896E-5
9.925	4.0781324E-5	9.933	4.31868628421666E-4	10.1	2.05436085586745E-5	9.855	7.86847474857484E-5
9.95	1.68725878285714E-4	9.958	-1.32085668316832E-4	10.125	7.0534563819085E-5	9.88	-2.39664099367198E-4
9.975	1.84199181428571E-4	9.983	6.24883711415259E-5	10.15	8.5062476648015E-5	9.905	-5.21173335507534E-5
10	1.10944110571429E-4	10.008	7.15522214618521E-5	10.175	1.11642216522281E-4	9.93	5.2313812774186E-4
10.025	9.5482992E-5	10.033	6.19528028538148E-5	10.2	1.59588434496091E-4	9.955	-6.20623051708959E-6
10.05	9.96388062857143E-5	10.058	-4.67725180547467E-5	10.225	1.51540251752777E-4	9.98	-3.63295081621862E-4
10.075	1.32556461428571E-4	10.083	4.18390723645894E-4	10.25	1.27643864788072E-4	10.005	3.82236274807208E-4
10.1	1.27878454857143E-4	10.108	-4.552717239371E-5	10.275	1.58019753423627E-4	10.03	6.18475530369936E-5
10.125	9.18339028571429E-5	10.133	-2.8066152446127E-4	10.3	1.45192242950858E-4	10.055	-2.19798139039343E-4
10.15	6.53722231428571E-5	10.158	2.32712829062318E-4	10.325	1.18835267069653E-4	10.08	1.55758247251265E-4
10.175	3.71965505714286E-5	10.183	1.83998495923122E-4	10.35	9.66986131366944E-5	10.105	3.5098224678499E-4
10.2	3.24769361428571E-5	10.208	-3.2446882498544E-4	10.375	3.29984292058673E-5	10.13	-2.22347657175128E-4
10.225	7.48381438285714E-5	10.233	1.31605707629586E-4	10.4	-5.81404734283371E-5	10.155	-2.20362538599699E-4
10.25	6.06591479142857E-5	10.258	1.61122591729761E-4	10.425	-5.86952328205121E-5	10.18	4.42842326033966E-4
10.275	1.01354887542857E-4	10.283	-1.14965388759464E-4	10.45	-8.54722535499669E-5	10.205	2.20913384251997E-4
10.3	1.67825149E-4	10.308	2.38334436517181E-4	10.475	-1.16235879074033E-4	10.23	-3.02790589764888E-4
10.325	1.93773581142857E-4	10.333	4.01540292661619E-4	10.5	-1.17516984784416E-4	10.255	2.8293728819039E-4
10.35	2.03816245428571E-4	10.358	-4.76189585032033E-4	10.525	-1.56511300743617E-4	10.28	3.57954968434588E-4
10.375	1.30872118285714E-4	10.383	2.88214481654048E-4	10.55	-1.54786262768043E-4	10.305	-1.59693311151726E-4
10.4	2.92336108571429E-5	10.408	1.96302218986605E-4	10.575	-7.58552923396697E-5	10.33	6.77822080847578E-5
10.425	-1.01118929714286E-4	10.433	-9.79720122306348E-5	10.6	-4.83852477279497E-5	10.355	4.04614853004815E-4
10.45	-1.17375682E-4	10.458	-2.79485253348864E-4	10.625	1.17351046620411E-5	10.38	-3.82127771207012E-4
10.475	-9.94634214285714E-5	10.483	-7.44207018054747E-5	10.65	1.15330977107825E-4	10.405	-1.24772205037598E-4
10.5	-7.18450176E-5	10.508	-1.14032079207921E-4	10.675	9.61447125516171E-5	10.43	3.17761057533175E-4
10.525	-1.20529376514286E-4	10.533	4.23640489225393E-5	10.7	7.61664232447663E-5	10.455	-2.24906931592965E-4
10.55	-2.27273519028571E-4	10.558	-1.3174309842749E-5	10.725	6.42677923141303E-5	10.48	-4.39987505893128E-4
10.575	-3.15148407714286E-4	10.583	6.90973557076296E-5	10.75	8.73702235107165E-5	10.505	4.08571843674483E-5
10.6	-2.87144649428571E-4	10.608	-2.69739873325568E-4	10.775	8.0997517061926E-5	10.53	-4.51113211882216E-5
10.625	-2.02556056742857E-4	10.633	2.91379484566104E-4	10.8	1.65061719281809E-4	10.555	-1.71831364772615E-4
10.65	-6.75144673714286E-5	10.658	1.48067989225393E-4	10.825	1.91058855259279E-4	10.58	2.17848582518878E-4
10.675	2.79054091285714E-5	10.683	-4.61515259172976E-5	10.85	1.56732417931661E-4	10.605	2.79937462029855E-4
10.7	5.82707891085714E-5	10.708	1.67986108037274E-4	10.875	8.44824533832332E-5	10.63	6.48629277634361E-5
10.725	9.34142802828571E-5	10.733	2.59342437390798E-4	10.9	6.73144739630342E-5	10.655	-2.55415395210366E-5
10.75	1.46874409165714E-4	10.758	-2.13652648514852E-4	10.925	8.48525067250604E-6	10.68	4.77088829097806E-4
10.775	1.53592233757143E-4	10.783	8.32503640069889E-5	10.95	4.05253586254512E-6	10.705	7.03728310010842E-5
10.8	1.03258055771429E-4	10.808	4.27925543098428E-4	10.975	2.32488011128684E-5	10.73	-2.34266578733453E-4
10.825	3.34020252714286E-5	10.833	-1.05106997670355E-4	11	-4.27902322225989E-6	10.755	1.6712330314042E-4
10.85	6.702200672E-5	10.858	-1.51531511357018E-4	11.025	2.93190514894236E-6	10.78	-2.77852312177011E-5
10.875	3.11726294885714E-5	10.883	2.48149612696564E-4	11.05	5.85873608546057E-6	10.805	-1.23839128327708E-4
10.9	1.33567143291429E-4	10.908	-1.95761675888177E-4	11.075	2.13190540540581E-5	10.83	-2.14176522303326E-5
10.925	1.78772383271429E-4	10.933	-2.93534420500874E-5	11.1	2.18447539119576E-5	10.855	4.38856527658446E-4
10.95	1.37856296E-4	10.958	4.34465813919627E-4	11.125	1.99795782830832E-5	10.88	-5.98295180860511E-5
10.975	5.90507028E-5	10.983	3.74018999708794E-5	11.15	-7.32972733266342E-6	10.905	9.98896983002223E-5
11	7.36545710857143E-5	11.008	-1.03624512230635E-4	11.175	-1.38784273291183E-5	10.93	3.84284967450386E-4
11.025	1.87206513571428E-5	11.033	4.60233845369831E-4	11.2	2.25566508345223E-5	10.955	9.49698828502765E-5
11.05	6.83636132285714E-5	11.058	1.22476986022132E-5	11.225	4.89197459377183E-5	10.98	-3.18197856859699E-4
11.075	1.12726496957143E-4	11.083	-2.21083319743739E-4	11.25	1.52339796507188E-5	11.005	-5.39764179609812E-5
11.1	1.08875625457143E-4	11.108	9.94574177344205E-5	11.275	-3.29215719301817E-5	11.03	3.44180662438802E-4
11.125	7.29281366142857E-5	11.133	1.72644461269656E-4	11.3	-3.81508521010355E-6	11.055	5.80959651076773E-5
11.15	1.98909705428571E-5	11.158	-1.33021281304601E-4	11.325	5.13077546210195E-6	11.08	7.62320977474319E-6
11.175	-3.73872253428571E-5	11.183	1.38881640943506E-4	11.35	5.10681866507578E-5	11.105	3.61399903489029E-4
11.2	-3.61252339542857E-5	11.208	2.45725358182877E-4	11.375	8.22657143356972E-5	11.13	-9.97854896342002E-5
11.225	-7.46798394342857E-5	11.233	-1.72267207338381E-4	11.4	5.69904224466513E-5	11.155	-2.8944184393104E-4
11.25	-3.61325597828571E-5	11.258	-1.05007949912638E-4	11.425	1.59734758562792E-5	11.18	2.78969438118735E-4
11.275	6.44537080285714E-5	11.283	2.41921059988352E-4	11.45	6.86808392847685E-5	11.205	2.10732853124221E-4
11.3	9.2595414E-5	11.308	-3.09774155503786E-5	11.475	5.86652513768576E-5	11.23	-1.74589851800412E-4
11.325	7.4189448E-5	11.333	4.26383514851485E-5	11.5	5.7455445579064E-5	11.255	2.39299635774138E-4
11.35	1.78275818571429E-4	11.358	4.73256862259755E-4	11.525	6.49018012123543E-5	11.28	5.72910040237191E-5
11.375	1.69812625714286E-4	11.383	-1.05245091729761E-4	11.55	7.15411839727687E-5	11.305	-1.40017268292082E-4
11.4	1.38791038571429E-4	11.408	-1.0575987914968E-4	11.575	7.80153824760141E-5	11.33	1.98824510666915E-4
11.425	1.14528218E-4	11.433	2.2390696563774E-4	11.6	1.3184395503647E-4	11.355	2.47600613287509E-4
11.45	7.61913862857143E-5	11.458	1.72919069598136E-4	11.625	1.01585568204885E-4	11.38	1.41854912390911E-4
11.475	-1.13260498571428E-5	11.483	-3.4191019947583E-4	11.65	4.55821159521744E-5	11.405	-1.15057760166433E-5
11.5	-1.04041333142857E-5	11.508	-1.33362434478742E-6	11.675	3.01622895147981E-5	11.43	1.54828036844813E-5
11.525	1.48989785342857E-4	11.533	8.59226986022132E-5	11.7	1.78670475958248E-5	11.455	2.33711374853214E-4
11.55	3.426240264E-4	11.558	-3.41610416423995E-4	11.725	4.08259683885229E-6	11.48	-2.08503375399182E-4
11.575	3.71349788714286E-4	11.583	1.57954949039022E-5	11.75	5.07985465254359E-5	11.505	2.19919581693863E-4
11.6	3.49950042857143E-4	11.608	1.75818005241701E-4	11.775	3.71131763838577E-5	11.53	1.38375617863075E-4
11.625	2.46097271042857E-4	11.633	-2.20327925160163E-4	11.8	-3.63946505813486E-6	11.555	1.81904350748663E-4
11.65	8.922498504E-5	11.658	-9.89542239370996E-5	11.825	-5.70812724535731E-6	11.58	-1.92932068944807E-4
11.675	3.09092253628571E-5	11.683	1.77494407396622E-4	11.85	4.24921320977226E-6	11.605	4.32763092058941E-4
11.7	8.32129548685714E-5	11.708	-1.49068709959231E-4	11.875	-2.15622186532026E-5	11.63	9.05970883007216E-5
11.725	1.115819543E-4	11.733	3.19740624635993E-4	11.9	1.75472931085805E-5	11.655	-2.73757901697694E-4
11.75	1.04306126514286E-4	11.758	1.17319123471171E-4	11.925	6.63616261508971E-5	11.68	3.69287003061417E-4
11.775	8.22637731714286E-5	11.783	-7.9169143855562E-5	11.95	7.16355039296479E-5	11.705	3.14782127357645E-4
11.8	2.83134022857143E-5	11.808	-9.42370005824112E-5	11.975	8.26955547488115E-5	11.73	-1.48416631444931E-4
11.825	-4.54024482571428E-5	11.833	2.44966997670355E-4	12	9.10533281887646E-5	11.755	7.90745484778479E-5
11.85	-8.50698963428571E-5	11.858	-1.97620946418171E-5	12.025	1.514828952677E-5	11.78	3.58209210453782E-4
11.875	-2.62090168285714E-5	11.883	-7.0733685206756E-5	12.05	-3.47916138323801E-5	11.805	-3.51067874209479E-4
11.9	7.02649771428572E-6	11.908	9.52152424286546E-5	12.075	-1.75995448718894E-5	11.83	7.41150568780968E-5
11.925	1.11615543142857E-4	11.933	3.14360623179965E-4	12.1	-6.59128358837108E-5	11.855	3.93208574789552E-4
11.95	1.61350981428571E-4	11.958	-1.37717345661037E-4	12.125	-8.63268337135337E-5	11.88	1.15190505279307E-4
11.975	1.60047674514286E-4	11.983	3.00171598718695E-4	12.15	-3.60612294513675E-5	11.905	-1.73724915351445E-4
12	9.47292666857143E-5	12.008	1.4367816977286E-4	12.175	-8.60028674777609E-5	11.93	2.35334959432789E-4
12.025	1.04318861657143E-4	12.033	-4.00250500873617E-4	12.2	-1.58030805539915E-4	11.955	1.18285597600814E-4
12.05	3.14076891428571E-5	12.058	5.48904103086779E-5	12.225	-1.63785752333239E-4	11.98	-3.53374615539824E-4
12.075	3.801075E-5	12.083	2.90884184624345E-4	12.25	-2.4061905605721E-4	12.005	-8.07687236913169E-6
12.1	-4.68913491428571E-5	12.108	-1.43921416715201E-4	12.275	-3.25029791669639E-4	12.03	3.3158290618978E-4
12.125	-4.86648848571428E-5	12.133	1.01136612550961E-4	12.3	-2.46632630213678E-4	12.055	-1.18073708153564E-5
12.15	1.91497745714286E-5	12.158	2.32978386721025E-4	12.325	-1.28976887781843E-4	12.08	-1.87337153136405E-4
12.175	3.68177248571429E-5	12.183	-2.9459455154339E-4	12.35	-3.16473444825531E-5	12.105	2.34215111859093E-4
12.2	-2.76323694285714E-5	12.208	-3.1510301252184E-4	12.375	1.68552615095393E-4	12.13	5.14162031786099E-5
12.225	-5.05781668571429E-5	12.233	1.97816779266162E-4	12.4	2.87915368930159E-4	12.155	-3.21803530955865E-4
12.25	-6.14827023428571E-5	12.258	-1.32395806639487E-4	12.425	2.86622944259318E-4	12.18	1.23552615529422E-4
12.275	-2.72797487428571E-5	12.283	7.81331020675597E-5	12.45	3.21081728053978E-4	12.205	-9.19354169153793E-5
12.3	1.32962404514286E-4	12.308	1.9174712288876E-4	12.475	3.84396884879626E-4	12.23	-2.09369369758251E-4
12.325	2.39701831142857E-4	12.333	-1.59823555620268E-4	12.5	3.65821668253553E-4	12.255	1.12524752661811E-4
12.35	1.81562490857143E-4	12.358	-2.0352743593477E-4	12.525	3.86109931680411E-4	12.28	1.90358707142878E-4
12.375	9.27018854285714E-5	12.383	1.8843683022714E-4	12.55	3.75849517545998E-4	12.305	1.81834664311437E-4
12.4	1.79050873714286E-4	12.408	3.54367396622015E-4	12.575	2.17538038234605E-4	12.33	-1.18781694144846E-4
12.425	2.75820695428571E-4	12.433	-4.7690659580664E-5	12.6	7.19893518487457E-5	12.355	4.08487436915497E-4
12.45	2.77029752571429E-4	12.458	-1.81683460978451E-5	12.625	-4.21090868989563E-5	12.38	2.82976620745461E-4
12.475	4.50361652285714E-4	12.483	1.92777747524752E-4	12.65	-1.84205592603279E-4	12.405	-7.24985521584351E-5
12.5	5.38756747428571E-4	12.508	3.15534193360513E-4	12.675	-2.88025584699376E-4	12.43	1.77976086407147E-4
12.525	4.57511550285714E-4	12.533	5.101190885265E-4	12.7	-2.70901716851494E-4	12.455	5.97109941783764E-4
12.55	4.90849639428571E-4	12.558	4.91434357891672E-4	12.725	-2.47144137762639E-4	12.48	3.63890594589574E-4
12.575	4.95014713428571E-4	12.583	1.38491106581246E-4	12.75	-2.22064048493665E-4	12.505	3.48918408847618E-4
12.6	2.81943378285714E-4	12.608	-5.71158721607455E-5	12.775	-1.58981991099015E-4	12.53	5.75211229799993E-4
12.625	1.72949928857143E-4	12.633	-4.07809063774024E-5	12.8	-1.13315577158054E-4	12.555	2.79461854582327E-4
12.65	1.29689686985714E-4	12.658	-2.41379365171811E-4	12.825	-1.26753486554384E-4	12.58	-1.06276165955992E-4
12.675	-7.46498198514286E-5	12.683	-6.03891029411765E-4	12.85	-7.35217498900317E-5	12.605	-3.73358808624027E-5
12.7	-2.46017500225714E-4	12.708	-2.6194191613279E-4	12.875	1.64689224005088E-5	12.63	-4.70595123717175E-5
12.725	-3.37629594137143E-4	12.733	-9.87272233546884E-5	12.9	4.3815207310164E-5	12.655	-4.28353713712186E-4
12.75	-3.49013587014286E-4	12.758	-4.09841000291206E-4	12.925	9.28907655042672E-5	12.68	-1.27427902988143E-4
12.775	-2.9149955E-4	12.783	-4.28863602213163E-5	12.95	9.35475259903776E-5	12.705	-1.2465372814815E-4
12.8	-1.45739954728571E-4	12.808	2.61728399825277E-5	12.975	-5.98360822868581E-7	12.73	-2.78814928992055E-4
12.825	-1.77399470514286E-5	12.833	-4.77289424868958E-4	13	-7.18397956890782E-5	12.755	-1.09405726254494E-4
12.85	5.53102893171428E-5	12.858	1.05218612405358E-4	13.025	-7.01330672826761E-5	12.78	-8.36390327210833E-5
12.875	1.27779310662857E-4	12.883	-7.12868564356436E-5	13.05	-8.40544713845445E-5	12.805	-1.90983959139011E-4
12.9	2.00831452557143E-4	12.908	-2.71885299941759E-4	13.075	-4.54031660425135E-5	12.83	-2.43877529253964E-4
12.925	2.27846180342857E-4	12.933	-4.09040464472918E-5	13.1	1.20999800785906E-5	12.855	-6.92228013426009E-5
12.95	2.15791708028571E-4	12.958	3.30124749563192E-4	13.125	2.58547158577893E-5	12.88	3.78552369615302E-4
12.975	2.24272822628571E-4	12.983	5.83450509609785E-6	13.15	2.75250363974979E-5	12.905	-5.84222716013351E-5
13	2.73603907E-4	13.008	-4.66591584158416E-6	13.175	8.58020119374795E-5	12.93	1.01213785817354E-5
13.025	4.18608355142857E-4	13.033	3.1999724373908E-4	13.2	8.97092393281838E-5	12.955	2.20669703249888E-4
13.05	3.93855578285714E-4	13.058	-1.12534804892254E-4	13.225	7.83304297276186E-5	12.98	1.48420275357505E-4
13.075	3.91281320857143E-4	13.083	-1.84439124927199E-4	13.25	8.61594059898247E-5	13.005	-1.44926314759709E-4
13.1	3.06495716857143E-4	13.108	4.3333625364007E-5	13.275	3.2602527540253E-5	13.03	1.71320782997957E-4
13.125	1.877826054E-4	13.133	2.81137510192196E-4	13.3	-9.85929702831776E-7	13.055	2.72534252346477E-4
13.15	1.10117948514286E-4	13.158	-1.44563728887595E-4	13.325	7.9598714938673E-6	13.08	2.36593167180668E-4
13.175	2.34039061914286E-4	13.183	7.27918462434479E-6	13.35	9.97000302762359E-6	13.105	2.81333514559818E-4
13.2	1.82721256457143E-4	13.208	7.04466169190448E-5	13.375	-4.98706205308895E-5	13.13	2.27239144143456E-4
13.225	1.85238968285714E-4	13.233	-2.87497582993594E-4	13.4	-4.54826689034115E-5	13.155	-2.01262550395465E-4
13.25	2.22117545257143E-4	13.258	1.1581329790332E-4	13.425	-8.33148015741541E-5	13.18	-9.67824083656599E-6
13.275	2.35276861914286E-4	13.283	1.58956464764123E-4	13.45	-1.1702592007185E-4	13.205	-6.82085910656635E-5
13.3	2.17839811257143E-4	13.308	-1.57103370704718E-5	13.475	-8.33460235009375E-5	13.23	-7.5928504674082E-5
13.325	2.16613374714286E-4	13.333	-8.03367312172394E-5	13.5	-3.11720048867211E-5	13.255	-1.70762965989346E-4
13.35	1.65895605714286E-4	13.358	2.32961426907397E-4	13.525	-4.07685643470597E-5	13.28	1.67670116075577E-4
13.375	7.73875791428571E-5	13.383	-4.31285645020384E-5	13.55	-1.17862037594126E-5	13.305	2.99150682782861E-4
13.4	4.29333547714286E-5	13.408	2.9016669481654E-4	13.575	-3.82253363910823E-6	13.33	4.33312382492969E-5
13.425	6.94595002857143E-5	13.433	2.01433704135119E-4	13.6	-1.61840409696308E-5	13.355	2.0425724976089E-4
13.45	1.41042904257143E-4	13.458	-1.37428661910309E-4	13.625	1.57341035397178E-5	13.38	1.36431775865554E-4
13.475	1.30509565257143E-4	13.483	1.38128478450786E-4	13.65	8.19563080401483E-5	13.405	6.41739027762879E-5
13.5	1.69352322485714E-4	13.508	1.12159039021549E-4	13.675	5.06572751206697E-5	13.43	1.38370572445666E-4
13.525	2.13114703885714E-4	13.533	-9.47938919627257E-5	13.7	5.27754825213429E-5	13.455	3.55377293614552E-4
13.55	2.57284726057143E-4	13.558	4.65734777227723E-5	13.725	6.06710307296366E-5	13.48	1.08430432602161E-4
13.575	2.9600385E-4	13.583	2.77099484566104E-4	13.75	2.79006211580709E-5	13.505	-2.69638806649332E-4
13.6	3.96518158857143E-4	13.608	2.25644092894584E-4	13.775	3.60420794191337E-5	13.53	1.11974485695381E-4
13.625	3.74781198285714E-4	13.633	-2.7190532760629E-4	13.8	1.01583846837818E-4	13.555	6.23100713335514E-4
13.65	3.45299462742857E-4	13.658	-3.13780778974956E-5	13.825	9.25668905983735E-5	13.58	-1.80168238893718E-5
13.675	2.95350245657143E-4	13.683	2.20968056202679E-4	13.85	1.15163813676334E-4	13.605	5.77893248915552E-5
13.7	3.24407531314286E-4	13.708	-2.1013415987187E-5	13.875	1.80516005665469E-4	13.63	3.18770141015003E-4
13.725	2.41021552E-4	13.733	5.66907811589983E-5	13.9	1.29656976086731E-4	13.655	-3.21177890155165E-6
13.75	2.62144678E-4	13.758	2.94026530285381E-4	13.925	9.44838177538114E-5	13.68	2.77986494962588E-5
13.775	2.9666092E-4	13.783	1.83940196563774E-4	13.95	9.77349388589527E-5	13.705	3.25093206400391E-4
13.8	3.26806257428571E-4	13.808	7.02016913220734E-5	13.975	6.71330692089021E-5	13.73	9.56604811396275E-6
13.825	2.29970666571429E-4	13.833	-2.57901872451951E-5	14	6.84493012254199E-5	13.755	7.91690189457523E-6
13.85	1.71094167714286E-4	13.858	1.30127584449621E-4	14.025	1.54643704302511E-4	13.78	3.89267425645513E-5
13.875	1.47981184E-4	13.883	2.19225995923122E-4	14.05	1.86563483082286E-4	13.805	1.11091989747116E-4
13.9	1.33649531714286E-4	13.908	9.50153265870705E-5	14.075	1.5236011614432E-4	13.83	-4.06339201261106E-5
13.925	2.29385077142857E-4	13.933	3.13109826732673E-5	14.1	1.76334008160343E-4	13.855	8.0758822737799E-5
13.95	3.33517168E-4	13.958	-6.33294117647059E-5	14.125	1.54661434608471E-4	13.88	2.93727383502103E-4
13.975	3.21244200142857E-4	13.983	3.89509119103087E-5	14.15	6.9858996703488E-5	13.905	8.55114883916421E-5
14	2.38606292742857E-4	14.008	1.13470407687828E-4	14.175	6.91953874071583E-5	13.93	5.56248950748342E-5
14.025	2.79856056657143E-4	14.033	-7.12098819161328E-5	14.2	8.58150744519806E-5	13.955	3.25057517757893E-4
14.05	3.33409137028571E-4	14.058	2.14794286546302E-4	14.225	4.69984451558945E-5	13.98	7.60967123802867E-5
14.075	3.42247991571429E-4	14.083	-8.76853654630169E-5	14.25	4.38211774981245E-5	14.005	-3.16460334457952E-5
14.1	3.54657649714286E-4	14.108	-1.13640535818288E-4	14.275	8.22775006337287E-5	14.03	1.17577258972831E-4
14.125	3.05775166857143E-4	14.133	2.49218203261503E-4	14.3	6.37982077616455E-5	14.055	1.90561102525112E-4
14.15	2.76565137142857E-4	14.158	2.70090729470006E-4	14.325	4.41986686573371E-5	14.08	-8.06013297621137E-5
14.175	1.87628988571429E-4	14.183	-1.00944882061736E-5	14.35	6.71224959289851E-5	14.105	-4.11143559838475E-5
14.2	1.66859884857143E-4	14.208	-9.97407047175306E-5	14.375	2.88928527426514E-5	14.13	1.80746680628332E-4
14.225	5.18350017142857E-5	14.233	2.26286170646476E-4	14.4	2.09795418936566E-5	14.155	-1.22289913924102E-4
14.25	-6.99734894285714E-5	14.258	1.15912274315667E-5	14.425	4.65097406241703E-5	14.18	-1.45726574020992E-4
14.275	-1.10004048857143E-4	14.283	-2.6858652446127E-4	14.45	4.73188746556101E-5	14.205	1.86672505291434E-4
14.3	-4.5397476E-5	14.308	9.6094597553873E-5	14.475	7.65650182711475E-6	14.23	1.66852613783829E-4
14.325	-5.5961826E-5	14.333	-4.63064248689575E-5	14.5	7.69644210655749E-5	14.255	6.67623827465104E-5
14.35	-9.04142891428571E-5	14.358	-7.95544475829936E-5	14.525	6.74145268501412E-5	14.28	-1.54358813025763E-4
14.375	-1.03601658385714E-4	14.383	4.49738768200349E-4	14.55	3.98046098981191E-5	14.305	3.59978497284487E-4
14.4	-7.38333910171428E-5	14.408	-1.28031824403029E-5	14.575	6.82836280441612E-5	14.33	-1.13702893794712E-4
14.425	-2.04199517514286E-5	14.433	-1.05638194525335E-4	14.6	7.45101437282434E-5	14.355	1.76328549657829E-4
14.45	1.31761080982857E-4	14.458	4.94607667443215E-4	14.625	3.21067376773406E-5	14.38	1.59345421483596E-4
14.475	2.68920824614286E-4	14.483	3.77223069306931E-4	14.65	9.95189943104743E-5	14.405	1.14959790457423E-4
14.5	2.80710076571429E-4	14.508	-8.71260106290041E-5	14.675	1.24605145577656E-4	14.43	1.03217991984452E-4
14.525	1.78735649571429E-4	14.533	-1.86589637449039E-4	14.7	5.17475626546435E-5	14.455	-8.60373962998281E-5
14.55	6.13919932E-5	14.558	1.52613688118812E-4	14.725	5.05447176725677E-5	14.48	1.72514747572553E-4
14.575	-2.2390012E-4	14.583	1.4711289895166E-4	14.75	-1.6965846351144E-4	14.505	7.92819350256902E-5
