#time (ps)	MgSO4 /1M	time (ps)	MgSO4 /2M
19.725	2.0107624742268E-5	11.1064425770308	1.17058735395189E-5
19.7	2.94383271477663E-5	11.0924369747899	-7.28606391752577E-6
19.675	-3.35361257731959E-5	11.078431372549	2.81721718213058E-5
19.65	1.50756749140893E-5	11.0644257703081	-9.92857525773196E-5
19.625	-5.0227987628866E-5	11.0504201680672	-3.66531340206186E-6
19.6	-8.50654226804124E-5	11.0364145658263	-5.79333402061856E-6
19.575	-1.64508714776632E-5	11.0224089635854	8.54824604810997E-5
19.55	6.20750164948454E-5	11.0084033613445	2.30770171821306E-6
19.525	-1.70650701030928E-5	10.9943977591036	1.72779635738832E-5
19.5	5.34252714776632E-5	10.9803921568627	1.35588790378007E-5
19.475	4.47195457044674E-5	10.9663865546218	1.20155257731959E-4
19.45	8.70069484536083E-5	10.952380952381	1.49088405498282E-4
19.425	1.48338694158076E-5	10.9383753501401	-4.87028467353952E-5
19.4	1.20650474226804E-4	10.9243697478992	7.74164467353952E-6
19.375	7.75083298969072E-5	10.9103641456583	4.63174020618557E-5
19.35	-4.16118274914089E-5	10.8963585434174	-3.35590714776632E-5
19.325	-5.2186969072165E-5	10.8823529411765	2.33115340206186E-5
19.3	-1.20421903780069E-4	10.8683473389356	1.32859800687285E-4
19.275	8.16721718213058E-6	10.8543417366947	3.63757704467354E-5
19.25	2.06561580756014E-6	10.8403361344538	-1.12515821305842E-4
19.225	-1.43568632302406E-4	10.8263305322129	-1.24988268041237E-5
19.2	3.30548563573883E-5	10.812324929972	-1.1398904467354E-4
19.175	-3.52790467353952E-5	10.7983193277311	-9.92380274914089E-5
19.15	-9.58370103092783E-5	10.7843137254902	-5.68959470790378E-5
19.125	-5.90012027491409E-6	10.7703081232493	-2.70789505154639E-5
19.1	4.5388658419244E-5	10.7563025210084	-9.27629828178694E-5
19.075	-3.08744556701031E-5	10.7422969187675	-5.63143718213058E-5
19.05	-3.95643725085911E-5	10.7282913165266	-5.74568240549828E-5
19.025	2.68068804123711E-5	10.7142857142857	-6.35223024054983E-5
19	4.13114639175258E-5	10.7002801120448	-1.51701182130584E-4
18.975	-1.67523367697595E-5	10.6862745098039	-7.17852164948454E-5
18.95	-3.75359725085911E-6	10.672268907563	3.562284604811E-5
18.925	1.20918680412371E-4	10.6582633053221	-6.49142577319588E-6
18.9	-5.55155608247423E-5	10.6442577030812	7.25200756013746E-5
18.875	1.06204824742268E-4	10.6302521008403	-2.81564027491409E-5
18.85	7.25898281786942E-5	10.6162464985994	-1.16784762886598E-4
18.825	-9.58004329896907E-5	10.6022408963585	1.94672817869416E-5
18.8	5.32395491408935E-5	10.5882352941176	-2.27569580756014E-5
18.775	-4.23981367697594E-5	10.5742296918768	5.93163979381443E-5
18.75	1.15729127147766E-4	10.5602240896359	4.24557298969072E-5
18.725	-7.06068316151203E-5	10.546218487395	-8.24228041237113E-5
18.7	3.30001573883161E-5	10.5322128851541	1.0095295532646E-4
18.675	4.11700329896907E-5	10.5182072829132	8.28558625429553E-5
18.65	-1.54600914089347E-5	10.5042016806723	-1.09463848797251E-5
18.625	3.26094426116839E-5	10.4901960784314	-4.63706233676976E-5
18.6	-1.04385498281787E-5	10.4761904761905	-6.37735580756014E-5
18.575	-1.33435896907216E-5	10.4621848739496	1.01215257731959E-4
18.55	-6.0603264604811E-5	10.4481792717087	2.21367237113402E-5
18.525	1.10483993127148E-5	10.4341736694678	8.82231408934708E-5
18.5	-5.90703848797251E-5	10.4201680672269	8.34185085910653E-6
18.475	-1.19721127147766E-4	10.406162464986	5.58516336769759E-5
18.45	-9.89718694158076E-5	10.3921568627451	2.8561412371134E-5
18.425	1.01405567010309E-4	10.3781512605042	1.81282378006873E-5
18.4	-9.8692295532646E-6	10.3641456582633	9.59871615120275E-5
18.375	1.83061470790378E-5	10.3501400560224	4.14557037800687E-5
18.35	-2.6089612371134E-5	10.3361344537815	-6.17224900343643E-5
18.325	1.26012268041237E-5	10.3221288515406	-9.46456975945017E-5
18.3	-4.04557003436426E-5	10.3081232492997	-1.40514611683849E-4
18.275	1.55615986254296E-5	10.2941176470588	-9.219864604811E-5
18.25	7.02545017182131E-5	10.2801120448179	-1.03218536082474E-5
18.225	1.74656151202749E-5	10.266106442577	5.35253821305842E-5
18.2	-7.94414845360825E-5	10.2521008403361	7.03203848797251E-5
18.175	2.63854371134021E-5	10.2380952380952	1.07035663230241E-4
18.15	-4.79182302405498E-5	10.2240896358543	4.56400206185567E-6
18.125	6.33595546391752E-5	10.2100840336134	-2.58595505154639E-5
18.1	3.15348384879725E-6	10.1960784313725	-9.73456426116838E-5
18.075	-7.91838556701031E-5	10.1820728291317	-2.44791656357388E-5
18.05	-9.55679312714777E-5	10.1680672268908	-1.20621615120275E-4
18.025	-7.48846529209622E-5	10.1540616246499	-2.02499800687285E-5
18	1.15314089347079E-4	10.140056022409	-1.30209615120275E-4
17.975	-2.39888845360825E-5	10.1260504201681	5.30678611683849E-5
17.95	6.57748068728522E-5	10.1120448179272	-1.11239243986254E-6
17.925	-6.49174501718213E-6	10.0980392156863	-1.28018419243986E-4
17.9	-7.03500481099656E-5	10.0840336134454	9.31161030927835E-5
17.875	-3.288944604811E-5	10.0700280112045	2.04506261168385E-5
17.85	3.66068907216495E-5	10.0560224089636	-6.3618975257732E-5
17.825	8.86042611683849E-5	10.0420168067227	-9.05764673539519E-6
17.8	3.22842886597938E-6	10.0280112044818	-8.72378969072165E-5
17.775	-6.17047862542955E-5	10.0140056022409	3.83407766323024E-6
17.75	-8.38764879725086E-5	10	-2.77441127147766E-5
17.725	3.55222474226804E-5	9.9859943977591	3.42408591065292E-6
17.7	3.02151560137457E-5	9.97198879551821	-2.75341738831615E-5
17.675	-2.86486474226804E-5	9.95798319327731	-5.02786886597938E-5
17.65	-1.02602481099656E-4	9.94397759103641	-5.92060213058419E-5
17.625	-7.1207175257732E-5	9.92997198879552	-1.51629079037801E-5
17.6	-1.92208041237113E-5	9.91596638655462	-7.32641237113402E-5
17.575	-1.66173271477663E-4	9.90196078431373	-4.08639862542955E-7
17.55	9.64832096219931E-5	9.88795518207283	-1.48664494845361E-4
17.525	-5.08396982817869E-5	9.87394957983193	-1.91042E-4
17.5	-1.96472563573883E-4	9.85994397759104	-9.04160687285223E-5
17.475	-6.15349945017182E-5	9.84593837535014	-7.05887628865979E-5
17.45	-1.21912199312715E-4	9.83193277310924	-9.03999450171821E-5
17.425	6.43456536082474E-5	9.81792717086835	8.63492439862543E-6
17.4	1.13490103092784E-4	9.80392156862745	-1.29182446735395E-4
17.375	-5.78527408934708E-5	9.78991596638656	-7.58125498281787E-6
17.35	1.75451848797251E-4	9.77591036414566	-2.46996515463918E-5
17.325	1.89526879725086E-4	9.76190476190476	8.25221580756014E-5
17.3	1.52262391752577E-4	9.74789915966386	9.86917319587629E-5
17.275	1.93203402061856E-4	9.73389355742297	8.21925773195876E-5
17.25	2.19226199312715E-4	9.71988795518207	1.29064556701031E-4
17.225	2.32653807560137E-4	9.70588235294118	2.83871243986254E-4
17.2	2.36908219931271E-4	9.69187675070028	1.63300611683849E-4
17.175	2.40084274914089E-4	9.67787114845938	2.70081869415808E-4
17.15	1.95863085910653E-4	9.66386554621849	2.6733323024055E-4
17.125	7.89683642611684E-5	9.64985994397759	1.8093716838488E-4
17.1	-6.50542E-5	9.63585434173669	2.37728735395189E-4
17.075	-5.57186865979381E-5	9.6218487394958	1.15630268041237E-4
17.05	-1.0181341580756E-4	9.6078431372549	2.53950343642612E-5
17.025	-2.23437347079038E-4	9.59383753501401	-1.50089683848797E-4
17	-2.10368508591065E-4	9.57983193277311	-4.81317965635739E-5
16.975	-2.05574570446735E-4	9.56582633053221	-1.78176652920962E-4
16.95	-1.32157965635739E-4	9.55182072829132	-1.96274432989691E-4
16.925	-2.60372274914089E-4	9.53781512605042	-9.65412852233677E-5
16.9	-3.36738790378007E-5	9.52380952380952	-1.11537347079038E-4
16.875	-1.11561731958763E-4	9.50980392156863	-2.10512103092783E-4
16.85	4.00539243986254E-6	9.49579831932773	-2.19328096219931E-4
16.825	-5.75050378006873E-6	9.48179271708683	-1.94862989690722E-4
16.8	-1.62479786941581E-5	9.46778711484594	-9.89779518900343E-5
16.775	9.32490378006873E-5	9.45378151260504	-1.39468859106529E-4
16.75	7.51033058419244E-6	9.43977591036415	-7.22360549828179E-5
16.725	2.58637134020619E-5	9.42577030812325	1.05071663230241E-4
16.7	-1.98798144329897E-5	9.41176470588235	-2.75676948453608E-5
16.675	-8.0891381443299E-5	9.39775910364146	-1.10659979381443E-4
16.65	-8.79435395189003E-6	9.38375350140056	-7.78869621993127E-5
16.625	-1.03007298969072E-4	9.36974789915966	-8.23698006872852E-6
16.6	-7.84023711340206E-5	9.35574229691877	1.13291594501718E-5
16.575	3.49053058419244E-6	9.34173669467787	-6.14800343642612E-6
16.55	-1.77222756013746E-4	9.32773109243697	-1.15923443298969E-4
16.525	-5.61257305841924E-5	9.31372549019608	1.83423484536082E-5
16.5	1.09706096219931E-5	9.29971988795518	-4.97451223367698E-5
16.475	-6.8326870790378E-5	9.28571428571428	-9.65934158075601E-5
16.45	4.1515175257732E-5	9.27170868347339	-7.71076907216495E-5
16.425	1.66603085910653E-5	9.25770308123249	-3.85381161512028E-5
16.4	1.3561987628866E-4	9.2436974789916	-3.1761030927835E-6
16.375	6.46900962199313E-5	9.2296918767507	-2.05652900343643E-5
16.35	-1.46128804123711E-5	9.2156862745098	8.9160295532646E-5
16.325	6.68414432989691E-6	9.20168067226891	8.40040962199313E-5
16.3	3.77151910652921E-5	9.18767507002801	-1.02002268041237E-4
16.275	1.17487127147766E-4	9.17366946778711	2.09092783505155E-8
16.25	1.46033958762887E-5	9.15966386554622	2.59409993127148E-5
16.225	-9.33483780068728E-5	9.14565826330532	-6.85677766323024E-5
16.2	-7.0264412371134E-5	9.13165266106442	-4.36796082474227E-6
16.175	-1.16822371134021E-4	9.11764705882353	1.01687525773196E-4
16.15	-3.2227064604811E-5	9.10364145658263	6.77120817869416E-5
16.125	9.04934432989691E-6	9.08963585434174	8.90021099656357E-6
16.1	2.331475395189E-5	9.07563025210084	6.05914364261168E-5
16.075	6.41464872852234E-5	9.06162464985994	6.23523642611684E-6
16.05	-1.17647402061856E-5	9.04761904761905	-2.8115464604811E-5
16.025	8.38010171821306E-5	9.03361344537815	4.3137270790378E-5
16	1.99563436426117E-6	9.01960784313725	-6.3867723024055E-5
15.975	1.34699780068729E-5	9.00560224089636	-2.37758137457045E-5
15.95	-1.8253618556701E-5	8.99159663865546	-1.25847285223368E-6
15.925	-5.79989072164948E-6	8.97759103641456	8.0612824742268E-5
15.9	7.46895463917526E-6	8.96358543417367	6.20614329896907E-5
15.875	-3.75584206185567E-5	8.94957983193277	8.16282611683849E-5
15.85	-1.48428364261168E-5	8.93557422969188	-1.56422783505155E-4
15.825	-9.28138556701031E-5	8.92156862745098	1.50392151202749E-4
15.8	-9.88309209621993E-5	8.90756302521008	-2.99015079037801E-5
15.775	-3.3601935395189E-5	8.89355742296919	-1.17292756013746E-4
15.75	4.15968089347079E-5	8.87955182072829	-6.75342508591065E-6
15.725	-3.5484175257732E-5	8.86554621848739	8.92285223367698E-5
15.7	6.74066652920962E-5	8.8515406162465	6.72077189003436E-5
15.675	7.28267147766323E-5	8.8375350140056	-7.50728797250859E-5
15.65	1.13841257731959E-4	8.82352941176471	5.7863018556701E-5
15.625	1.32103924398625E-4	8.80952380952381	1.76195333333333E-5
15.6	8.96520756013746E-6	8.79551820728291	1.58683951890034E-4
15.575	-3.13192116838488E-5	8.78151260504202	-9.47423505154639E-5
15.55	2.10272996563574E-5	8.76750700280112	1.9727052233677E-4
15.525	5.8758E-5	8.75350140056022	5.19405017182131E-6
15.5	1.10522735395189E-5	8.73949579831933	-2.04136948453608E-5
15.475	4.77871003436426E-5	8.72549019607843	-1.11367140893471E-4
15.45	-4.55330577319588E-5	8.71148459383754	-3.323124604811E-5
15.425	-4.85315676975945E-5	8.69747899159664	9.54107628865979E-6
15.4	9.79338419243986E-5	8.68347338935574	-6.89134020618557E-5
15.375	-7.00005910652921E-6	8.66946778711484	-9.68297388316151E-5
15.35	-2.83293470790378E-6	8.65546218487395	-7.26299243986254E-5
15.325	1.14038213058419E-6	8.64145658263305	-1.42942137457045E-4
15.3	-1.80938666666667E-5	8.62745098039216	-3.77794378006873E-5
15.275	3.21071821305842E-6	8.61344537815126	6.08726130584192E-5
15.25	1.91531044673539E-5	8.59943977591037	-2.31361250859107E-4
15.225	-8.57186391752577E-6	8.58543417366947	-1.23689958762887E-4
15.2	-3.85985546391753E-5	8.57142857142857	-1.03314199312715E-4
15.175	-5.69290178694158E-5	8.55742296918767	-1.20886199312715E-4
15.15	1.16658041237113E-4	8.54341736694678	-1.07481573883162E-4
15.125	4.93997395189003E-5	8.52941176470588	7.62474501718213E-5
15.1	1.0880741580756E-4	8.51540616246499	7.86816288659794E-5
15.075	1.40193099656357E-4	8.50140056022409	-3.94030962199313E-5
15.05	1.07656446735395E-4	8.4873949579832	-1.49290542955326E-5
15.025	1.06719793814433E-4	8.4733893557423	2.48794432989691E-6
15	1.61505470790378E-4	8.4593837535014	4.99922261168385E-5
14.975	1.89317965635739E-4	8.4453781512605	1.20181731958763E-4
14.95	7.39503780068729E-5	8.43137254901961	7.93176288659794E-5
14.925	1.51474213058419E-4	8.41736694677871	1.10577237113402E-4
14.9	3.33478742268041E-5	8.40336134453782	8.72121030927835E-5
14.875	1.56855209621993E-4	8.38935574229692	8.16772096219931E-5
14.85	2.3089689347079E-5	8.37535014005602	-6.13672096219931E-6
14.825	7.0907676975945E-5	8.36134453781512	4.7089212371134E-5
14.8	3.98614089347079E-6	8.34733893557423	-6.68181903780069E-5
14.775	1.03483855670103E-4	8.33333333333333	7.30943436426117E-5
14.75	1.24090158075601E-4	8.31932773109244	-6.51649532646048E-5
14.725	1.57548756013746E-5	8.30532212885154	-4.19194158075601E-6
14.7	7.34656494845361E-5	8.29131652661065	-3.36188659793814E-6
14.675	8.09379312714777E-5	8.27731092436975	-1.42338013745704E-4
14.65	-6.14915058419244E-5	8.26330532212885	4.24721079037801E-5
14.625	-4.16226625429553E-5	8.24929971988795	-1.1543735395189E-4
14.6	-1.71139532646048E-5	8.23529411764706	-7.3543381443299E-5
14.575	1.86586749140893E-5	8.22128851540616	-6.35222618556701E-5
14.55	-3.76291800687285E-5	8.20728291316527	-9.39568109965636E-5
14.525	5.15001463917526E-5	8.19327731092437	-8.83947972508591E-5
14.5	3.9601295532646E-5	8.17927170868347	-1.4226116838488E-8
14.475	5.88405869415808E-5	8.16526610644258	-2.49078824742268E-5
14.45	-1.14735931271478E-4	8.15126050420168	1.05489773195876E-5
14.425	1.66353243986254E-5	8.13725490196078	-4.83384927835051E-5
14.4	-6.44731525773196E-5	8.12324929971989	-2.77936611683849E-5
14.375	-3.95039608247423E-5	8.10924369747899	-1.44003463917526E-4
14.35	-6.5107175257732E-6	8.09523809523809	-5.70352666666667E-5
14.325	-9.18961649484536E-5	8.0812324929972	4.23349924398625E-5
14.3	-2.66512164948454E-6	8.0672268907563	-1.36011580756014E-4
14.275	-3.04567567010309E-5	8.05322128851541	-7.04708728522337E-5
14.25	-1.06300625429553E-4	8.03921568627451	-7.6078618556701E-5
14.225	3.08733759450172E-5	8.02521008403361	-7.41880824742268E-5
14.2	-3.57574378006873E-5	8.01120448179272	-7.71112920962199E-5
14.175	-4.26645360824742E-5	7.99719887955182	-9.44221305841924E-5
14.15	-2.07496446735395E-5	7.98319327731092	-9.41185360824742E-5
14.125	6.76738446735395E-5	7.96918767507003	-7.47352164948454E-5
14.1	-1.45731408934708E-6	7.95518207282913	3.97161450171821E-5
14.075	-6.29925896907217E-5	7.94117647058824	4.91187092783505E-5
14.05	-3.67924721649485E-5	7.92717086834734	5.52800357388316E-5
14.025	-2.53964783505155E-5	7.91316526610644	-1.24301587628866E-4
14	-2.35819285223368E-5	7.89915966386555	7.2730529209622E-5
13.975	8.18230034364261E-5	7.88515406162465	4.47234673539519E-5
13.95	-1.69950075601375E-4	7.87114845938375	-4.23976810996564E-5
13.925	8.2722206185567E-5	7.85714285714286	4.06433718213058E-5
13.9	-1.61015134020619E-4	7.84313725490196	-6.53822412371134E-5
13.875	3.58688309278351E-5	7.82913165266106	3.53647216494845E-6
13.85	3.17308048109966E-5	7.81512605042017	8.61246048109966E-5
13.825	-7.68539587628866E-5	7.80112044817927	-2.74948254295533E-5
13.8	-4.94387560137457E-6	7.78711484593838	-6.23822948453608E-5
13.775	-1.1578812371134E-5	7.77310924369748	-2.91512701030928E-6
13.75	-1.33326453608247E-5	7.75910364145658	-4.86864446735395E-5
13.725	1.19898068728522E-5	7.74509803921569	-2.70570783505155E-5
13.7	3.55150130584192E-5	7.73109243697479	-8.56002199312715E-5
13.675	9.63494914089347E-5	7.71708683473389	1.25979670103093E-4
13.65	-4.28612852233677E-6	7.703081232493	9.53671134020619E-5
13.625	-3.70708920962199E-5	7.6890756302521	-1.95856536082474E-5
13.6	1.0633129209622E-4	7.67507002801121	-1.02134975945017E-4
13.575	1.07547896907216E-4	7.66106442577031	1.78703326460481E-4
13.55	1.34187883161512E-4	7.64705882352941	-1.31140439862543E-5
13.525	3.07852481099656E-5	7.63305322128852	-3.25458426116838E-5
13.5	3.99523766323024E-5	7.61904761904762	1.86079223367698E-5
13.475	7.57009484536083E-5	7.60504201680672	-6.36018852233677E-5
13.45	7.2343676975945E-5	7.59103641456583	-7.99835120274914E-5
13.425	5.27685367697594E-5	7.57703081232493	-8.32764810996564E-5
13.4	6.88002680412371E-5	7.56302521008403	3.32346756013746E-5
13.375	9.01935120274914E-5	7.54901960784314	-1.16898845360825E-4
13.35	1.10582323024055E-5	7.53501400560224	-1.6606535395189E-4
13.325	1.41445972508591E-4	7.52100840336134	1.0381006185567E-4
13.3	7.94488453608247E-5	7.50700280112045	2.91129704467354E-5
13.275	9.6548618556701E-5	7.49299719887955	7.5189704467354E-6
13.25	2.10751958762887E-5	7.47899159663865	-5.61059546391753E-5
13.225	5.95435051546392E-6	7.46498599439776	7.87859587628866E-5
13.2	1.21606536082474E-5	7.45098039215686	-6.91145773195876E-5
13.175	6.22262886597938E-6	7.43697478991597	1.08969250859107E-5
13.15	-7.61882542955326E-5	7.42296918767507	-6.97066941580756E-5
13.125	-2.10047924398625E-4	7.40896358543417	-4.77192508591065E-5
13.1	-2.76671862542955E-4	7.39495798319328	-1.24841085910653E-4
13.075	-2.22707484536082E-4	7.38095238095238	-2.46766357388316E-4
13.05	-2.89341738831615E-4	7.36694677871148	-2.39239395189003E-4
13.025	-2.49209656357388E-4	7.35294117647059	-4.69451264604811E-4
13	-2.05870020618557E-4	7.33893557422969	-3.7250024742268E-4
12.975	-1.38700144329897E-4	7.3249299719888	-3.16238577319588E-4
12.95	-1.50500714776632E-4	7.3109243697479	-3.43799587628866E-4
12.925	-1.60631189003436E-4	7.296918767507	-3.11905608247423E-4
12.9	4.69648130584192E-5	7.28291316526611	-1.84969718213058E-4
12.875	1.09055642611684E-4	7.26890756302521	-7.90716151202749E-5
12.85	-3.70267085910653E-5	7.25490196078431	-7.4941910652921E-5
12.825	1.60852446735395E-4	7.24089635854342	-1.27954982817869E-6
12.8	1.74194137457045E-4	7.22689075630252	1.27280405498282E-4
12.775	7.90107491408935E-5	7.21288515406162	8.1864412371134E-5
12.75	1.50902969072165E-4	7.19887955182073	-4.03371498281787E-5
12.725	1.51773189003436E-4	7.18487394957983	1.11971945017182E-4
12.7	9.64729621993127E-5	7.17086834733894	4.53092158075601E-5
12.675	7.0807793814433E-5	7.15686274509804	1.31916591065292E-4
12.65	4.22931326460481E-5	7.14285714285714	5.83851340206186E-5
12.625	1.9680187628866E-5	7.12885154061625	-3.91058350515464E-6
12.6	7.86397594501718E-5	7.11484593837535	1.25988199312715E-4
12.575	4.0493483161512E-5	7.10084033613445	-7.68044261168385E-5
12.55	9.9455793814433E-5	7.08683473389356	7.79115463917526E-5
12.525	-1.62039615120275E-4	7.07282913165266	4.9901735395189E-5
12.5	6.34903993127148E-5	7.05882352941176	-3.38999312714777E-7
12.475	9.71186941580756E-5	7.04481792717087	6.54663140893471E-5
12.45	5.32500838487973E-5	7.03081232492997	-8.03050034364261E-5
12.425	4.8297624742268E-5	7.01680672268907	3.52315773195876E-5
12.4	6.75547079037801E-6	7.00280112044818	1.20591532646048E-4
12.375	-6.25729333333333E-5	6.98879551820728	-7.63158694158076E-5
12.35	1.92512378006873E-5	6.97478991596639	-6.66931958762887E-6
12.325	1.09381257731959E-4	6.96078431372549	7.10040343642612E-5
12.3	5.730164604811E-5	6.94677871148459	2.20031608247423E-5
12.275	-1.95958316151203E-5	6.9327731092437	-2.19798419243986E-5
12.25	6.16001621993127E-5	6.9187675070028	-1.42882405498282E-6
12.225	-1.37021278350515E-5	6.9047619047619	-6.50585628865979E-5
12.2	-1.0336375257732E-5	6.89075630252101	-3.32594336769759E-5
12.175	6.34479305841924E-5	6.87675070028011	1.62984556701031E-5
12.15	-1.81100226804124E-5	6.86274509803922	-8.90268109965636E-5
12.125	3.89856219931271E-5	6.84873949579832	-1.36586446735395E-4
12.1	-7.05785154639175E-5	6.83473389355742	-3.72972872852234E-5
12.075	1.06291594501718E-5	6.82072829131653	-1.35332116838488E-5
12.05	-2.97003711340206E-6	6.80672268907563	-8.70777250859107E-5
12.025	9.40327766323024E-6	6.79271708683473	-1.82199560137457E-4
12	-2.44797670103093E-5	6.77871148459384	-1.58815553264605E-4
11.975	-4.94315395189003E-5	6.76470588235294	-1.14608865979381E-4
11.95	-1.17063347079038E-5	6.75070028011204	-1.00489147766323E-5
11.925	5.94189072164948E-6	6.73669467787115	-2.68271072164948E-5
11.9	-4.18669243986254E-5	6.72268907563025	-1.1937024742268E-4
11.875	1.24404666666667E-4	6.70868347338936	-1.14801360824742E-4
11.85	8.94292920962199E-6	6.69467787114846	-1.92036075601375E-5
11.825	2.11279271477663E-5	6.68067226890756	-5.07783615120275E-5
11.8	1.24386969072165E-5	6.66666666666667	-3.28988226804124E-5
11.775	7.14876151202749E-5	6.65266106442577	-3.94852625429553E-5
11.75	3.61021642611684E-5	6.63865546218487	-1.20441457044674E-4
11.725	-1.1819806185567E-4	6.62464985994398	-1.20867759450172E-4
11.7	3.86109896907216E-5	6.61064425770308	8.0188412371134E-5
11.675	-6.26541890034364E-5	6.59663865546218	-1.3421452233677E-4
11.65	8.29040068728522E-5	6.58263305322129	-1.02694432989691E-4
11.625	5.1438824742268E-5	6.56862745098039	-1.41150975945017E-4
11.6	9.64025223367698E-5	6.55462184873949	-9.613535395189E-5
11.575	5.48648728522337E-6	6.5406162464986	-5.22894907216495E-5
11.55	-1.98178639175258E-5	6.5266106442577	-2.04182E-5
11.525	-3.87891408934708E-6	6.51260504201681	-4.42328158075601E-5
11.5	6.17206391752577E-6	6.49859943977591	2.31876158075601E-5
11.475	-8.51235395189003E-6	6.48459383753501	3.27585656357388E-5
11.45	-1.11374096219931E-4	6.47058823529412	-1.80136467353952E-4
11.425	8.37860068728522E-6	6.45658263305322	5.22468536082474E-5
11.4	-1.44192226804124E-5	6.44257703081232	1.73669450171821E-5
11.375	5.5350658419244E-5	6.42857142857143	6.54024989690722E-5
11.35	-7.86835945017182E-5	6.41456582633053	-2.75350515463918E-7
11.325	8.04161305841924E-6	6.40056022408964	-9.22081786941581E-5
11.3	2.80905278350515E-5	6.38655462184874	-7.97794982817869E-5
11.275	6.4521560137457E-6	6.37254901960784	-3.11920570446735E-5
11.25	6.08973883161512E-7	6.35854341736695	-1.86868529209622E-4
11.225	8.53781580756014E-5	6.34453781512605	3.31134144329897E-5
11.2	1.80401360824742E-5	6.33053221288515	3.88348790378007E-5
11.175	-3.27934226804124E-5	6.31652661064426	2.87666542955326E-5
11.15	-1.89067085910653E-5	6.30252100840336	-6.17352508591065E-5
11.125	1.91676357388316E-5	6.28851540616247	4.04083161512027E-7
11.1	1.10444041237113E-4	6.27450980392157	-5.14435237113402E-5
11.075	5.52331642611684E-5	6.26050420168067	-2.08010989690722E-5
11.05	-1.70924920962199E-5	6.24649859943978	2.30557615120275E-5
11.025	1.34876006872852E-4	6.23249299719888	-3.52159017182131E-5
11	6.29056082474227E-6	6.21848739495798	2.83509237113402E-5
10.975	4.16150762886598E-5	6.20448179271709	1.2374793814433E-5
10.95	4.43430295532646E-5	6.19047619047619	-1.04714735395189E-4
10.925	1.17953773195876E-5	6.17647058823529	1.76830144329897E-5
10.9	-5.03584556701031E-5	6.1624649859944	-1.61463560137457E-4
10.875	-6.87878969072165E-5	6.1484593837535	4.07548089347079E-5
10.85	-2.02199457044674E-4	6.1344537815126	-8.09003573883161E-5
10.825	-7.82309553264605E-5	6.12044817927171	-6.08971072164948E-5
10.8	-1.71738054982818E-4	6.10644257703081	-2.11733030927835E-4
10.775	-9.55434364261168E-5	6.09243697478992	-1.43521532646048E-4
10.75	3.50202556701031E-5	6.07843137254902	-1.68852989690722E-4
10.725	-1.14095786941581E-4	6.06442577030812	-2.09984446735395E-4
10.7	2.4678218556701E-5	6.05042016806723	-1.42093731958763E-5
10.675	-1.50596577319588E-4	6.03641456582633	-1.64171072164948E-4
10.65	-9.60127010309278E-6	6.02240896358543	2.42943161512028E-6
10.625	5.31246206185567E-5	6.00840336134454	2.89577704467354E-5
10.6	1.48440206185567E-4	5.99439775910364	-1.67493271477663E-4
10.575	3.29654068728522E-5	5.98039215686275	3.07787058419244E-5
10.55	1.11400927835052E-5	5.96638655462185	-9.3456529209622E-5
10.525	-9.30659793814433E-5	5.95238095238095	2.18903621993127E-5
10.5	5.99836268041237E-5	5.93837535014006	-1.47063869415808E-5
10.475	-5.03549965635739E-6	5.92436974789916	-5.88673965635739E-5
10.45	-1.34676865979381E-5	5.91036414565826	8.74636907216495E-5
10.425	1.42533917525773E-5	5.89635854341737	5.53635670103093E-6
10.4	4.9568975257732E-5	5.88235294117647	-1.15331182130584E-4
10.375	7.8980089347079E-5	5.86834733893557	3.40452652920962E-5
10.35	-1.76280426116839E-5	5.85434173669468	-7.84250240549828E-5
10.325	-2.91055869415808E-5	5.84033613445378	-5.76032137457045E-5
10.3	-9.41337731958763E-6	5.82633053221289	-1.09722302405498E-4
10.275	1.28099457044674E-4	5.81232492997199	-1.70231079037801E-4
10.25	-4.06310103092784E-5	5.79831932773109	-1.39679367697595E-4
10.225	-4.53209285223368E-5	5.7843137254902	-6.11873195876289E-6
10.2	7.70187010309278E-5	5.7703081232493	-9.73429690721649E-5
10.175	-1.03409347079038E-6	5.7563025210084	4.12382879725086E-5
10.15	-9.57906804123711E-5	5.74229691876751	-8.87344054982818E-5
10.125	-3.70833450171821E-5	5.72829131652661	-8.84445567010309E-5
10.1	-5.18736054982818E-5	5.71428571428571	-6.5398695532646E-5
10.075	-4.53731443298969E-5	5.70028011204482	-1.14466920962199E-4
10.05	-8.70163298969072E-5	5.68627450980392	6.13961243986254E-5
10.025	-2.78321972508591E-6	5.67226890756303	-4.21325848797251E-5
10	-1.7115747766323E-5	5.65826330532213	-1.03719711340206E-4
9.975	4.19021051546392E-6	5.64425770308123	-5.13047745704467E-5
9.95	4.01387835051546E-5	5.63025210084034	-7.16293608247423E-5
9.925	-6.86385182130584E-6	5.61624649859944	9.73608316151203E-5
9.9	-1.92315278350515E-4	5.60224089635854	-2.06571993127148E-4
9.875	-3.9713787628866E-5	5.58823529411765	-2.13232027491409E-6
9.85	-3.17074865979381E-5	5.57422969187675	-1.79400542955326E-4
9.825	-5.89740357388316E-5	5.56022408963586	-1.13134749140893E-4
9.8	1.11138109965636E-4	5.54621848739496	-1.35143189003436E-5
9.775	2.63032501718213E-6	5.53221288515406	-1.33202474226804E-4
9.75	3.85380872852234E-6	5.51820728291317	-2.19146302405498E-4
9.725	-4.35900591065292E-5	5.50420168067227	-4.07698570446735E-5
9.7	-1.4984904467354E-4	5.49019607843137	-8.61899725085911E-5
9.675	-2.64276281786942E-5	5.47619047619048	2.28819195876289E-6
9.65	-9.69142817869416E-6	5.46218487394958	-1.47661134020619E-4
9.625	5.91753518900344E-5	5.44817927170868	-5.5976781443299E-5
9.6	-1.54829436426117E-5	5.43417366946779	-4.66718144329897E-5
9.575	1.60583333333333E-6	5.42016806722689	-1.42613580756014E-4
9.55	-1.36161745704467E-4	5.40616246498599	-4.52041422680412E-5
9.525	-2.76468556701031E-5	5.3921568627451	-8.98215051546392E-5
9.5	-3.51835072164948E-5	5.3781512605042	-8.41859518900344E-5
9.475	-2.69242845360825E-5	5.3641456582633	-1.00949711340206E-4
9.45	1.15988591065292E-5	5.35014005602241	-2.19468109965636E-4
9.425	-5.19164872852234E-5	5.33613445378151	-1.00021560137457E-4
9.4	-1.19875821305842E-4	5.32212885154062	-5.72499243986254E-5
9.375	-1.26997587628866E-5	5.30812324929972	-8.99057800687285E-5
9.35	-5.22769608247423E-5	5.29411764705882	4.08789127147766E-5
9.325	-6.03716900343643E-5	5.28011204481793	-7.58449828178694E-5
9.3	-8.21055945017182E-5	5.26610644257703	-5.93145828178694E-5
9.275	-1.05877986254296E-4	5.25210084033613	-8.49216426116838E-5
9.25	-8.0652439862543E-5	5.23809523809524	-1.85862721649485E-4
9.225	-6.28358254295533E-5	5.22408963585434	-8.46134226804124E-5
9.2	-3.46583890034364E-5	5.21008403361345	-5.01455656357388E-5
9.175	-1.02016350515464E-4	5.19607843137255	-8.03010790378007E-5
9.15	-4.16162316151203E-5	5.18207282913165	-1.08843525773196E-4
9.125	-4.3250476975945E-5	5.16806722689076	-5.80728934707904E-6
9.1	5.90197457044673E-5	5.15406162464986	-2.15496130584192E-4
9.075	1.73593793814433E-5	5.14005602240896	-1.99047518900344E-4
9.05	1.98316632302405E-5	5.12605042016807	-5.37865388316151E-5
9.025	2.7110129209622E-5	5.11204481792717	-1.12786034364261E-4
9	1.21694432989691E-4	5.09803921568627	-2.00685189003436E-4
8.975	1.17193525773196E-4	5.08403361344538	-8.73114914089347E-5
8.95	-7.90807422680412E-6	5.07002801120448	-7.21900274914089E-5
8.925	2.52002006872852E-4	5.05602240896359	2.56565209621993E-5
8.9	1.55817243986254E-4	5.04201680672269	-5.15422886597938E-5
8.875	2.28628350515464E-4	5.02801120448179	8.3620412371134E-5
8.85	2.79201676975945E-4	5.0140056022409	-1.65165422680412E-5
8.825	3.12378419243986E-4	5	2.25414542955326E-4
8.8	2.70101560137457E-4	4.9859943977591	1.67946316151203E-4
8.775	7.93937800687285E-5	4.97198879551821	1.24927580756014E-4
8.75	2.97171216494845E-4	4.95798319327731	1.40844233676976E-4
8.725	7.63596494845361E-5	4.94397759103641	1.57996625429553E-4
8.7	-1.47302701030928E-5	4.92997198879552	-1.06748089347079E-6
8.675	-3.36002570446735E-5	4.91596638655462	6.46539848797251E-5
8.65	-1.58963024054983E-4	4.90196078431373	-8.61699037800687E-6
8.625	-1.42494178694158E-4	4.88795518207283	-1.68742261168385E-4
8.6	-1.38160041237113E-4	4.87394957983193	-2.27201553264605E-4
8.575	-8.60540824742268E-5	4.85994397759104	-2.52010673539519E-4
8.55	-1.31534384879725E-4	4.84593837535014	-2.73043161512027E-4
8.525	-1.28258659793814E-4	4.83193277310924	-3.16604859106529E-4
8.5	4.08303890034364E-6	4.81792717086835	-3.10338378006873E-4
8.475	-1.43254989690722E-4	4.80392156862745	-2.89509697594502E-4
8.45	-1.0070710652921E-4	4.78991596638656	-2.06654900343643E-4
8.425	-1.06291182130584E-4	4.77591036414566	-7.3989793814433E-5
8.4	-2.42835044673539E-5	4.76190476190476	-1.39762481099656E-4
8.375	-7.81514295532646E-5	4.74789915966387	-1.18240329896907E-4
8.35	-4.91829250859107E-5	4.73389355742297	-2.47916116838488E-4
8.325	-4.13580659793814E-5	4.71988795518207	-1.74621457044674E-4
8.3	1.96537347079038E-5	4.70588235294118	-1.06308240549828E-4
8.275	-9.60719243986254E-5	4.69187675070028	-1.40388838487972E-4
8.25	-3.10360632302405E-5	4.67787114845938	-1.28951910652921E-4
8.225	-4.41026130584192E-5	4.66386554621849	-6.72941718213058E-6
8.2	4.44191546391753E-5	4.64985994397759	-1.0284987628866E-4
8.175	-5.1153239862543E-5	4.6358543417367	-6.17634652920962E-5
8.15	-1.39564804123711E-4	4.6218487394958	-5.31993883161512E-5
8.125	-9.79055807560137E-5	4.6078431372549	-1.12083422680412E-4
8.1	-1.03660790378007E-4	4.59383753501401	-1.72944776632302E-4
8.075	-3.62905821305842E-6	4.57983193277311	-3.97298405498282E-5
8.05	7.4040501718213E-6	4.56582633053221	-8.73856975945017E-5
8.025	3.25361271477663E-5	4.55182072829132	-1.43525395189003E-4
8	1.03655140893471E-4	4.53781512605042	-9.30767835051546E-5
7.975	1.23424336769759E-4	4.52380952380952	-9.10879656357388E-5
7.95	3.04643127147766E-5	4.50980392156863	-1.96855848797251E-4
7.925	8.11256013745704E-5	4.49579831932773	-8.0966E-5
7.9	4.90322453608247E-5	4.48179271708683	-1.00573745704467E-4
7.875	-2.39291525773196E-5	4.46778711484594	3.46686783505155E-5
7.85	4.00276687285223E-5	4.45378151260504	-1.03954872852234E-4
7.825	6.61521848797251E-5	4.43977591036415	-1.92931690721649E-4
7.8	-9.24277663230241E-5	4.42577030812325	3.94447553264605E-5
7.775	-2.15565793814433E-4	4.41176470588235	-1.35503195876289E-4
7.75	-1.75210034364261E-5	4.39775910364146	-6.40497725085911E-5
7.725	-5.85291360824742E-5	4.38375350140056	-1.18855457044674E-4
7.7	2.05104948453608E-6	4.36974789915966	-2.28988975945017E-4
7.675	6.46621663230241E-5	4.35574229691877	-2.9763864604811E-4
7.65	-2.21263161512027E-6	4.34173669467787	-1.53086934707904E-4
7.625	-7.7162941580756E-6	4.32773109243697	-1.48519422680412E-4
7.6	-1.10311367697594E-4	4.31372549019608	-9.9839883161512E-5
7.575	-1.10892556701031E-5	4.29971988795518	-6.72517560137457E-5
7.55	2.24407567010309E-5	4.28571428571429	-1.38283553264605E-4
7.525	-6.39948639175258E-5	4.27170868347339	-2.05755903780069E-4
7.5	-2.45067725085911E-5	4.25770308123249	-1.8110729209622E-4
7.475	-1.50826034364261E-5	4.2436974789916	-1.81621567010309E-4
7.45	3.37855587628866E-5	4.2296918767507	-2.1329941580756E-4
7.425	4.94832701030928E-5	4.2156862745098	-2.49877608247423E-4
7.4	1.89871642611684E-5	4.20168067226891	-6.27623298969072E-5
7.375	3.09254268041237E-5	4.18767507002801	-3.37242240549828E-4
7.35	5.35028673539519E-6	4.17366946778712	2.42242412371134E-5
7.325	-5.44056109965636E-5	4.15966386554622	-1.51980068728522E-4
7.3	-1.99999931271478E-5	4.14565826330532	-2.04599773195876E-5
7.275	-7.82266804123711E-5	4.13165266106443	-1.98095896907216E-4
7.25	-3.57812041237113E-5	4.11764705882353	-2.1503147766323E-4
7.225	-2.06395065292096E-5	4.10364145658263	-9.80694639175258E-5
7.2	2.68128446735395E-5	4.08963585434174	-1.25012604810997E-4
7.175	-7.74049072164948E-5	4.07563025210084	-1.34379800687285E-4
7.15	-8.7707883161512E-5	4.06162464985994	-1.522095395189E-4
7.125	-3.82864591065292E-5	4.04761904761905	-1.60767113402062E-4
7.1	6.79926982817869E-5	4.03361344537815	-1.13347367697594E-4
7.075	-9.13893195876289E-5	4.01960784313725	-2.16875388316151E-4
7.05	-1.32855862542955E-4	4.00560224089636	-1.67138804123711E-4
7.025	1.14837037800687E-4	3.99159663865546	-1.75870261168385E-4
7	-8.0962852233677E-5	3.97759103641457	-2.01843642611684E-4
6.975	6.32434494845361E-5	3.96358543417367	-1.84954481099656E-4
6.95	-6.52395903780069E-5	3.94957983193277	-2.01261883161512E-4
6.925	-2.52650474226804E-4	3.93557422969188	-1.83314989690722E-4
6.9	-7.90689072164948E-5	3.92156862745098	-2.44876680412371E-4
6.875	-1.21248171821306E-4	3.90756302521008	-2.69861745704467E-4
6.85	7.59897457044674E-5	3.89355742296919	-1.4923375257732E-4
6.825	-8.30017388316151E-6	3.87955182072829	-1.78696481099656E-4
6.8	-2.27066384879725E-4	3.8655462184874	-2.13034810996564E-4
6.775	-3.8382412371134E-5	3.8515406162465	-1.37598570446735E-4
6.75	-9.73465567010309E-5	3.8375350140056	-3.63688103092784E-4
6.725	-1.47267408934708E-4	3.82352941176471	-2.13147395189003E-4
6.7	-9.0174501718213E-5	3.80952380952381	-1.82786756013746E-4
6.675	2.74318027491409E-5	3.79551820728291	-8.33250859106529E-5
6.65	-1.44794192439863E-5	3.78151260504202	-1.71873037800687E-4
6.625	6.46767127147766E-5	3.76750700280112	-3.91962453608247E-5
6.6	1.14178542955326E-4	3.75350140056022	5.66860432989691E-5
6.575	7.16473951890034E-5	3.73949579831933	-1.23177374570447E-4
6.55	1.05011085910653E-4	3.72549019607843	4.45763951890034E-5
6.525	2.41679017182131E-5	3.71148459383753	-2.64533450171821E-5
6.5	7.116664604811E-5	3.69747899159664	-1.58821910652921E-4
6.475	-4.39212116838488E-5	3.68347338935574	-1.12558865979381E-4
6.45	-3.05781381443299E-5	3.66946778711485	-1.29874515463918E-4
6.425	-1.31486618556701E-4	3.65546218487395	-2.3464239862543E-4
6.4	-6.00205154639175E-5	3.64145658263305	-3.03546364261168E-4
6.375	-9.98685085910653E-5	3.62745098039216	-2.38443457044674E-4
6.35	-1.62929567010309E-4	3.61344537815126	-2.17365979381443E-4
6.325	-1.80554872852234E-4	3.59943977591036	-1.69427979381443E-5
6.3	-1.37032426116839E-4	3.58543417366947	-1.87248824742268E-4
6.275	-1.55457738831615E-4	3.57142857142857	-6.45761587628866E-5
6.25	4.58922171821306E-5	3.55742296918767	-2.12666378006873E-4
6.225	-1.76306934707904E-5	3.54341736694678	-1.79705738831615E-4
6.2	5.47412487972509E-5	3.52941176470588	-1.1139458419244E-4
6.175	-1.66683374570447E-4	3.51540616246499	-2.30643567010309E-4
6.15	6.67992151202749E-5	3.50140056022409	-3.01248481099656E-5
6.125	-3.88322865979381E-5	3.48739495798319	-1.38389635738832E-4
6.1	-1.08431656357388E-5	3.4733893557423	-5.76729862542955E-5
6.075	3.49074680412371E-5	3.4593837535014	-1.40581759450172E-4
6.05	-1.20727470790378E-4	3.4453781512605	-3.03760639175258E-4
6.025	-7.74531202749141E-5	3.43137254901961	-2.76952577319588E-4
6	-3.43822144329897E-5	3.41736694677871	-2.16508089347079E-4
5.975	-2.89814109965636E-5	3.40336134453782	-1.50963945017182E-4
5.95	-5.62596467353952E-6	3.38935574229692	-3.34768941580756E-4
5.925	-1.54473278350515E-4	3.37535014005602	-1.41461910652921E-4
5.9	-4.99844941580756E-5	3.36134453781513	-2.81961065292096E-4
5.875	-5.02008735395189E-5	3.34733893557423	-6.13598756013746E-5
5.85	-6.64055663230241E-5	3.33333333333333	-2.58988927835052E-4
5.825	-9.47692577319588E-6	3.31932773109244	-1.23729319587629E-4
5.8	8.50998281786942E-5	3.30532212885154	-1.95575553264605E-4
5.775	-2.33072563573883E-4	3.29131652661064	-2.48677450171821E-4
5.75	-3.20841347079038E-5	3.27731092436975	-1.88568357388316E-4
5.725	-2.93706144329897E-5	3.26330532212885	-2.41051017182131E-4
5.7	4.66549333333333E-5	3.24929971988795	-1.74247766323024E-4
5.675	1.44708563573883E-5	3.23529411764706	-2.47076817869416E-4
5.65	-1.06698783505155E-4	3.22128851540616	-1.83331986254296E-4
5.625	-1.12352962199313E-4	3.20728291316527	-1.09833202749141E-4
5.6	-1.2498239862543E-4	3.19327731092437	-1.87122735395189E-4
5.575	-1.13675759450172E-4	3.17927170868347	-2.77730481099656E-4
5.55	-1.86923745704467E-4	3.16526610644258	-2.21916233676976E-4
5.525	-9.09146941580756E-5	3.15126050420168	-1.11216762886598E-4
5.5	-4.06925841924399E-5	3.13725490196078	-1.90179835051546E-4
5.475	-6.25969347079038E-5	3.12324929971989	-1.61957340206186E-4
5.45	-9.60188109965636E-5	3.10924369747899	-3.46827628865979E-4
5.425	-2.17205635738832E-4	3.0952380952381	-1.62027127147766E-4
5.4	-9.75354158075601E-5	3.0812324929972	-1.71721463917526E-4
5.375	-8.13249896907217E-5	3.0672268907563	-2.07784879725086E-4
5.35	3.16600089347079E-5	3.05322128851541	-1.8785310652921E-4
5.325	4.68683759450172E-5	3.03921568627451	-1.84623051546392E-4
5.3	-4.03754948453608E-5	3.02521008403361	-2.58602618556701E-4
5.275	-8.2809058419244E-5	3.01120448179272	-2.20390432989691E-4
5.25	-6.29484577319588E-5	2.99719887955182	-2.52057972508591E-4
5.225	-6.50328762886598E-5	2.98319327731092	-3.78802487972509E-4
5.2	-1.67880838487972E-5	2.96918767507003	-2.72116762886598E-4
5.175	-9.85831546391752E-5	2.95518207282913	-2.4862141580756E-4
5.15	-5.84572652920962E-5	2.94117647058824	-2.19223663230241E-4
5.125	-7.66207216494845E-5	2.92717086834734	-8.85214432989691E-5
5.1	1.79800810996564E-5	2.91316526610644	-3.04177986254296E-4
5.075	-9.97215189003436E-5	2.89915966386555	-2.4426270790378E-4
5.05	1.61122756013746E-5	2.88515406162465	-1.09182481099656E-4
5.025	-6.06999773195876E-5	2.87114845938375	-1.70588158075601E-4
5	6.38536178694158E-6	2.85714285714286	-2.62791780068729E-4
4.975	-6.57767216494845E-5	2.84313725490196	-1.60912927835052E-4
4.95	-1.35627457044674E-4	2.82913165266106	-9.69729072164948E-5
4.925	-2.03263140893471E-5	2.81512605042017	-1.54540103092783E-4
4.9	2.40576268041237E-6	2.80112044817927	-2.44066749140893E-4
4.875	-1.18325388316151E-4	2.78711484593838	-2.3439889347079E-4
4.85	-1.6407304467354E-4	2.77310924369748	-1.16459560137457E-4
4.825	-6.47615841924399E-5	2.75910364145658	-1.97507855670103E-4
4.8	-2.74399271477663E-4	2.74509803921569	-1.71498419243986E-4
4.775	-1.68566158075601E-4	2.73109243697479	-2.90398261168385E-4
4.75	-2.59919993127148E-4	2.71708683473389	-4.12401195876289E-4
4.725	-2.12029161512027E-4	2.703081232493	-4.94511347079038E-4
4.7	-2.69633855670103E-4	2.6890756302521	-4.37454487972509E-4
4.675	-3.69761573883162E-4	2.6750700280112	-4.23682852233677E-4
4.65	-3.64426742268041E-4	2.66106442577031	-3.68942137457045E-4
4.625	-4.63542776632302E-4	2.64705882352941	-6.38158817869416E-4
4.6	-3.05407264604811E-4	2.63305322128852	-6.57161745704467E-4
4.575	-2.62148041237113E-4	2.61904761904762	-5.94851972508591E-4
4.55	-2.20336934707904E-4	2.60504201680672	-4.69305079037801E-4
4.525	-1.98394536082474E-4	2.59103641456583	-3.81098391752577E-4
4.5	-1.427964604811E-5	2.57703081232493	-3.15201670103093E-4
4.475	7.5318412371134E-5	2.56302521008403	-3.96777113402062E-4
4.45	-1.18615429553265E-5	2.54901960784314	-2.84006852233677E-4
4.425	3.16588487972509E-5	2.53501400560224	-1.48122501718213E-4
4.4	1.00710515463918E-4	2.52100840336134	-1.6606083161512E-4
4.375	4.0252212371134E-5	2.50700280112045	-1.07905003436426E-4
4.35	-6.10177773195876E-5	2.49299719887955	-2.00399347079038E-4
4.325	1.12746604810997E-4	2.47899159663866	-1.35737676975945E-4
4.3	-5.09192591065292E-5	2.46498599439776	-1.79110371134021E-4
4.275	-3.63212027491409E-5	2.45098039215686	-2.67020515463918E-4
4.25	3.90227958762887E-6	2.43697478991597	-1.76569841924399E-4
4.225	-8.41505223367698E-5	2.42296918767507	-7.28263848797251E-5
4.2	-8.91868316151203E-5	2.40896358543417	-3.21162652920962E-4
4.175	-1.76178467353952E-4	2.39495798319328	-3.29525037800687E-4
4.15	-1.93627835051546E-4	2.38095238095238	-2.8818089347079E-4
4.125	-1.17247656357388E-4	2.36694677871148	-3.9769723024055E-4
4.1	-1.35853030927835E-4	2.35294117647059	-3.13137278350516E-4
4.075	-2.51325766323024E-4	2.33893557422969	-2.56607567010309E-4
4.05	-1.92875470790378E-4	2.3249299719888	-2.23391257731959E-4
4.025	-3.75915085910653E-5	2.3109243697479	-2.86579759450172E-4
4	-3.67377828178694E-5	2.296918767507	-2.55225305841924E-4
3.975	-1.33721175257732E-4	2.28291316526611	-4.41960199312715E-4
3.95	-1.76083257731959E-4	2.26890756302521	-2.92236673539519E-4
3.925	-1.570075395189E-4	2.25490196078431	-1.70191498281787E-4
3.9	-1.14819786941581E-4	2.24089635854342	-3.97632226804124E-4
3.875	-1.89476027491409E-4	2.22689075630252	-2.96738254295533E-4
3.85	-1.6344910652921E-4	2.21288515406162	-4.20446343642612E-4
3.825	-2.28225621993127E-4	2.19887955182073	-2.58685704467354E-4
3.8	-2.54679120274914E-4	2.18487394957983	-3.98367676975945E-4
3.775	-1.70892054982818E-4	2.17086834733894	-3.50411161512028E-4
3.75	-2.37712556701031E-4	2.15686274509804	-4.46718563573883E-4
3.725	-3.13709010309278E-4	2.14285714285714	-4.56423903780069E-4
3.7	-1.99053910652921E-4	2.12885154061625	-4.59361546391753E-4
3.675	-1.60334199312715E-4	2.11484593837535	-4.73275821305842E-4
3.65	-2.94460536082474E-4	2.10084033613445	-3.61214838487973E-4
3.625	-3.65368329896907E-4	2.08683473389356	-5.05549731958763E-4
3.6	-2.77756529209622E-4	2.07282913165266	-4.19299058419244E-4
3.575	-1.89600391752577E-4	2.05882352941176	-5.00152164948454E-4
3.55	-3.07538426116838E-4	2.04481792717087	-4.40258192439863E-4
3.525	-2.59650336769759E-4	2.03081232492997	-5.61452872852234E-4
3.5	-2.14790419243986E-4	2.01680672268908	-5.09035189003436E-4
3.475	-1.50007491408935E-4	2.00280112044818	-4.70539841924399E-4
3.45	-3.97331079037801E-4	1.98879551820728	-4.08218378006873E-4
3.425	-3.12926151202749E-4	1.97478991596639	-5.19429560137457E-4
3.4	-2.9823187628866E-4	1.96078431372549	-4.20410501718213E-4
3.375	-2.52290865979381E-4	1.94677871148459	-5.70908969072165E-4
3.35	-1.59768412371134E-4	1.9327731092437	-5.25085786941581E-4
3.325	-2.54957986254296E-4	1.9187675070028	-3.86801436426117E-4
3.3	-2.74827285223368E-4	1.9047619047619	-5.62363821305842E-4
3.275	-4.0518387628866E-4	1.89075630252101	-5.27446481099656E-4
3.25	-2.06865546391753E-4	1.87675070028011	-5.02254226804124E-4
3.225	-3.41343079037801E-4	1.86274509803922	-6.4524135395189E-4
3.2	-3.25943656357388E-4	1.84873949579832	-5.53281402061856E-4
3.175	-3.01612268041237E-4	1.83473389355742	-6.34135896907217E-4
3.15	-2.05326233676976E-4	1.82072829131653	-5.96190357388316E-4
3.125	-3.54895189003436E-4	1.80672268907563	-5.93484013745704E-4
3.1	-3.84204350515464E-4	1.79271708683473	-5.8525876975945E-4
3.075	-4.24333443298969E-4	1.77871148459384	-5.87829422680412E-4
3.05	-2.67973883161512E-4	1.76470588235294	-6.07995223367698E-4
3.025	-4.10839051546392E-4	1.75070028011204	-4.37123931271478E-4
3	-4.11050618556701E-4	1.73669467787115	-6.39558501718213E-4
2.975	-3.7975360137457E-4	1.72268907563025	-5.48850075601375E-4
2.95	-3.9835760137457E-4	1.70868347338936	-5.5881658419244E-4
2.925	-3.22073635738832E-4	1.69467787114846	-6.24327422680412E-4
2.9	-4.37263903780069E-4	1.68067226890756	-6.0414341580756E-4
2.875	-4.2044935395189E-4	1.66666666666667	-6.19393085910653E-4
2.85	-3.89594254295533E-4	1.65266106442577	-5.61981587628866E-4
2.825	-4.81309594501718E-4	1.63865546218487	-6.58103436426117E-4
2.8	-4.96160329896907E-4	1.62464985994398	-6.17736597938144E-4
2.775	-2.59471560137457E-4	1.61064425770308	-6.92070103092783E-4
2.75	-3.0556560137457E-4	1.59663865546218	-7.10899862542955E-4
2.725	-5.06723553264605E-4	1.58263305322129	-6.18308989690722E-4
2.7	-3.76160549828179E-4	1.56862745098039	-7.08988178694158E-4
2.675	-3.55846343642612E-4	1.5546218487395	-6.0425916838488E-4
2.65	-4.01145890034364E-4	1.5406162464986	-7.71525360824742E-4
2.625	-3.57714845360825E-4	1.5266106442577	-6.29032735395189E-4
2.6	-5.56903725085911E-4	1.51260504201681	-7.59446666666667E-4
2.575	-5.25428006872852E-4	1.49859943977591	-6.63999429553265E-4
2.55	-5.24221024054983E-4	1.48459383753501	-7.99851890034364E-4
2.525	-5.96464206185567E-4	1.47058823529412	-8.22505635738832E-4
2.5	-5.42144487972508E-4	1.45658263305322	-9.44512714776632E-4
2.475	-7.434935395189E-4	1.44257703081233	-9.52089553264605E-4
2.45	-6.342755395189E-4	1.42857142857143	-7.60866323024055E-4
2.425	-6.83125580756014E-4	1.41456582633053	-9.98560687285223E-4
2.4	-6.76097972508591E-4	1.40056022408964	-9.28646116838488E-4
2.375	-7.13566597938144E-4	1.38655462184874	-0.00103449848797251
2.35	-6.94935532646048E-4	1.37254901960784	-8.8826089347079E-4
2.325	-6.61049505154639E-4	1.35854341736695	-0.00100475457044674
2.3	-6.23788907216495E-4	1.34453781512605	-9.86054432989691E-4
2.275	-5.82307697594502E-4	1.33053221288515	-9.54286872852234E-4
2.25	-7.17414845360825E-4	1.31652661064426	-9.63972989690722E-4
2.225	-6.35495099656357E-4	1.30252100840336	-9.92630927835051E-4
2.2	-6.8276781443299E-4	1.28851540616246	-0.00104367161512027
2.175	-6.85026137457045E-4	1.27450980392157	-8.71722680412371E-4
2.15	-6.82922226804124E-4	1.26050420168067	-9.59181993127148E-4
2.125	-7.2813175257732E-4	1.24649859943978	-0.0010109381443299
2.1	-6.96834020618557E-4	1.23249299719888	-9.185335395189E-4
2.075	-7.38644948453608E-4	1.21848739495798	-9.51104192439863E-4
2.05	-7.16732783505155E-4	1.20448179271709	-0.00104445828178694
2.025	-8.71285223367698E-4	1.19047619047619	-0.0010239993814433
2	-8.39281649484536E-4	1.17647058823529	-0.00111923120274914
1.975	-8.22985360824742E-4	1.1624649859944	-0.00113100048109966
1.95	-9.80135051546392E-4	1.1484593837535	-0.00112107759450172
1.925	-8.44040068728522E-4	1.13445378151261	-0.00117917676975945
1.9	-8.06231683848797E-4	1.12044817927171	-0.00119531512027491
1.875	-9.34544329896907E-4	1.10644257703081	-0.00127348639175258
1.85	-0.00103643560137457	1.09243697478992	-0.00130159381443299
1.825	-8.84902886597938E-4	1.07843137254902	-0.00115866068728522
1.8	-9.58855257731959E-4	1.06442577030812	-0.00140304982817869
1.775	-0.00112511360824742	1.05042016806723	-0.00133153388316151
1.75	-0.00103427567010309	1.03641456582633	-0.00134642756013746
1.725	-0.00119239450171821	1.02240896358543	-0.00112573147766323
1.7	-0.00110102872852234	1.00840336134454	-0.00138209525773196
1.675	-0.00109133237113402	0.994397759103641	-0.00132066865979381
1.65	-0.00120527663230241	0.980392156862745	-0.00152970872852234
1.625	-0.00113962563573883	0.966386554621849	-0.00151211092783505
1.6	-0.00122374577319588	0.952380952380952	-0.00147112900343643
1.575	-0.00129467484536082	0.938375350140056	-0.00145503367697595
1.55	-0.00146672494845361	0.92436974789916	-0.00166184756013746
1.525	-0.00142953161512027	0.910364145658263	-0.0016665735395189
1.5	-0.00144931092783505	0.896358543417367	-0.0017426129209622
1.475	-0.00142783381443299	0.882352941176471	-0.00155315257731959
1.45	-0.00165540412371134	0.868347338935574	-0.00172462563573883
1.425	-0.00156600199312715	0.854341736694678	-0.00183726982817869
1.4	-0.00159477986254296	0.840336134453781	-0.00188671051546392
1.375	-0.00166061003436426	0.826330532212885	-0.00183455951890034
1.35	-0.00176749436426117	0.812324929971989	-0.0019474593814433
1.325	-0.00187430735395189	0.798319327731092	-0.00200644515463918
1.3	-0.00192013676975945	0.784313725490196	-0.00200865766323024
1.275	-0.00194696	0.7703081232493	-0.00229545924398625
1.25	-0.00209634343642612	0.756302521008403	-0.0022722381443299
1.225	-0.00208174199312715	0.742296918767507	-0.00230899910652921
1.2	-0.00210267718213058	0.728291316526611	-0.00231013951890034
1.175	-0.00233185917525773	0.714285714285714	-0.00231878371134021
1.15	-0.00245221161512028	0.700280112044818	-0.00255014948453608
1.125	-0.00232836419243986	0.686274509803922	-0.00253380192439863
1.1	-0.00244561828178694	0.672268907563025	-0.00250396776632302
1.075	-0.00261899759450172	0.658263305322129	-0.00275844969072165
1.05	-0.00280087312714777	0.644257703081232	-0.00290064302405498
1.025	-0.00286420075601375	0.630252100840336	-0.00288096350515464
1	-0.00307099443298969	0.61624649859944	-0.00296317745704467
0.975	-0.00320153395189003	0.602240896358543	-0.00307233979381443
0.95	-0.00338913718213058	0.588235294117647	-0.00340814824742268
0.925	-0.00339586426116839	0.574229691876751	-0.0033921381443299
0.9	-0.00382260158075601	0.560224089635854	-0.0035628076975945
0.875	-0.00389280701030928	0.546218487394958	-0.00379712199312715
0.85	-0.00422161099656357	0.532212885154062	-0.00403519024054983
0.825	-0.00429717030927835	0.518207282913165	-0.00418129759450172
0.8	-0.00455206570446735	0.504201680672269	-0.00432071635738832
0.775	-0.00484026632302405	0.490196078431373	-0.00447308632302405
0.75	-0.00495152941580756	0.476190476190476	-0.00476327347079038
0.725	-0.00518866192439863	0.46218487394958	-0.00492491965635739
0.7	-0.00524432027491409	0.448179271708683	-0.0050763858419244
0.675	-0.00525123147766323	0.434173669467787	-0.00517529395189003
0.65	-0.00538606639175258	0.420168067226891	-0.00545074013745704
0.625	-0.00554035979381443	0.406162464985994	-0.00542653690721649
0.6	-0.00542764625429553	0.392156862745098	-0.00584188144329897
0.575	-0.00530405505154639	0.378151260504202	-0.00571421491408935
0.55	-0.00512662268041237	0.364145658263305	-0.00590684536082474
0.525	-0.00489127134020619	0.350140056022409	-0.00564008680412371
0.5	-0.00461403402061856	0.336134453781513	-0.00576093436426117
0.475	-0.00420845113402062	0.322128851540616	-0.00559755037800687
0.45	-0.00359360975945017	0.30812324929972	-0.00522592859106529
0.425	-0.00284058357388316	0.294117647058824	-0.00487731780068728
0.4	-0.00198472295532646	0.280112044817927	-0.00444900109965636
0.375	-0.00111859573883162	0.266106442577031	-0.00374573051546392
0.35	-4.49746096219931E-4	0.252100840336134	-0.00284373759450172
0.325	3.47196969072165E-4	0.238095238095238	-0.00224340233676976
0.3	9.87303642611684E-4	0.224089635854342	-0.0013700781443299
0.275	0.00126924604810997	0.210084033613445	-7.19205498281787E-4
0.25	0.00153988329896907	0.196078431372549	4.56658288659794E-5
0.225	0.00164089786941581	0.182072829131653	5.73688323024055E-4
0.2	0.00196765388316151	0.168067226890756	8.8178089347079E-4
0.175	0.00225015237113402	0.15406162464986	0.00111495670103093
0.15	0.00243677450171821	0.140056022408964	0.00149364309278351
0.125	0.00252983910652921	0.126050420168067	0.00164210680412371
0.1	0.00271030254295533	0.112044817927171	0.00185218838487973
0.075	0.00285167450171821	0.0980392156862745	0.00202207072164948
0.05	0.0029603523024055	0.0840336134453782	0.00222704577319588
0.025	0.00304466845360825	0.0700280112044818	0.00219376927835052
0	0.00317765766323024	0.0560224089635854	0.00213040075601375
-0.025	0.00317688872852234	0.0420168067226891	0.0024502747766323
-0.05	0.00311151759450172	0.0280112044817927	0.00238270549828179
-0.075	0.00307192604810997	0.0140056022408964	0.00241817546391753
-0.1	0.0028172147766323	0	0.00246674089347079
-0.125	0.00283725484536082	-0.0140056022408964	0.00236713587628866
-0.15	0.00248817381443299	-0.0280112044817927	0.0021954058419244
-0.175	0.00225310316151203	-0.0420168067226891	0.00217569567010309
-0.2	0.00193786474226804	-0.0560224089635854	0.00200234426116838
-0.225	0.00167643594501718	-0.0700280112044818	0.00192719628865979
-0.25	0.00135896054982818	-0.0840336134453782	0.00174271161512027
-0.275	0.00117111319587629	-0.0980392156862745	0.00138334233676976
-0.3	0.00101656350515464	-0.112044817927171	0.00116607408934708
-0.325	8.06998625429553E-4	-0.126050420168067	0.00100389594501718
-0.35	5.33526604810997E-4	-0.140056022408964	8.84104673539519E-4
-0.375	4.55930838487972E-4	-0.15406162464986	6.32391786941581E-4
-0.4	4.06605189003436E-4	-0.168067226890756	4.8145895532646E-4
-0.425	3.73458219931271E-4	-0.182072829131653	4.37911690721649E-4
-0.45	1.3882123024055E-4	-0.196078431372549	2.30468206185567E-4
-0.475	2.35381484536082E-4	-0.210084033613445	1.82639841924399E-4
-0.5	2.19343793814433E-4	-0.224089635854342	2.73346872852234E-4
-0.525	1.05233945017182E-4	-0.238095238095238	1.36881395189003E-4
-0.55	1.18843690721649E-4	-0.252100840336134	2.66779491408935E-4
-0.575	1.05680920962199E-4	-0.266106442577031	6.09442556701031E-5
-0.6	1.50907147766323E-4	-0.280112044817927	-1.07232817869416E-5
-0.625	6.68557278350515E-5	-0.294117647058824	2.93761903780069E-5
-0.65	-6.86795518900343E-5	-0.30812324929972	3.77863127147766E-5
-0.675	3.87700494845361E-5	-0.322128851540616	7.807135395189E-5
-0.7	1.3825883161512E-4	-0.336134453781513	1.30904096219931E-5
-0.725	-5.01410542955326E-5	-0.350140056022409	-8.86029072164948E-6
-0.75	2.06130137457045E-5	-0.364145658263305	7.78467422680412E-5
-0.775	1.01807635738832E-4	-0.378151260504202	3.67956962199313E-5
-0.8	2.82056865979381E-5	-0.392156862745098	1.05460116838488E-4
-0.825	-2.16271848797251E-5	-0.406162464985994	7.60235051546392E-5
-0.85	-5.68754872852234E-6	-0.420168067226891	7.92916288659794E-6
-0.875	-1.89361841924399E-6	-0.434173669467787	-6.15053883161512E-5
-0.9	-7.1833704467354E-5	-0.448179271708683	-7.79103848797251E-5
-0.925	-5.25737951890034E-5	-0.46218487394958	-6.21297443298969E-6
-0.95	-8.14589003436426E-5	-0.476190476190476	-8.5457147766323E-5
-0.975	-2.95446941580756E-5	-0.490196078431373	-3.02841340206186E-5
-1	-5.7958323024055E-5	-0.504201680672269	7.26696357388316E-5
-1.025	3.83978075601375E-5	-0.518207282913165	-1.6886276975945E-6
-1.05	6.30900164948454E-5	-0.532212885154062	-5.66503271477663E-5
-1.075	3.87746742268041E-5	-0.546218487394958	6.12887010309278E-6
-1.1	7.09638006872852E-5	-0.560224089635854	-1.09553786941581E-4
-1.125	2.32340164948454E-5	-0.574229691876751	4.19504927835052E-5
-1.15	-1.33809862542955E-5	-0.588235294117647	1.99097580756014E-5
-1.175	1.01636996563574E-4	-0.602240896358543	4.25136969072165E-5
-1.2	-2.16755986254296E-5	-0.61624649859944	4.5911747766323E-6
-1.225	-6.65153436426117E-5	-0.630252100840336	4.10397862542955E-5
-1.25	5.73425972508591E-6	-0.644257703081232	-2.0095104467354E-5
-1.275	-8.84706941580756E-6	-0.658263305322129	-7.15805154639175E-5
-1.3	-8.10943711340206E-5	-0.672268907563025	-2.55985690721649E-5
-1.325	-3.45382432989691E-5	-0.686274509803922	-7.4145147766323E-5
-1.35	1.28199498281787E-5	-0.700280112044818	9.04890378006873E-5
-1.375	-7.12053608247423E-5	-0.714285714285714	-2.17008426116838E-5
-1.4	-5.21516364261168E-5	-0.728291316526611	-8.9092089347079E-5
-1.425	1.33040920962199E-4	-0.742296918767507	-5.44427917525773E-5
-1.45	-2.21390309278351E-5	-0.756302521008403	-3.68464137457045E-5
-1.475	2.71847979381443E-5	-0.7703081232493	-7.75160137457045E-5
-1.5	4.6426839862543E-5	-0.784313725490196	-1.09470838487973E-4
-1.525	-2.2526993814433E-5	-0.798319327731092	6.18643711340206E-5
-1.55	-9.46986941580756E-5	-0.812324929971989	9.7404735395189E-6
-1.575	-5.15233243986254E-5	-0.826330532212885	1.74433807560137E-5
-1.6	9.0547587628866E-5	-0.840336134453781	-4.3070206185567E-5
-1.625	3.1954575257732E-5	-0.854341736694678	1.2968012371134E-4
-1.65	-7.57360343642612E-5	-0.868347338935574	-1.3131593814433E-4
-1.675	9.58785223367698E-5	-0.882352941176471	-3.5876258419244E-5
-1.7	6.52277793814433E-5	-0.896358543417367	-9.36180274914089E-5
-1.725	-5.85356797250859E-5	-0.910364145658263	-1.46044652920962E-5
-1.75	-3.75939821305842E-5	-0.92436974789916	-7.40369484536082E-5
-1.775	-5.63938625429553E-5	-0.938375350140056	4.48893250859106E-5
-1.8	-1.08822611683849E-4	-0.952380952380952	3.92733298969072E-5
-1.825	1.29090804123711E-6	-0.966386554621849	-1.33077367697594E-4
-1.85	2.08855271477663E-5	-0.980392156862745	-1.56621532646048E-6
-1.875	3.89949195876289E-5	-0.994397759103641	-6.50268817869416E-5
-1.9	-7.29087079037801E-6	-1.00840336134454	-7.17157250859107E-5
-1.925	9.69756288659794E-6	-1.02240896358543	-1.18459553264605E-4
-1.95	-7.87937319587629E-5	-1.03641456582633	-1.05232934707904E-4
-1.975	-4.6440347766323E-5	-1.05042016806723	-4.7732089347079E-5
-2	3.88697333333333E-5	-1.06442577030812	-1.96704171821306E-5
-2.025	1.07933773195876E-4	-1.07843137254902	-8.57077182130584E-5
-2.05	-3.40564920962199E-5	-1.09243697478992	-7.15072164948454E-5
-2.075	5.57230089347079E-5	-1.10644257703081	-5.05926219931271E-5
-2.1	1.5611095532646E-5	-1.12044817927171	1.7963206185567E-5
-2.125	7.6890941580756E-5	-1.13445378151261	-8.29785567010309E-5
-2.15	4.36321965635739E-6	-1.1484593837535	4.53064790378007E-5
-2.175	-8.39514364261168E-5	-1.1624649859944	-6.17823676975945E-5
-2.2	-8.55094020618557E-5	-1.17647058823529	-1.19694577319588E-4
-2.225	3.65711340206186E-5	-1.19047619047619	-5.78191621993127E-5
-2.25	-5.425555395189E-5	-1.20448179271709	3.94081422680412E-5
-2.275	6.88029828178694E-5	-1.21848739495798	3.63407560137457E-6
-2.3	1.28901182130584E-6	-1.23249299719888	-2.42384281786942E-6
-2.325	-1.30060701030928E-4	-1.24649859943978	9.48969347079038E-5
-2.35	-5.27128171821306E-5	-1.26050420168067	1.59077457044674E-5
-2.375	4.67869567010309E-5	-1.27450980392157	-3.70137408934708E-6
-2.4	-1.32592302405498E-4	-1.28851540616246	2.60324611683849E-5
-2.425	8.34772302405498E-5	-1.30252100840336	2.30512852233677E-6
-2.45	1.37405738831615E-5	-1.31652661064426	-3.7951412371134E-5
-2.475	-7.38576907216495E-6	-1.33053221288515	-6.45179209621993E-5
-2.5	8.52411546391753E-5	-1.34453781512605	-1.48155216494845E-4
-2.525	-1.31536048109966E-4	-1.35854341736695	-7.95856426116838E-5
-2.55	-8.87822611683849E-7	-1.37254901960784	-8.77748316151203E-5
-2.575	-3.0677741580756E-6	-1.38655462184874	1.67761841924399E-5
-2.6	-9.15645635738832E-5	-1.40056022408964	1.08210364261168E-4
-2.625	1.17186756013746E-4	-1.41456582633053	1.02867223367698E-4
-2.65	1.12600611683849E-4	-1.42857142857143	1.64201058419244E-4
-2.675	-1.28186213058419E-4	-1.44257703081233	-1.15887099656357E-4
-2.7	-1.49928357388316E-4	-1.45658263305322	-5.46390859106529E-7
-2.725	3.6697876975945E-5	-1.47058823529412	-1.6950012371134E-5
-2.75	3.89811560137457E-5	-1.48459383753501	-5.02361092783505E-5
-2.775	-1.28270274914089E-4	-1.49859943977591	1.01015250859107E-4
-2.8	-5.73333855670103E-5	-1.51260504201681	5.69910652920962E-8
-2.825	1.42590439862543E-4	-1.5266106442577	-2.46455993127148E-5
-2.85	-1.46409436426117E-4	-1.5406162464986	-4.89124515463917E-5
-2.875	3.33912817869416E-6	-1.5546218487395	-9.96830790378007E-5
-2.9	-2.01590350515464E-5	-1.56862745098039	-1.12883264604811E-4
-2.925	-3.94656013745705E-7	-1.58263305322129	-9.17068178694158E-5
-2.95	-1.81010673539519E-5	-1.59663865546218	-1.97509924398625E-5
-2.975	8.45712302405498E-6	-1.61064425770308	-2.15580728522337E-4
-3	-2.63111450171821E-5	-1.62464985994398	-5.33761697594502E-6
-3.025	3.11371738831615E-6	-1.63865546218487	-1.65022336769759E-4
-3.05	-1.86944130584192E-5	-1.65266106442577	-8.91256151202749E-5
-3.075	-5.55197264604811E-5	-1.66666666666667	-1.75525113402062E-4
-3.1	-6.36000226804124E-5	-1.68067226890756	-3.79397319587629E-5
-3.125	-7.38892508591065E-5	-1.69467787114846	-1.26742666666667E-4
-3.15	4.30950597938144E-5	-1.70868347338936	2.8412476975945E-5
-3.175	2.16291965635739E-5	-1.72268907563025	-1.74530006872852E-5
-3.2	8.40746735395189E-5	-1.73669467787115	-9.9917793814433E-5
-3.225	4.36974735395189E-5	-1.75070028011204	-1.25603883161512E-4
-3.25	1.11147079037801E-4	-1.76470588235294	-1.26666144329897E-5
-3.275	-1.81294591065292E-6	-1.77871148459384	-3.45717890034364E-6
-3.3	4.7965864604811E-5	-1.79271708683473	-8.154464604811E-5
-3.325	4.72793835051546E-5	-1.80672268907563	2.32709745704467E-5
-3.35	-1.72930068728522E-5	-1.82072829131653	-1.08919587628866E-4
-3.375	8.81057388316151E-5	-1.83473389355742	1.97228364261168E-5
-3.4	-5.95078948453608E-5	-1.84873949579832	-8.7273910652921E-5
-3.425	-4.88259896907216E-5	-1.86274509803922	-4.23579457044674E-5
-3.45	-4.60994116838488E-5	-1.87675070028011	-1.85210164948454E-5
-3.475	1.90741786941581E-7	-1.89075630252101	-7.55335738831615E-5
-3.5	3.94341553264605E-5	-1.9047619047619	2.0883424742268E-5
-3.525	-5.56750034364261E-5	-1.9187675070028	1.59083924398625E-4
-3.55	-2.15216240549828E-5	-1.9327731092437	4.38693072164948E-5
-3.575	5.67266068728522E-5	-1.94677871148459	1.05381147766323E-4
-3.6	6.87517594501718E-6	-1.96078431372549	-6.86705807560137E-5
-3.625	1.07366694158076E-4	-1.97478991596639	1.32785979381443E-6
-3.65	1.07052728522337E-4	-1.98879551820728	-5.95362426116838E-5
-3.675	2.79188274914089E-5	-2.00280112044818	-6.20979402061856E-5
-3.7	1.07416219931271E-5	-2.01680672268908	-2.16247951890034E-4
-3.725	-2.39331745704467E-5	-2.03081232492997	-6.4123052233677E-5
-3.75	9.0554233676976E-5	-2.04481792717087	-2.28356914089347E-4
-3.775	-4.21446213058419E-5	-2.05882352941176	2.58126597938144E-5
-3.8	-1.1204987628866E-5	-2.07282913165266	-7.20264673539519E-6
-3.825	7.05394639175258E-5	-2.08683473389356	6.19057580756014E-5
-3.85	2.90749738831615E-5	-2.10084033613445	-8.50817182130584E-6
-3.875	-8.03090996563574E-5	-2.11484593837535	-4.3672618556701E-5
-3.9	-2.6701424742268E-5	-2.12885154061625	-1.54398144329897E-5
-3.925	7.51083161512028E-5	-2.14285714285714	-8.88908591065292E-5
-3.95	-6.49919120274914E-5	-2.15686274509804	-3.30010068728522E-5
-3.975	-4.76980013745704E-6	-2.17086834733894	2.6112895532646E-5
-4	3.07176013745704E-5	-2.18487394957983	-8.56240549828179E-5
-4.025	1.33172013745704E-4	-2.19887955182073	-2.00840378006873E-5
-4.05	7.29521993127148E-5	-2.21288515406162	-1.08982501718213E-4
-4.075	-8.74999175257732E-5	-2.22689075630252	-1.21376501718213E-4
-4.1	-1.01536914089347E-4	-2.24089635854342	-1.59292151202749E-4
-4.125	6.49986013745704E-5	-2.25490196078431	-3.47404474226804E-5
-4.15	-9.78775738831615E-5	-2.26890756302521	1.08084797250859E-4
-4.175	6.35278652920962E-6	-2.28291316526611	-1.81388927835052E-4
-4.2	-1.10172865979381E-4	-2.296918767507	-2.67485628865979E-5
-4.225	8.31385910652921E-5	-2.3109243697479	2.52216989690722E-5
-4.25	6.85348192439862E-6	-2.3249299719888	-1.51056350515464E-5
-4.275	6.71663154639175E-5	-2.33893557422969	9.47024261168385E-5
-4.3	-1.23724975945017E-4	-2.35294117647059	2.61620357388316E-5
-4.325	3.49541766323024E-5	-2.36694677871148	-1.28784542955326E-4
-4.35	4.39828075601375E-6	-2.38095238095238	-1.55017711340206E-4
-4.375	1.41578481099656E-5	-2.39495798319328	2.48748824742268E-5
-4.4	2.80126446735395E-6	-2.40896358543417	-4.32187738831615E-5
-4.425	1.37907223367698E-4	-2.42296918767507	-7.92154432989691E-7
-4.45	3.33758199312715E-6	-2.43697478991597	-1.55845257731959E-4
-4.475	-9.78389347079038E-5	-2.45098039215686	-7.80763711340206E-5
-4.5	-2.15336625429553E-5	-2.46498599439776	-8.60978625429553E-5
-4.525	4.25173127147766E-5	-2.47899159663866	-2.85076714776632E-5
-4.55	1.8368289347079E-5	-2.49299719887955	5.61722948453608E-6
-4.575	5.24192680412371E-5	-2.50700280112045	7.04390378006873E-5
-4.6	3.07032336769759E-5	-2.52100840336134	1.1186618556701E-5
-4.625	-2.47818728522337E-5	-2.53501400560224	-1.82387443298969E-6
-4.65	-1.74635924398625E-4	-2.54901960784314	-6.09883209621993E-5
-4.675	-1.09478364261168E-5	-2.56302521008403	-7.922E-5
-4.7	8.72856975945017E-6	-2.57703081232493	-1.61816941580756E-5
-4.725	4.77912295532646E-5	-2.59103641456583	1.43600762886598E-5
-4.75	1.28639498281787E-5	-2.60504201680672	4.39269010309278E-5
-4.775	-2.31483051546392E-5	-2.61904761904762	2.0554895532646E-5
-4.8	3.35865209621993E-5	-2.63305322128852	-2.01428852233677E-5
