(ps) MgCl2
-9.954 1.41899976E-4
-9.929 1.57903488E-4
-9.90400000000001 1.2965394E-4
-9.879 -1.22326116E-4
-9.85400000000001 -3.26187156E-4
-9.829 -6.98624760000001E-5
-9.804 -1.1955174E-4
-9.77900000000001 -1.16522435999999E-4
-9.754 7.53732599999999E-5
-9.72899999999999 2.11904832E-4
-9.704 3.43935839999999E-5
-9.679 -1.70164439999996E-5
-9.65399999999999 -1.47125999999997E-5
-9.629 -5.05855799999995E-5
-9.60399999999999 -8.61019319999994E-5
-9.579 3.940536E-5
-9.554 9.87168000000253E-7
-9.52899999999999 -4.19939640000001E-5
-9.504 -1.11978479999996E-5
-9.47899999999999 1.21417596E-4
-9.45400000000002 1.42949520000001E-5
-9.429 5.17530960000001E-5
-9.40399999999999 -1.3650174E-4
-9.37900000000001 1.87453440000005E-5
-9.35399999999999 -3.0946632E-5
-9.32899999999999 3.71313480000002E-5
-9.30400000000001 1.48522680000002E-5
-9.27899999999999 1.29818016E-4
-9.25399999999999 -3.10754519999999E-5
-9.22900000000001 -6.4450679999996E-6
-9.20399999999999 8.34726480000002E-5
-9.17900000000001 2.191296E-4
-9.15400000000001 1.19723952E-4
-9.12899999999999 -4.13878319999998E-5
-9.10400000000001 -1.46692079999996E-5
-9.079 3.81320760000004E-5
-9.05400000000001 -1.1504304E-4
-9.02900000000001 -5.79011999999996E-5
-9.004 6.05074320000003E-5
-8.97900000000001 -9.38596079999997E-5
-8.954 -8.31824639999995E-5
-8.929 -2.28106319999995E-5
-8.90400000000001 -1.11540492E-4
-8.879 5.41233840000004E-5
-8.85399999999999 5.46237480000004E-5
-8.829 -1.28403708E-4
-8.804 1.04603196E-4
-8.77900000000001 -5.89480319999996E-5
-8.754 -1.43612604E-4
-8.72899999999999 -5.54604E-6
-8.704 -1.1987718E-4
-8.679 6.89146320000004E-5
-8.65400000000001 -7.37080919999995E-5
-8.629 -2.2951656E-5
-8.60399999999999 7.2072756E-5
-8.579 4.4901228E-5
-8.554 1.55899320000001E-5
-8.52899999999999 -2.67281159999999E-5
-8.504 -3.406272E-5
-8.47899999999999 3.66581040000006E-5
-8.45399999999999 -1.1096148E-4
-8.429 6.6267720000004E-6
-8.40399999999999 -6.39720119999997E-5
-8.37900000000001 5.27823E-5
-8.35399999999999 -3.05777999999948E-6
-8.32899999999999 -6.39665879999996E-5
-8.30400000000001 -3.84371759999998E-5
-8.27899999999999 1.3597968E-4
-8.25400000000001 -7.55847960000003E-5
-8.22900000000001 -1.79204891999999E-4
-8.20399999999999 -1.23177684E-4
-8.17900000000001 -1.26836172E-4
-8.15400000000001 -7.3817928E-5
-8.12899999999999 1.41918960000003E-5
-8.10400000000001 8.54090160000001E-5
-8.079 6.69226680000003E-5
-8.05399999999998 7.73177640000002E-5
-8.02900000000001 -1.2554526E-4
-8.004 -9.2803284E-5
-7.97900000000001 -1.36370208E-4
-7.954 -5.79378119999997E-5
-7.929 -3.38823719999997E-5
-7.90400000000001 -1.50071232E-4
-7.879 -5.00296199999993E-5
-7.85400000000001 -1.27808424E-4
-7.829 -2.68149000000001E-5
-7.804 -7.77652439999993E-5
-7.77900000000001 -6.4883244E-5
-7.754 1.2452148E-4
-7.72899999999999 -1.07435879999994E-5
-7.704 1.45314384E-4
-7.679 8.08026840000001E-5
-7.65399999999999 1.13155488E-4
-7.629 1.81839600000026E-6
-7.60399999999999 2.03183040000006E-5
-7.579 8.33980680000007E-5
-7.554 -9.70828199999997E-5
-7.52899999999999 -1.080054E-5
-7.504 -1.00221959999998E-5
-7.47899999999999 2.20133039999999E-5
-7.45400000000002 -3.27040080000001E-5
-7.429 5.73018480000004E-5
-7.40399999999999 1.44853344E-4
-7.379 -8.20868159999993E-5
-7.35399999999999 4.94180640000001E-5
-7.32899999999999 1.26704640000001E-5
-7.30400000000001 -3.28396079999993E-5
-7.27899999999999 9.45362519999999E-5
-7.25399999999999 -2.56094160000001E-5
-7.22899999999999 -9.51627239999995E-5
-7.20399999999999 -1.29510204E-4
-7.17900000000001 -6.07542239999998E-5
-7.15400000000001 -1.25603567999999E-4
-7.12900000000001 -5.90917679999998E-5
-7.10400000000001 -1.44858768E-4
-7.07899999999999 -1.29065436E-4
-7.05400000000001 -1.37337036E-4
-7.02900000000001 -4.4612399999982E-7
-7.004 5.54237880000004E-5
-6.97900000000001 4.97896080000003E-5
-6.954 -7.35087599999998E-5
-6.92899999999998 5.1270360000006E-6
-6.90400000000001 -1.13040228E-4
-6.879 -1.42529159999999E-5
-6.85400000000001 -7.79618639999999E-5
-6.829 -1.34907084E-4
-6.804 -3.70825320000001E-5
-6.77900000000001 4.14122400000022E-6
-6.754 1.78699104E-4
-6.72900000000001 -6.65429879999996E-5
-6.704 3.11730840000002E-5
-6.679 7.45908480000001E-5
-6.65400000000001 -1.31880492E-4
-6.629 -1.93560864E-4
-6.60399999999999 -3.26259024E-4
-6.579 -2.66063472E-4
-6.554 -1.36899047999999E-4
-6.52899999999999 -1.58287236E-4
-6.504 -1.46538852E-4
-6.47899999999999 -1.26997536E-4
-6.454 6.87166559999999E-5
-6.429 6.17630880000004E-5
-6.40399999999999 4.64945280000005E-5
-6.379 -7.26490560000001E-5
-6.35399999999999 1.98762479999998E-5
-6.32900000000002 2.86455000000004E-5
-6.304 -1.4412924E-4
-6.27899999999999 -2.41788359999998E-5
-6.25400000000001 5.80761239999998E-5
-6.22899999999999 6.7122000000013E-7
-6.20399999999999 9.8310000000063E-7
-6.17900000000001 2.38900080000007E-5
-6.15399999999999 6.72847200000003E-5
-6.12899999999999 -3.90283919999997E-5
-6.10400000000001 -1.47125999999997E-5
-6.07899999999999 8.10779519999999E-5
-6.05400000000001 5.57980440000004E-5
-6.02900000000001 -4.26136559999997E-5
-6.00399999999999 -8.54537640000001E-5
-5.97900000000001 -2.42239908E-4
-5.954 -1.14785399999999E-4
-5.92900000000001 -2.30003364E-4
-5.90400000000001 -3.0058452E-5
-5.879 3.56587320000003E-5
-5.85400000000001 2.71511880000007E-5
-5.829 9.5240016E-5
-5.804 9.75384360000005E-5
-5.77900000000001 2.84258280000002E-5
-5.754 1.4023752E-4
-5.72899999999999 6.71830199999997E-5
-5.704 -2.14831080000003E-5
-5.679 1.07749116E-4
-5.65400000000001 1.33612104E-4
-5.629 6.82000200000001E-5
-5.60399999999999 2.78942760000001E-5
-5.579 -8.32448400000002E-5
-5.554 -5.96111159999993E-5
-5.52900000000001 -2.06396759999996E-5
-5.504 3.05967840000001E-5
-5.47899999999999 -1.31534712E-4
-5.454 -3.59123039999997E-5
-5.429 -4.14257999999998E-5
-5.40399999999999 3.54322800000001E-5
-5.379 -1.06310399999968E-6
-5.35399999999999 7.60458359999999E-5
-5.32899999999999 5.76055920000005E-5
-5.304 -9.05387639999993E-5
-5.27899999999999 -6.38011559999997E-5
-5.25400000000001 -1.84131239999996E-5
-5.22899999999999 2.84041320000004E-5
-5.20399999999999 7.65367080000003E-5
-5.17900000000001 3.51800640000005E-5
-5.15399999999999 2.25786204000001E-4
-5.12900000000001 7.52118960000001E-5
-5.10400000000001 -4.98221520000003E-5
-5.07899999999999 -1.26884988E-4
-5.05400000000001 -2.52758399999998E-5
-5.02900000000001 2.58507840000001E-5
-5.00399999999999 -3.48315719999999E-5
-4.97900000000001 4.41594960000005E-5
-4.954 -5.0713044E-5
-4.92899999999998 -2.65125119999999E-5
-4.90400000000001 8.06603040000003E-5
-4.879 -8.54795280000001E-5
-4.85400000000001 -2.34194759999996E-5
-4.829 1.31748960000004E-5
-4.804 2.55402600000006E-5
-4.77900000000001 7.44050760000002E-5
-4.754 6.65728200000004E-5
-4.72900000000001 -2.26791E-5
-4.704 -5.97860400000001E-5
-4.679 1.09071216E-4
-4.65400000000001 -7.82371319999997E-5
-4.629 9.64427880000002E-5
-4.60399999999999 3.09045959999998E-5
-4.579 -5.01462359999996E-5
-4.554 7.33731600000041E-6
-4.52899999999999 -1.43654640000001E-5
-4.504 1.44385524000001E-4
-4.47899999999999 6.95343240000006E-5
-4.454 -8.99800919999999E-5
-4.429 -3.75951000000002E-5
-4.40399999999999 -1.89555239999999E-5
-4.379 1.48872528000001E-4
-4.35399999999999 2.57504400000011E-6
-4.32900000000002 -1.35871199999993E-6
-4.304 -1.8917556E-4
-4.27899999999999 -1.71218052E-4
-4.254 5.97182399999999E-5
-4.22899999999999 7.13269560000003E-5
-4.20399999999999 -2.39334000000002E-5
-4.17900000000001 -6.61755120000002E-5
-4.15399999999999 8.47432200000007E-5
-4.12899999999999 4.8048504E-5
-4.10399999999999 2.09946768000001E-4
-4.07899999999999 -3.39949199999998E-5
-4.05400000000001 -9.40670759999993E-5
-4.02900000000001 1.57404480000003E-5
-4.00400000000001 -1.30496016E-4
-3.97900000000001 7.34002800000016E-6
-3.95399999999999 -6.1741392E-5
-3.92900000000001 -7.57610759999998E-5
-3.90400000000001 -5.74998239999997E-5
-3.879 8.01355320000002E-5
-3.85400000000001 1.45444560000005E-5
-3.829 -3.61577399999993E-5
-3.80399999999998 1.20896892E-4
-3.77900000000001 -7.41704879999996E-5
-3.754 9.47572799999983E-6
-3.72900000000001 -7.99972199999995E-5
-3.704 9.59912400000015E-6
-3.679 -4.39343999999996E-5
-3.65400000000001 -8.40855599999934E-6
-3.629 -1.27301279999999E-5
-3.60400000000001 -1.34163995999999E-4
-3.579 1.15382040000004E-5
-3.554 -9.56535959999999E-5
-3.52900000000001 -4.81257959999999E-5
-3.504 1.49539680000002E-5
-3.479 -8.98078799999994E-5
-3.454 -8.15525519999994E-5
-3.429 3.63204600000001E-5
-3.40399999999999 9.91480080000001E-5
-3.379 8.37085920000007E-5
-3.354 -6.52507199999983E-6
-3.329 1.76578320000002E-5
-3.304 1.03093968E-4
-3.27899999999999 9.67967040000004E-5
-3.254 1.23549228E-4
-3.229 1.17280440000004E-5
-3.20400000000002 9.09686160000001E-5
-3.179 2.83146360000005E-5
-3.15399999999999 -1.12661904E-4
-3.12900000000002 -1.63130868E-4
-3.104 -4.19600639999997E-5
-3.07899999999999 1.49363400000001E-5
-3.05400000000001 -3.79435919999997E-5
-3.02899999999999 -9.85703519999995E-5
-3.00399999999999 4.86424320000002E-5
-2.97900000000001 -3.54756720000002E-5
-2.95399999999999 2.67281160000005E-5
-2.92900000000001 -7.01635079999999E-5
-2.90400000000001 -1.3856286E-4
-2.87899999999999 -1.74449399999999E-5
-2.85400000000001 2.93492639999999E-5
-2.829 4.35547200000036E-6
-2.80400000000001 1.70926512E-4
-2.77900000000001 4.49920800000057E-6
-2.754 1.06595160000007E-5
-2.72900000000001 -4.16278439999999E-5
-2.704 -5.50400399999977E-6
-2.679 6.61389E-5
-2.65400000000001 9.20520600000002E-5
-2.629 1.23976368E-4
-2.604 1.1250732E-5
-2.579 -1.00750799999954E-6
-2.554 1.4528184E-4
-2.52900000000001 3.04964400000024E-6
-2.504 4.08481439999998E-5
-2.479 1.32048636E-4
-2.454 -4.0612199999994E-6
-2.429 1.46705640000006E-5
-2.40400000000001 7.49488320000004E-5
-2.379 -7.50152760000001E-5
-2.354 3.02523600000015E-6
-2.329 3.71923680000005E-5
-2.304 3.52085400000003E-5
-2.27899999999999 1.71487896E-4
-2.254 5.88639599999997E-5
-2.229 9.56251200000008E-5
-2.20399999999999 1.85138748E-4
-2.179 8.60924400000074E-6
-2.15399999999999 1.070562E-4
-2.12900000000002 -1.5263814E-4
-2.104 1.09821084E-4
-2.07899999999999 1.24560804E-4
-2.05400000000001 -1.08263039999999E-5
-2.02899999999999 -1.51831320000002E-5
-2.00400000000002 4.79983320000005E-5
-1.97900000000001 1.13757552E-4
-1.95399999999999 1.35643392E-4
-1.92900000000001 7.60593960000004E-5
-1.90400000000001 -1.35464399999999E-4
-1.87899999999999 4.49378400000048E-6
-1.85400000000001 -5.04445559999996E-5
-1.829 8.48991600000004E-5
-1.80399999999998 -1.70584799999951E-6
-1.77900000000001 4.48795320000002E-5
-1.754 1.98686544E-4
-1.72900000000001 1.33174116000001E-4
-1.704 9.47111760000002E-5
-1.679 2.63647080000001E-5
-1.65400000000001 5.11049280000002E-5
-1.629 -6.68901239999998E-5
-1.60400000000001 -7.08455760000002E-5
-1.579 4.06976280000002E-5
-1.554 1.55808468000001E-4
-1.52900000000001 3.71869440000004E-5
-1.504 -3.09520560000001E-5
-1.47899999999999 -7.95416039999999E-5
-1.454 2.85031200000001E-5
-1.429 -2.67823559999996E-5
-1.40400000000001 -8.88166439999996E-5
-1.379 -4.49432639999996E-5
-1.35399999999999 -3.53224439999997E-5
-1.329 -5.04825239999996E-5
-1.304 8.8709520000006E-6
-1.27899999999999 1.57443804E-4
-1.254 1.36560048E-4
-1.22899999999999 1.92154692E-4
-1.20400000000002 7.0879476E-5
-1.179 9.49267800000002E-5
-1.15399999999999 -1.50137676E-4
-1.129 1.80384612E-4
-1.10399999999999 1.17448584E-4
-1.07899999999999 4.99401240000005E-5
-1.05400000000001 7.60621080000001E-5
-1.02899999999999 1.6899828E-4
-1.00400000000001 5.58346560000005E-5
-0.978999999999995 9.32060160000003E-5
-0.953999999999989 4.18136160000003E-5
-0.929000000000012 5.59038120000006E-5
-0.904000000000006 -8.64870359999996E-5
-0.878999999999986 -9.7016376E-5
-0.854000000000009 -6.64751879999994E-5
-0.828999999999989 9.51111960000002E-5
-0.804000000000012 -2.19400800000014E-6
-0.779000000000006 1.69811879999999E-5
-0.754000000000001 -5.51715719999997E-5
-0.729000000000009 7.96473720000001E-5
-0.704000000000003 3.0027942E-4
-0.678999999999984 1.081071E-4
-0.654000000000006 -1.71154319999999E-5
-0.629000000000001 1.55179284E-4
-0.604000000000009 2.65822104E-4
-0.579000000000003 3.29818524E-4
-0.553999999999998 2.81592384E-4
-0.529000000000006 3.8712444E-4
-0.504000000000001 4.72880592000001E-4
-0.478999999999995 6.45355656E-4
-0.454000000000003 7.37274828E-4
-0.428999999999998 8.21330556E-4
-0.404000000000006 0.00104852022
-0.379000000000001 0.001541820816
-0.353999999999995 0.001783352892
-0.329000000000003 0.002066595528
-0.303999999999998 0.002412470448
-0.278999999999992 0.002592741156
-0.254000000000001 0.0027880292928
-0.228999999999995 0.00264332538
-0.204000000000003 0.002393241012
-0.178999999999998 0.002082114948
-0.153999999999992 0.001650763212
-0.129000000000001 0.001281678996
-0.103999999999995 0.001009259952
-0.0790000000000176 0.001233021648
-0.0539999999999977 0.001204197156
-0.028999999999992 0.001300060932
-0.00400000000001477 0.001301978316
0.0210000000000051 0.001138505736
0.0460000000000108 8.52640596000001E-4
0.0709999999999881 3.249993E-4
0.096000000000008 -5.12252052E-4
0.121000000000014 -0.001557059544
0.145999999999991 -0.002818395828
0.171000000000011 -0.003623661852
0.195999999999988 -0.00427186782
0.220999999999994 -0.004802541132
0.246000000000014 -0.005127229908
0.270999999999991 -0.0053959647
0.295999999999997 -0.005676153624
0.320999999999988 -0.00588674856
0.345999999999994 -0.00608081928
0.370999999999999 -0.006199512672
0.395999999999991 -0.006154597884
0.420999999999997 -0.00621816852
0.446000000000002 -0.00595701648
0.470999999999994 -0.005950890072
0.495999999999999 -0.00591801792
0.521000000000005 -0.005394840576
0.545999999999997 -0.005124774192
0.571000000000002 -0.004780439688
0.595999999999994 -0.004508853228
0.620999999999999 -0.004287240792
0.646000000000005 -0.003947744496
0.670999999999997 -0.003676471272
0.696000000000002 -0.003586946796
0.720999999999994 -0.00345259974
0.745999999999999 -0.003279057504
0.771000000000005 -0.00317189418
0.795999999999997 -0.002917473324
0.821000000000002 -0.00285031878
0.846000000000008 -0.002795887584
0.870999999999999 -0.00264510852
0.896000000000005 -0.00273578424
0.921000000000011 -0.002794040712
0.946000000000002 -0.002679479052
0.971000000000008 -0.002488405092
0.995999999999985 -0.002377960248
1.02100000000001 -0.002215153464
1.04600000000001 -0.002311798296
1.07099999999999 -0.00215066346
1.09600000000001 -0.002154858924
1.12099999999999 -0.00185203836
1.14599999999999 -0.002070845232
1.17100000000001 -0.001936529364
1.19599999999999 -0.001772012664
1.22099999999999 -0.001958596908
1.24600000000001 -0.001668755976
1.27099999999999 -0.001390332564
1.296 -0.001597746324
1.32100000000002 -0.001399111308
1.34599999999999 -0.001540623468
1.371 -0.001276248216
1.39599999999999 -0.001313432448
1.421 -0.001350611256
1.446 -0.001393001172
1.47099999999999 -0.001296630252
1.496 -0.001422818256
1.52099999999999 -0.001292833452
1.546 -0.001058008152
1.571 -0.00116771262
1.59599999999999 -9.85243835999999E-4
1.621 -0.001028517864
1.64600000000001 -0.001036413852
1.671 -9.9287676E-4
1.696 -0.00110279412
1.72099999999999 -0.001006737792
1.746 -9.286905E-4
1.77100000000001 -8.93488739999999E-4
1.796 -9.16095972E-4
1.821 -0.001064756964
1.84600000000001 -7.82289959999999E-4
1.871 -9.08833236E-4
1.89600000000001 -7.30383636E-4
1.92099999999998 -7.87997363999999E-4
1.946 -8.3876058E-4
1.97100000000001 -8.2313268E-4
1.996 -9.25857816E-4
2.02100000000001 -6.5460222E-4
2.04600000000001 -6.52850268E-4
2.07099999999999 -6.13160148E-4
2.09600000000001 -7.44065676E-4
2.12099999999999 -5.2231764E-4
2.14600000000001 -5.58526908E-4
2.17100000000001 -7.0255038E-4
2.19599999999999 -9.92819808E-4
2.22099999999999 -7.03216175999999E-4
2.24600000000001 -7.14982188E-4
2.27099999999999 -7.76265251999999E-4
2.29600000000001 -8.9565834E-4
2.32099999999999 -8.9395656E-4
2.34599999999999 -7.1392722E-4
2.371 -6.0975252E-4
2.39599999999999 -5.438916E-4
2.421 -4.95555624E-4
2.44600000000002 -4.34871911999999E-4
2.47099999999999 -4.22909279999999E-4
2.496 -3.39615624E-4
2.52099999999999 -4.02398424E-4
2.546 -4.59705696E-4
2.571 -5.18546604E-4
2.59599999999999 -6.21090036E-4
2.621 -4.90191288E-4
2.646 -4.30397111999999E-4
2.671 -5.23091916E-4
2.696 -4.47745775999999E-4
2.72099999999999 -3.91703652E-4
2.746 -3.5610594E-4
2.771 -4.76821127999999E-4
2.796 -5.32014396E-4
2.821 -3.44855208E-4
2.84600000000001 -2.8850256E-4
2.871 -3.18645084E-4
2.896 -2.95240524E-4
2.921 -3.19240368E-4
2.946 -4.08938412E-4
2.97100000000001 -3.64690776E-4
2.996 -2.66898767999999E-4
3.021 -3.14031972E-4
3.04599999999998 -3.35131332E-4
3.071 -1.67761608E-4
3.09600000000001 -2.25891972E-4
3.12099999999998 -2.91484404E-4
3.146 -3.73986155999999E-4
3.17100000000001 -2.93896728E-4
3.19599999999999 -2.76869436E-4
3.22100000000001 -2.97222996E-4
3.24600000000001 -2.43330132E-4
3.27099999999999 -3.08900868E-4
3.29600000000001 -2.81649336E-4
3.32099999999999 -3.46874292E-4
3.34599999999999 -3.60196992E-4
3.37100000000001 -3.99073512E-4
3.39599999999999 -2.3356422E-4
3.421 -2.74977816E-4
3.44599999999999 -3.69999516E-4
3.47099999999999 -3.03464664E-4
3.496 -3.18312864E-4
3.52099999999999 -1.91023788E-4
3.546 -3.23189039999999E-4
3.571 -3.3750162E-4
3.59599999999999 -4.06324044E-4
3.621 -2.1540738E-4
3.646 -2.28591768E-4
3.671 -1.6696428E-4
3.696 -3.14804892E-4
3.72099999999999 -2.57827128E-4
3.746 -2.47357452E-4
3.771 -2.27257464E-4
3.796 -1.32807996E-4
3.821 -1.68295872E-4
3.84599999999999 -1.01500668E-4
3.871 -1.23248195999999E-4
3.896 -1.81931807999999E-4
3.921 -1.04081136E-4
3.946 -2.34076788E-4
3.97100000000001 -8.38292760000001E-5
3.996 -2.51990904E-4
4.02100000000001 -3.57680256E-4
4.04600000000001 -2.66378064E-4
4.071 -2.10418656E-4
4.09600000000001 -1.90577664E-4
4.12099999999999 -9.16642439999997E-5
4.14600000000001 -6.72060719999994E-5
4.17100000000001 1.02525804E-4
4.19599999999999 3.06710928000001E-4
4.22100000000001 3.87512256E-4
4.24599999999999 2.8376334E-4
4.27099999999999 3.8670408E-4
4.29600000000001 2.05524852E-4
4.32099999999999 2.88326280000001E-5
4.34599999999999 -8.95461719999996E-5
4.37100000000001 -1.95320952E-4
4.39599999999999 -2.20828668E-4
4.421 -4.40267436E-4
4.44599999999999 -6.18631607999999E-4
4.47099999999999 -6.59384832E-4
4.496 -6.21727355999999E-4
4.52099999999999 -7.30101588E-4
4.546 -6.44620704E-4
4.571 -3.31485047999999E-4
4.59599999999999 -2.66540784E-4
4.621 -3.03342624E-4
4.64599999999999 -1.32435096E-4
4.671 -2.3442528E-4
4.696 -1.39734443999999E-4
4.72099999999999 -7.21514039999997E-5
4.746 7.13798400000001E-5
4.77100000000001 -2.07698519999999E-5
4.796 1.75127400000001E-5
4.821 -5.01855599999948E-6
4.84599999999999 1.4408856E-4
4.871 -6.84291839999995E-5
4.89600000000001 -2.29740299999999E-4
4.921 -1.34143656E-4
4.946 -1.54960968E-4
4.97100000000001 -1.7851062E-4
4.996 -9.38935080000001E-5
5.02100000000001 -1.06372776E-4
5.04599999999998 2.84868480000004E-5
5.071 9.90829200000032E-6
5.09600000000001 8.27214240000005E-5
5.121 -9.52725599999999E-5
5.14600000000001 -2.4440544E-4
5.17100000000001 3.63258840000002E-5
5.19599999999999 1.74490080000007E-5
5.22100000000001 -1.75569456E-4
5.24599999999999 -1.52568984E-4
5.27100000000001 -5.72123519999999E-5
5.29600000000001 -7.34952000000105E-7
5.32099999999999 -6.96455159999997E-5
5.34599999999999 4.92553440000005E-5
5.37100000000001 2.80568604E-4
5.39599999999999 1.99304880000007E-5
5.42100000000001 4.79481600000022E-6
5.44599999999999 -3.80005440000003E-5
5.47099999999999 -2.96665679999999E-5
5.496 -8.82091559999994E-5
5.52099999999999 -5.51241119999999E-5
5.546 -6.89105640000002E-5
5.57100000000002 -1.718052E-4
5.59599999999999 2.60270639999996E-5
5.621 -1.1447352E-5
5.64599999999999 -2.68067639999997E-5
5.671 -5.04133679999996E-5
5.696 -1.43285808E-4
5.72099999999999 -2.1175974E-4
5.746 -7.17730799999995E-6
5.77100000000001 -4.2849599999969E-7
5.796 2.50982040000004E-5
5.821 -2.4359184E-4
5.84599999999999 -3.53427839999996E-5
5.871 -3.68899799999997E-5
5.89600000000001 4.62490920000003E-5
5.921 5.09259360000003E-5
5.946 1.09863120000004E-5
5.97100000000001 -1.32681888E-4
5.996 -5.03428560000002E-5
6.02100000000001 4.24902599999999E-5
6.046 -7.18679999999848E-7
6.071 -1.465836E-6
6.09600000000001 5.693844E-5
6.121 2.65396320000003E-5
6.14600000000001 2.54033039999998E-5
6.17100000000001 -1.35117264E-4
6.196 -2.19585216E-4
6.22100000000001 -1.15257288E-4
6.24599999999999 9.04357080000001E-5
6.27100000000001 -1.70786844E-4
6.29600000000001 -1.6089618E-4
6.32099999999999 -1.39880891999999E-4
6.34600000000001 -7.50952799999974E-6
6.37100000000001 6.83003640000002E-5
6.39599999999999 6.35502960000006E-5
6.42100000000001 2.35526352E-4
6.44599999999999 1.54897236E-4
6.47099999999999 1.23604824E-4
6.49600000000001 4.25268720000007E-5
6.52099999999999 -1.08018959999998E-5
6.546 1.69205748E-4
6.57099999999999 3.34118400000027E-6
6.59599999999999 -2.06071319999999E-4
6.621 -1.34934204E-4
6.64599999999999 -7.98290759999998E-5
6.671 -1.54762992E-4
6.696 -7.99334879999995E-5
6.72099999999999 -3.113376E-4
6.746 -2.26828968E-4
6.77100000000001 -1.74080568E-4
6.796 -7.65109440000003E-5
6.821 6.56737920000002E-5
6.84599999999999 -2.65789560000002E-5
6.871 -4.47602039999995E-5
6.89600000000001 -1.30001076E-4
6.921 -3.99694559999995E-5
6.946 3.83192040000001E-5
6.97099999999999 -1.59114396E-4
6.996 -1.48218936E-4
7.02100000000001 -1.27427388E-4
7.046 1.35750516000001E-4
7.071 -2.79105480000003E-5
7.09600000000001 8.65778880000006E-5
7.121 -4.17837839999995E-5
7.14600000000001 -7.13120400000011E-6
7.17099999999998 -2.68786319999995E-5
7.196 1.93257120000003E-5
7.22100000000001 -1.88728079999993E-5
7.24599999999999 -1.080054E-5
7.27100000000001 3.31718280000002E-5
7.29600000000001 1.88104320000004E-5
7.32099999999999 -5.63078999999996E-5
7.34600000000001 -5.7464568E-5
7.37099999999999 -1.01030136E-4
7.39599999999999 -1.32969359999997E-5
7.42100000000001 -1.9283676E-5
7.44599999999999 -1.11764232E-4
7.47099999999999 2.17488840000003E-5
7.49600000000001 9.52467959999999E-5
7.52099999999999 -1.93365599999957E-6
7.546 8.76518399999981E-6
7.57099999999999 -1.69645092E-4
7.59599999999999 -3.25439999999996E-5
7.621 -4.27655280000003E-5
7.64599999999999 5.97589200000003E-5
7.671 -1.29073572E-4
7.696 -1.31319108E-4
7.72099999999999 -6.07352399999998E-5
7.746 1.41702000000005E-5
7.77099999999999 -1.3319988E-4
7.796 -1.26460560000001E-5
7.821 -2.20851719999997E-5
7.84599999999999 -2.59077359999995E-5
7.871 2.85573599999998E-6
7.89600000000001 5.40772800000046E-6
7.921 -7.80405120000003E-5
7.946 -9.70218000000001E-6
7.97099999999999 -1.48559292E-4
7.996 -2.11449216E-4
8.021 -1.20278555999999E-4
8.046 -8.0423004E-5
8.071 -8.73074160000001E-5
8.09600000000001 -1.25960195999999E-4
8.121 1.22473919999999E-5
8.146 8.22183480000006E-5
8.17099999999998 1.1009364E-5
8.196 2.2030932E-4
8.22100000000001 4.66165679999998E-5
8.246 -6.87207240000001E-5
8.271 6.15203640000005E-5
8.29600000000001 -1.40198196E-4
8.32099999999999 -2.51776655999999E-4
8.34600000000001 -1.72617443999999E-4
8.37099999999998 -3.92864387999999E-4
8.396 -5.29372908E-4
8.42100000000001 -6.52463808E-4
8.44599999999999 -6.39744528E-4
8.47099999999999 -2.96446008E-4
8.49600000000001 -3.3353532E-4
8.52099999999999 -1.86322536E-4
8.54600000000001 1.17403836E-4
8.57099999999999 4.24211039999999E-5
8.59599999999999 3.41943876E-4
8.621 4.34516640000001E-4
8.64599999999999 6.11630580000001E-4
8.671 5.16611592E-4
8.69600000000002 4.76731632E-4
8.72099999999999 6.84484392000001E-4
8.746 3.99804396E-4
8.77099999999999 3.4784112E-4
8.796 1.88568072E-4
8.821 1.89365399999999E-5
8.84599999999999 -1.60921943999999E-4
8.871 -3.91680600000003E-5
8.89600000000001 -1.26905328E-4
8.921 -9.44792999999999E-5
8.946 5.66726639999999E-5
8.97099999999999 -1.53457164E-4
8.996 2.11739400000001E-5
9.02100000000001 -7.43101559999996E-5
9.046 -1.28156916E-4
9.071 -1.72377432E-4
9.09600000000001 -9.25483559999995E-5
9.121 -9.11299799999998E-5
9.14600000000001 -2.83295519999997E-5
9.171 -1.3392534E-4
9.196 3.24084000000545E-7
9.22100000000001 1.07149764E-4
9.246 1.59336780000001E-4
9.27100000000001 1.00213824E-4
9.29600000000001 -5.71038719999994E-5
9.321 -5.49722399999999E-5
9.34600000000001 3.07947600000006E-5
9.37099999999999 7.7808636E-5
9.39600000000001 5.36013239999999E-5
9.42100000000001 -9.33199199999997E-5
9.44599999999999 6.93648240000004E-5
9.47100000000001 1.67733132E-4
9.49600000000001 -7.61936400000015E-6
9.52099999999999 6.31651920000004E-5
9.54600000000001 -1.2157896E-4
9.57099999999999 -6.35530079999998E-5
9.59599999999999	-1.25591364E-4
9.62100000000001	-1.62774239999999E-4
9.64599999999999 -1.81888416E-4
9.671 5.46467999999989E-6
9.69600000000002 -1.49820372E-4
9.72099999999999 7.03058880000002E-5
9.746 1.15068804E-4
9.77099999999999 8.28244799999986E-6
9.796 -1.50990599999997E-5
9.821 -1.34713176E-4
9.84599999999999 -8.75447159999992E-5
9.871 1.19688696E-4
9.89600000000001 2.648946E-4
9.921 2.23373880000005E-5
9.946 6.079626E-5
9.97099999999999 5.88192120000003E-5
9.996 2.32486200000001E-5
10.021 -1.77283439999995E-5
10.046 1.62503040000001E-5
10.071 1.7881572E-5
10.096 7.18693560000006E-5
10.121 7.88785199999996E-6
10.146 -1.35910524E-4
10.171 -1.6520148E-4
10.196 -1.09410216E-4
10.221 -2.06662536E-4
10.246 -1.84798392E-4
10.271 1.60224960000006E-5
10.296 5.8011036E-5
10.321 7.6704852E-5
10.346 8.00853600000054E-6
10.371 -4.14393599999938E-6
10.396 4.94261999999999E-5
10.421 -4.39343999999978E-6
10.446 2.16203352E-4
10.471 1.8087006E-4
10.496 7.63956840000004E-5
10.521 2.56633848E-4
10.546 3.76208640000002E-5
10.571 -1.52994768E-4
10.596 -2.28548376E-4
10.621 -3.97275455999999E-4
10.646 -2.72961444E-4
10.671 -1.24859124E-4
10.696 -1.5349242E-4
10.721 -2.19940488E-4
10.746 -2.69395164E-4
10.771 -1.17774024E-4
10.796 1.67380572E-4
10.821 1.30162440000004E-5
10.846 1.19130024000001E-4
10.871 1.94091060000001E-4
10.896 5.07632160000001E-5
10.921 8.41831920000008E-5
10.946 -3.18619319999993E-5
10.971 -6.65660399999999E-5
10.996 -5.33816519999997E-5
11.021 8.36787600000076E-6
11.046 2.6479968E-4
11.071 6.05576039999998E-5
11.096 7.37880959999998E-5
11.121 1.02143412E-4
11.146 -2.42181600000002E-5
11.171 -4.66572479999995E-5
11.196 1.47850104E-4
11.221 -4.24644959999994E-5
11.246 -1.45167936E-4
11.271 3.96182520000003E-5
11.296 -1.33972799999998E-5
11.321 -4.17376799999956E-6
11.346 -6.90122639999996E-5
11.371 -1.77305136E-4
11.396 -3.84331079999996E-5
11.421 1.36903116E-4
11.446 -2.28024959999997E-5
11.471 -7.28633039999996E-5
11.496 -1.58310288E-4
11.521 1.65468612E-4
11.546 9.74082600000002E-5
11.571 1.9459278E-4
11.596 -4.30055399999998E-5
11.621 2.88692400000061E-6
11.646 5.50942799999998E-5
11.671 1.18359816E-4
11.696 -1.56319679999997E-5
11.721 3.57848400000004E-5
11.746 -2.89505999999986E-6
11.771 -9.59885279999994E-5
11.796 -4.08101759999998E-5
11.821 5.62007760000001E-5
11.846 -7.11642360000001E-5
11.871 1.73812079999999E-5
11.896 8.40720000000006E-6
11.921 -8.34156959999996E-5
11.946 8.74525080000001E-5
11.971 -1.22655624E-4
11.996 -9.7994052E-5
12.021 4.57338119999998E-5
12.046 2.09961684E-4
12.071 8.24366640000004E-5
12.096 -9.62570159999998E-5
12.121 1.93989359999999E-5
12.146 2.08908072E-4
12.171 2.79337356E-4
12.196 8.8862748E-5
12.221 1.10368908E-4
12.246 2.0001E-5
12.271 8.05965720000004E-5
12.296 1.05254076E-4
12.321 -3.62323199999942E-6
12.346 -1.99429632E-4
12.371 3.0965616E-5
12.396 -4.12088399999975E-6
12.421 -2.516397E-4
12.446 -3.3491844E-5
12.471 7.2465996E-5
12.496 -9.58420799999977E-6
12.521 9.2270376E-5
12.546 3.49225596E-4
12.571 4.87883376E-4
12.596 4.40759664000001E-4
12.621 2.97090108E-4
12.646 2.90574528E-4
12.671 4.11334464E-4
12.696 3.67895004000001E-4
12.721 2.31017652E-4
12.746 3.22036440000006E-5
12.771 -2.52853319999996E-5
12.796 -1.03668912E-4
12.821 -3.82781172E-4
12.846 -4.36737768E-4
12.871 -3.24709116E-4
12.896 -4.36451652E-4
12.921 -4.12941324E-4
12.946 -3.546279E-4
12.971 -2.24137308E-4
12.996 -1.15269492E-4
13.021 -1.64256348E-4
13.046 -1.36558692E-4
13.071 4.51154760000001E-5
13.096 -1.34912507999999E-4
13.121 1.078698E-5
13.146 -3.68696399999939E-6
13.171 1.57047852E-4
13.196 2.54386956E-4
13.221 8.5417152E-5
13.246 1.08027096E-4
13.271 8.24068320000002E-5
13.296 3.62540160000004E-5
13.321 4.95089160000005E-5
13.346 3.21249960000002E-5
13.371 -2.4398508E-5
13.396 3.63380880000002E-5
13.421 -2.26452000000184E-7
13.446 -7.66750199999992E-5
13.471 3.17941320000003E-5
13.496 3.15880200000006E-5
13.521 -6.92916000000001E-6
13.546 -3.39542399999995E-6
13.571 -3.62797799999998E-5
13.596 -4.98791039999997E-5
13.621 4.94533200000003E-5
13.646 5.36352240000003E-5
13.671 -2.59158719999999E-5
13.696 -1.27888428E-4
13.721 1.34105688000001E-4
13.746 1.56372564E-4
13.771 5.50563119999998E-5
13.796 -4.05444000000003E-6
13.821 -4.00508160000002E-5
13.846 -6.69592799999987E-6
13.871 -3.22999199999999E-5
13.896 1.82232840000001E-5
13.921 1.30121760000002E-5
13.946 -8.47499999999671E-7
13.971 5.66401200000024E-6
13.996 1.35938999999998E-5
14.021 -5.80557839999993E-5
14.046 -6.10132199999999E-5
14.071 2.97492840000004E-5
14.096 1.59428988E-4
14.121 9.26419200000002E-6
14.146 -1.16603796E-4
14.171 -1.05424932E-4
14.196 -6.60371999999959E-7
14.221 5.63743439999999E-5
14.246 -2.45991959999996E-5
14.271 -1.00373832E-4
14.296 -1.0327296E-4
14.321 -5.17015679999996E-5
14.346 -2.57856959999996E-5
14.371 5.57885520000001E-5
14.396 4.59955200000009E-6
14.421 1.01252520000002E-5
14.446 1.6838808E-4
14.471 7.64919600000003E-5
14.496 1.19186976E-4
14.521 2.10775284E-4
14.546 1.18612032E-4
14.571 2.59890960000002E-5
14.596 -9.54610440000001E-5
14.621 -2.30959344E-4
14.646 -3.93972239999996E-5
14.671 2.02233840000006E-5
14.696 2.9639448E-5
14.721 4.91644920000001E-5
14.746 -1.00082291999999E-4
14.771 1.13249052000001E-4
14.796 1.4216982E-4
14.821 2.50293192E-4
14.846 2.27241192E-4
14.871 1.28864748E-4
14.896 6.12505199999985E-6
14.921 1.3680684E-4
14.946 2.76746040000004E-5
14.971 3.92995920000004E-5
14.996 -4.52198879999998E-5
15.021 -1.35551184E-4
15.046 6.52914000000004E-5
15.071 2.27170680000006E-5
15.096 -4.33106399999998E-5
15.121 2.98577639999998E-5
15.146 3.63394440000001E-5
15.171 -3.39352559999995E-5
15.196 -4.08250919999996E-5
15.221 -8.45804999999999E-5
15.246 -4.91197440000001E-5
15.271 -1.86355079999995E-5
15.296 1.37233980000001E-4
15.321 7.40674320000004E-5
15.346 6.61253400000001E-5
15.371 1.48822356000001E-4
15.396 4.01742120000005E-5
15.421 2.05439424E-4
15.446 -4.62301079999997E-5
15.471 -2.14681919999999E-5
15.496 -1.35739668E-4
15.521 -2.54561879999996E-5
15.546 7.42857480000001E-5
15.571 -6.89702279999999E-5
15.596 2.74739160000002E-5
15.621 7.20646200000001E-5
15.646 9.91303800000005E-5
15.671 -2.05773000000001E-5
15.696 -1.1904324E-5
15.721 -1.01443716E-4
15.746 -1.2281292E-4
15.771 5.564346E-5
15.796 2.99553960000002E-5
15.821 -1.86029639999996E-5
15.846 5.73615120000002E-5
15.871 6.95858520000005E-5
15.896 5.852496E-5
15.921 8.58212400000031E-6
15.946 -6.42052439999999E-5
15.971 -8.07891240000002E-5
15.996 -1.4514624E-4
16.021 -7.58275200000001E-6
16.046 9.0468252E-5
16.071 4.03287960000003E-5
16.096 1.31378772E-4
16.121 1.62272519999998E-5
16.146 -1.31743536E-4
16.171 -6.06999840000001E-5
16.196 8.29343160000001E-5
16.221 6.63097560000001E-5
16.246 -1.40318879999998E-5
16.271 8.85318840000001E-5
16.296 6.57293880000004E-5
16.321 -5.58888959999996E-5
16.346 -1.218705E-4
16.371 1.21272504E-4
16.396 2.83634520000001E-5
16.421 -9.36182399999997E-5
16.446 -2.04811596E-4
16.471 -7.88161440000001E-5
16.496 1.46542919999998E-5
16.521 -5.14317239999999E-5
16.546 1.22217636E-4
16.571 1.80304608E-4
16.596 1.01481684E-4
16.621 2.443173E-4
16.646 1.32218136E-4
16.671 -2.12905559999999E-5
16.696 1.13090400000005E-5
16.721 8.88858000000014E-6
16.746 2.49273480000004E-5
16.771 -2.37107447999999E-4
16.796 -3.79822379999999E-4
16.821 -5.084322E-4
16.846 -5.79388968E-4
16.871 -4.17850044E-4
16.896 -3.52615596E-4
16.921 -1.03432968E-4
16.946 1.24017048E-4
16.971 2.21356152E-4
16.996 4.16612016E-4
17.021 4.25270076E-4
17.046 5.30743824E-4
17.071 5.82491496E-4
17.096 4.78937844E-4
17.121 2.16726768E-4
17.146 2.93595696E-4
17.171 2.21273436E-4
17.196 2.49786048E-4
17.221 5.46413760000006E-5
17.246 6.52995360000002E-5
17.271 7.65150119999999E-5
17.296 1.87879224E-4
17.321 1.28539308E-4
17.346 1.990608E-5
17.371 -3.68194679999997E-5
17.396 -7.73828519999995E-5
17.421 2.77776600000003E-5
17.446 6.31624800000036E-6
17.471 9.03543479999999E-5
17.496 1.47070404E-4
17.521 2.4881244E-5
17.546 -6.06023519999997E-5
17.571 -4.0046748E-5
17.596 -4.26475560000001E-5
17.621 1.21676592E-4
17.646 3.53265120000005E-5
17.671 1.84521768E-4
17.696 3.87816000000049E-6
17.721 1.40450412E-4
17.746 4.48808880000001E-5
17.771 3.38457600000036E-6
17.796 -4.83983519999999E-5
17.821 5.38142160000002E-5
17.846 1.54868760000002E-5
17.871 1.066155E-4
17.896 -4.31533439999996E-5
17.921 -1.13635511999999E-4
17.946 5.72123520000005E-5
17.971 4.79237520000004E-5
17.996 6.38987880000001E-5
18.021 -9.08113199999999E-5
18.046 -8.24407319999994E-5
18.071 -5.49017279999994E-5
18.096 2.50656600000005E-5
18.121 -2.57233199999995E-5
18.146 2.82210720000003E-5
18.171 1.6342512E-4
18.196 5.70198000000024E-6
18.221 -1.0612734E-4
18.246 6.90787079999999E-5
18.271 1.12792080000001E-4
18.296 -3.27880799999958E-6
18.321 -1.08234564E-4
18.346 -2.0230842E-4
18.371 -7.49827319999996E-5
18.396 -3.13100399999999E-5
18.421 5.53261560000006E-5
18.446 1.56139332E-4
18.471 -6.3055356E-5
18.496 -1.43708879999996E-5
18.521 -4.88837999999996E-5
18.546 3.61048560000001E-5
18.571 1.66785288E-4
18.596 1.6260474E-4
18.621 1.09406148E-4
18.646 -8.36312999999997E-5
18.671 -1.20385679999999E-5
18.696 1.18932048E-4
18.721 -1.29321719999994E-5
18.746 -5.26195799999998E-5
18.771 2.26858800000029E-6
18.796 7.65136560000006E-5
18.821 2.75493096E-4
18.846 1.33041228E-4
18.871 2.30190492E-4
18.896 5.733168E-5
18.921 -6.63219600000001E-5
18.946 -8.2821768E-5
18.971 7.02123240000001E-5
18.996 -1.69513559999998E-5
19.021 -1.83845124E-4
19.046 -1.31415383999999E-4
19.071 -1.05671724E-4
19.096 -2.29435200000025E-6
19.121 7.13228880000007E-5
19.146 7.9243284E-5
19.171 -1.6898472E-5
19.196 -2.85641399999997E-5
19.221 1.7843604E-5
19.246 -6.76223640000002E-5
19.271 1.90376976E-4
19.296 2.72234628E-4
19.321 1.13371092E-4
19.346 1.00015848E-4
19.371 -7.06855679999997E-5
19.396 -1.80171719999998E-5
19.421 -6.02741999999949E-6
19.446 2.22099240000001E-4
19.471 8.07348840000005E-5
19.496 1.63902432E-4
19.521 2.01542280000005E-5
19.546 1.20180924E-4
19.571 -9.29280359999996E-5
19.596 2.0066766E-4
19.621 -2.28066996E-4
19.646 -1.87757183999999E-4
19.671 4.90302480000001E-5
19.696 3.21372000000032E-6
19.721 -1.42442376E-4
19.746 -8.50537440000001E-5
19.771 1.78012968E-4
19.796 2.82834480000005E-5
19.821 -7.08062519999997E-5
19.846 -1.65825239999998E-5
19.871 2.69545680000001E-5
19.896 -1.16328528E-4
19.921 -3.04177920000002E-5
19.946 1.16251236E-4 
 
 
 
 
 
 
 
 
 
 
 
 
 
 
 
 
 
 
 
 
 
 
 
 
 
 
 
 
 
 
 
 
 
 
 
 
 
 
 
 
 
 
 
 
 
 
 
 
 
 
 
 
 
 
 
 
 
 
 
 
 
 
 
 
 
 
 
 
 
 
 
 
 
 
 
 
 
 
 
 
 
 
 
 
 
 
 
 
 
 
 
 
 
 
 
 
 
 
 
 
 
 
 
 
 
 
 
 
 
 
 
 
 
 
 
 
 
 
 
 
 
 
 
 
 
 
 
 
 
 
 
 
 
 
 
 
 
 
 
 
 
 
 
 
 
 
 
 
 
 
 
 
 
 
 
 
 
 
 
 
 
 
 
 
 
 
 
 
 
 
 
 
 
 
 
 
 
 
 
 
 
 
 
 
 
 
 
 
 
 
 
 
 
 
 
 
 
 
 
 
 
 
 
 
 
 
 
 
 
 
 
 
 
 
 
 
 
 
 
 
 
 
 
 
 
 
 
 
 
 
 
 
 
 
 
 
 
 
 
 
 
 
 
 
 
 
 
 
 
 
 
 
 
 
 
 
 
 
 
 
 
 
 
 
 
 
 
 
 
 
 
 
 
 
 
 
 
 
 
 
 
 
 
 
 
 
 
 
 
 
 
 
 
 
 
 
 
 
 
 
 
 
 
 
 
 
 
 
 
 
 
 
 
 
 
 
 
 
 
 
 
 
 
 
 
 
 
 
 
 
 
 
 
 
 
 
 
 
 
 
 
 
 
 
 
 
 
 
 
 
 
 
 
 
 
 
 
 
 
 
 
 
 
 
 
 
 
 
 
 
 
 
 
 
 
 
 
 
 
 
 
 
 
 
 
 
 
 
 
 
 
 
 
 
 
 
 
 
 
 
 
 
 
 
 
 
 
 
 
 
 
 
 
 
