0 0 0 0 0 0 0 0 0 0 0 0 0 0 0 0 0 0 0 0 0 0 0 0 0 0 0 0 0 0 0 0 0 0 0 0 0 0 0 0 0 0 
16 0.00740646 -0.00476949 0.00476947 0.000864206 -0.00414118 0.0041412 0.00218705 -0.00511601 0.00511603 0.000988259 -0.00538933 0.00538933 0.00151153 -0.00338733 0.00338734 0.00106433 -0.00449918 0.00449917 0.0041156 -0.00492789 0.00492789 0.00325333 -0.00465352 0.00465351 0.00329088 -0.00455908 0.00455907 -0.000795923 -0.000551932 0.00067626 -0.000746661 -0.00102159 0.000158763 -0.000790614 -0.0014229 -0.000669549 -0.000356268 -0.000880561 -0.000645086 -0.00093623 -0.000702674 
32 0.000554763 -0.000626789 0.000626796 4.35198e-05 -0.000117489 0.000117512 -0.000184798 -0.00055725 0.000557249 -0.000190737 -0.00234141 0.00234142 0.000360694 0.00133186 -0.00133185 0.00051718 0.000427024 -0.000427031 0.000375912 -0.000398241 0.00039823 0.000149985 -0.000879399 0.000879387 0.000178854 -0.000822875 0.000822869 -0.000141364 -0.000359395 -6.67541e-05 -0.000335031 4.33884e-05 -0.000141741 -9.51536e-05 -0.00104204 -0.000113472 -0.000340417 -0.000160474 -0.000350328 -0.000197284 -0.0003278 
48 0.00519861 -0.00327568 0.00327567 0.000845525 -0.00222982 0.00222985 0.00137379 -0.00431589 0.00431589 0.000764697 -0.00273141 0.00273141 0.00120788 -0.00216339 0.00216339 0.000378793 -0.00127862 0.00127862 0.00259811 -0.00328943 0.00328941 0.00258256 -0.00319706 0.00319705 0.0026005 -0.00325769 0.00325769 0.000156677 -0.000340863 -0.000829925 -0.000278789 0.000351313 -0.000552037 0.00073605 -0.0014413 0.000113878 -0.000657067 0.000184344 -2.83092e-05 0.000225666 6.79113e-05 
64 0.00224817 -0.00100431 0.00100432 0.000204952 -0.00013066 0.00013068 0.000417289 -0.00224254 0.00224254 0.000480531 0.000675985 -0.000675977 0.000681754 -0.00107962 0.00107962 0.000668459 -0.0028826 0.0028826 0.00129073 -0.00180787 0.00180787 0.000971461 -2.89562e-05 2.89542e-05 0.000957466 -8.34992e-05 8.34929e-05 -0.000968104 -0.000641821 -0.00141819 0.000288466 -0.00113406 -0.000668589 -0.000733197 -0.00174725 -0.00119975 -0.000645335 -0.000626606 -0.00064123 -0.000704663 -0.000592567 
80 0.00376436 -0.0026214 0.00262139 0.000300337 -0.00166037 0.0016604 0.00088413 -0.0033718 0.00337179 0.000713178 -0.001351 0.00135099 0.000725419 -0.00228816 0.00228817 0.000429261 -0.00273037 0.00273037 0.00161374 -0.00275222 0.00275221 0.00211172 -0.00235984 0.00235983 0.00215062 -0.00246787 0.00246786 -0.000319635 -0.00069855 -0.00160602 -0.00151884 -0.000973889 -0.00112814 0.000376201 -0.000449691 -0.000941619 -0.00104078 0.00042312 -0.00028538 0.000304571 -0.000297498 
96 0.00303357 -0.00219934 0.00219934 0.000395436 -0.00220668 0.00220671 0.000761402 -0.00294512 0.00294511 0.000418833 -0.00241391 0.0024139 0.000688277 -0.002217 0.00221701 0.000421175 -0.000760521 0.00076052 0.00157803 -0.00239936 0.00239936 0.00148317 -0.00204191 0.00204191 0.00145554 -0.00207668 0.00207668 -0.000124247 -0.000402116 -0.000376642 -0.000777771 -0.000738078 -0.00080082 0.00249695 -0.00190168 -2.68127e-05 -0.000959783 -0.000169615 0.000227451 -0.000211804 0.000217807 
112 0.00335694 -0.00242144 0.00242143 0.000426281 -0.00353802 0.00353803 0.00110123 -0.00310852 0.00310853 0.000250915 -0.00174471 0.00174472 0.00100297 -0.00376987 0.00376987 0.000481938 -0.00102135 0.00102135 0.00200948 -0.00281347 0.00281345 0.00125644 -0.00189256 0.00189256 0.00134746 -0.00197707 0.00197707 -0.000642141 -0.000768191 -9.73443e-05 0.000242453 -0.00108196 -0.000431867 0.000525395 -0.00285277 -0.00055947 -0.000717933 -0.00073789 -0.000796528 -0.000699376 -0.000793507 
128 0.00248177 -0.00199936 0.00199935 0.000148244 -0.00114309 0.0011431 0.000657868 -0.00245563 0.00245562 0.000191641 -0.00198475 0.00198475 0.000423099 -0.00186766 0.00186766 0.000546312 -0.00217394 0.00217394 0.00135244 -0.00205279 0.00205278 0.00109706 -0.00202208 0.00202207 0.00112934 -0.00193233 0.00193233 -0.000256674 -0.000643878 -0.000899435 0.000779564 0.000170522 -0.000235179 -0.000830831 -0.00267776 -0.000368135 -0.000435117 -0.000153667 -0.00091258 -0.000133016 -0.000847867 
144 0.00365413 -0.00272802 0.00272801 0.000417618 -0.00240765 0.00240767 0.00105652 -0.00370169 0.0037017 0.000430079 -0.00148585 0.00148585 0.00103544 -0.00365086 0.00365086 0.000365483 -0.00157373 0.00157372 0.00183964 -0.00286497 0.00286497 0.00172039 -0.00253804 0.00253802 0.00181449 -0.00250187 0.00250186 0.000194163 -9.38062e-05 -0.000486285 5.584e-05 0.000540413 -0.000150223 0.00144025 -0.00166775 0.000340696 -0.000315964 9.50682e-05 0.000146279 0.00011089 0.000184824 
160 0.00329941 -0.0020179 0.00201789 0.000390736 -0.00354149 0.0035415 0.00100224 -0.00286714 0.00286714 0.000151121 0.000269732 -0.000269732 0.000876993 -0.00279646 0.00279645 0.000587812 -0.00288756 0.00288756 0.00198082 -0.0029821 0.00298208 0.00126201 -0.000959769 0.000959748 0.00131859 -0.00089229 0.000892281 -0.000128612 -0.000452233 -0.000720533 -3.03075e-05 -0.000536868 -0.000330669 0.0025433 -0.000797118 -8.30923e-05 -0.000311843 -0.000179347 -0.000526912 -0.000136755 -0.000505133 
176 0.00338204 -0.00156597 0.00156596 0.000382506 -0.00202935 0.00202936 0.000877772 -0.00259519 0.0025952 0.000644399 0.000308159 -0.000308166 0.000882061 -0.00245463 0.00245463 0.000286318 -0.00240215 0.00240215 0.00154662 -0.00236841 0.00236839 0.00174594 -0.000840773 0.00084077 0.00183543 -0.000754356 0.000754357 -0.000248261 -0.00080453 -0.00119562 -0.00033583 -0.000529898 -0.000357377 0.00173812 -0.00208762 -0.000357717 -0.000708329 -0.000192668 -0.000967688 -0.000209992 -0.000879966 
192 0.00348654 -0.00224858 0.00224858 9.01391e-05 -0.00304504 0.00304507 0.00123482 -0.00298105 0.00298105 0.000286314 0.000301388 -0.000301395 0.000828768 -0.00126113 0.00126113 0.000255137 -0.00163424 0.00163424 0.00158011 -0.00274147 0.00274146 0.00183366 -0.00182849 0.00182848 0.00190643 -0.00180752 0.00180752 -0.000229883 -0.000362595 -0.000741107 -0.00128536 -0.00044332 0.000288385 0.00194177 -0.00121391 -0.000141066 -0.000330226 -0.000335392 -0.000328943 -0.000431672 -0.00035795 
208 0.0033693 -0.00211843 0.00211843 0.000361702 -0.00337014 0.00337016 0.00128235 -0.0022078 0.0022078 0.000289672 -0.00245687 0.00245687 0.00111457 -0.0020028 0.0020028 0.000598657 -0.00344417 0.00344416 0.00224273 -0.00275927 0.00275924 0.00108124 -0.00140606 0.00140605 0.00112656 -0.00151757 0.00151755 -0.000716577 -5.40229e-05 -0.000379556 0.000236049 -0.000607445 0.000542807 0.000392656 -4.33358e-05 -0.000391321 0.000394453 -0.000986601 -0.000483348 -0.00108646 -0.000451414 
224 0.00308271 -0.0020544 0.00205442 0.000297628 -0.00119092 0.00119093 0.00106023 -0.00144586 0.00144587 -9.76839e-05 -0.00232815 0.00232815 0.000769637 -0.00147485 0.00147485 0.000255647 -0.0019035 0.00190351 0.00161353 -0.00140639 0.00140639 0.00148757 -0.00280436 0.00280435 0.0014692 -0.00278883 0.00278883 -0.00041383 -0.000555192 -0.000269076 0.000236468 -0.000361316 1.07083e-07 0.000771583 -0.00143557 -0.000202612 -0.000230759 -0.000623828 -0.000941382 -0.000663011 -0.000860606 
240 0.00318906 -0.00233442 0.00233441 0.000491006 -0.00144237 0.0014424 0.00144167 -0.00292689 0.00292689 0.000201493 -0.00342176 0.00342176 0.000917933 -0.00265977 0.00265978 0.000270751 -0.00141009 0.00141009 0.00220343 -0.00221638 0.00221636 0.000947463 -0.00246775 0.00246774 0.000985615 -0.0024884 0.0024884 -4.38397e-05 -0.000630297 -0.00146296 -0.000265569 0.00102095 -4.19375e-06 0.00066506 -0.00164921 0.000297174 -0.000380684 -0.000377462 -0.00099018 -0.000461667 -0.000874836 
256 0.0035966 -0.00162033 0.00162033 0.000522502 -4.44671e-05 4.44879e-05 0.00122741 -0.00144889 0.00144889 0.000110633 -0.00167309 0.00167309 0.000828007 -0.00244326 0.00244326 0.000610497 -0.00202106 0.00202106 0.00236044 -0.00119176 0.00119177 0.00117383 -0.00210658 0.00210658 0.00123617 -0.00203736 0.00203736 -0.000304952 -0.000492363 -0.000776857 -0.000271921 0.000565159 0.000285535 0.00049351 -0.000971786 0.000164963 -9.05296e-05 -0.000606734 -0.000971955 -0.0007319 -0.000883458 
272 0.00406179 -0.00210333 0.00210334 0.000492384 -0.00166627 0.00166629 0.00140693 -0.00196904 0.00196904 0.000416245 -0.00113307 0.00113307 0.000814762 -0.00205384 0.00205384 0.000425593 -0.00344265 0.00344264 0.00232493 -0.00207629 0.00207628 0.0016603 -0.00225474 0.00225473 0.00173685 -0.00211632 0.00211631 -6.98311e-05 -0.000350425 -0.000934934 -3.60279e-05 0.000389367 0.00120724 0.000255005 -0.000613763 -8.09966e-05 0.000605927 0.000139606 -0.0014248 3.91018e-05 -0.00131861 
288 0.00297278 -0.00165421 0.00165421 0.000125136 -0.000771347 0.000771363 0.00107757 -0.00230577 0.00230576 0.00042009 -0.0010729 0.00107289 0.000754495 -0.00191482 0.00191483 0.000388348 -0.00185377 0.00185376 0.00159106 -0.00184121 0.00184121 0.00128455 -0.00163764 0.00163764 0.00138173 -0.00152137 0.00152137 0.000350939 8.18171e-05 -0.00141737 0.000473652 0.00139525 0.00141378 6.73999e-06 -0.00056581 0.000408794 0.000835732 0.000342088 -0.000789224 0.000262751 -0.000689884 
304 0.00371314 -0.00243149 0.00243148 0.000441705 -0.00196015 0.00196017 0.00122462 -0.00243379 0.0024338 0.000376323 -0.00179135 0.00179135 0.00103657 -0.00286286 0.00286286 0.000397351 -0.00226159 0.00226158 0.00206369 -0.00229563 0.00229562 0.00158033 -0.00256226 0.00256224 0.00164945 -0.00254242 0.00254241 -0.00101621 -0.000178157 -0.00102278 0.00041407 -0.000936118 0.000498812 -0.000467046 -0.00063068 -0.000910206 0.000241753 -0.00116482 -0.000733389 -0.00114176 -0.000602245 
320 0.00348653 -0.00225854 0.00225856 0.000363625 -0.00163269 0.00163271 0.00100622 -0.00186276 0.00186276 0.000362118 -0.00249651 0.00249651 0.000912069 -0.00126762 0.00126762 0.000581481 -0.00136055 0.00136054 0.00195133 -0.00184452 0.00184452 0.00152467 -0.00266296 0.00266294 0.00153521 -0.00274505 0.00274505 -0.00142927 -0.00049762 -0.000639741 -2.50992e-05 -0.00192346 0.000486919 -0.000976525 -0.00212512 -0.0015128 -9.14792e-05 -0.0013685 -0.00100336 -0.00132876 -0.00089602 
336 0.0028209 -0.00210745 0.00210746 0.000257215 -0.00201079 0.0020108 0.000729674 -0.00187426 0.00187425 0.000427182 -0.00150421 0.00150421 0.000913773 -0.0013223 0.00132231 0.000507408 0.000556552 -0.000556553 0.0014943 -0.00145404 0.00145404 0.0012909 -0.002815 0.00281499 0.0013266 -0.00289272 0.00289272 -0.000669638 -0.00037368 -0.000566193 0.000222775 8.87474e-05 0.00011215 -0.000486089 -0.00173478 -0.000316573 -0.000185503 -0.00086681 -0.000644315 -0.00103299 -0.000549831 
352 0.00355144 -0.00211039 0.00211039 0.000452887 -0.00163274 0.00163275 0.00101601 -0.00253627 0.00253627 0.000606391 -0.000524677 0.000524669 0.000883983 -0.00127587 0.00127586 0.000492192 -3.95479e-05 3.95483e-05 0.00196111 -0.00185653 0.00185651 0.00152003 -0.00236255 0.00236253 0.00159035 -0.00241383 0.00241383 -0.000958986 -0.000608403 -0.00123797 0.000358497 0.000253338 -0.000253332 -0.00033791 -0.00280987 -0.00033322 -0.000560972 -0.00135811 -0.000677054 -0.00156296 -0.000609823 
368 0.00359234 -0.0019145 0.00191451 0.000459543 -0.00180192 0.00180193 0.0011794 -0.00228526 0.00228526 0.000547979 -0.00085901 0.000859017 0.00105364 -0.00081618 0.000816184 0.000488855 -0.00274457 0.00274458 0.00212783 -0.00203537 0.00203536 0.00143197 -0.00179009 0.00179009 0.00146451 -0.00184623 0.00184623 -0.00179426 -0.000800597 -0.00148778 -7.18317e-05 -0.00116776 -0.000187297 -0.00218247 -0.00159899 -0.00155424 -0.000328648 -0.00197641 -0.00131859 -0.00206757 -0.00123516 
384 0.00259108 -0.00205569 0.00205569 0.000202409 -0.00105807 0.00105808 0.00110478 -0.00227075 0.00227073 0.000217159 -0.00173552 0.00173552 0.000899344 -0.000836557 0.00083656 0.00025699 -0.00152349 0.00152349 0.00156421 -0.00180153 0.00180152 0.00103889 -0.00238152 0.0023815 0.00102687 -0.00239147 0.00239146 -0.00121283 -0.00078419 -0.00110874 -0.00124966 -0.00138339 -0.000514932 -0.000689471 -0.00110126 -0.00130226 -0.000718255 -0.00114542 -0.000914601 -0.00116248 -0.00079331 
400 0.00343557 -0.00248519 0.00248519 0.000294524 -0.00203321 0.00203323 0.00151512 -0.00281166 0.00281166 0.00036852 -0.00325958 0.00325957 0.00107358 -0.00130438 0.00130437 0.000507609 2.66171e-05 -2.66254e-05 0.00231726 -0.00212861 0.0021286 0.00111316 -0.00284041 0.0028404 0.00111832 -0.002884 0.00288399 -0.00152013 -0.000670182 -0.00133968 3.64917e-05 -0.00193432 -0.000218559 0.0011409 -0.00276566 -0.0012529 -0.000596917 -0.00178806 -0.000851293 -0.00182248 -0.000692343 
416 0.00313312 -0.00231778 0.00231779 0.000203177 -0.00315167 0.0031517 0.00117177 -0.00194246 0.00194244 0.000152793 -0.00288096 0.00288096 0.00125428 -0.00236706 0.00236706 0.000624424 -0.00134197 0.00134196 0.00199939 -0.0021213 0.00212128 0.00109557 -0.00252196 0.00252196 0.00113373 -0.00259895 0.00259895 -0.00201913 -0.00103312 -0.00129696 4.0395e-05 -0.00178424 -0.000339881 -0.00185974 -0.00267085 -0.00166811 -0.000634439 -0.00236738 -0.00161952 -0.00241204 -0.00141887 
432 0.00338552 -0.002514 0.00251401 0.00030486 -0.00205243 0.00205245 0.00124423 -0.00309776 0.00309776 0.000175617 -0.00172332 0.00172333 0.00110049 -0.00151091 0.00151092 0.000414626 -0.00125545 0.00125545 0.00196373 -0.00238515 0.00238514 0.00137018 -0.00267379 0.00267379 0.0014218 -0.00269762 0.00269763 -0.00168442 -0.000626358 -0.00196162 0.000239328 -0.000362744 -0.000637108 -0.00243767 -0.00146069 -0.00123874 -0.00049108 -0.00198045 -0.000994206 -0.00211583 -0.000764221 
448 0.00274187 -0.00214039 0.00214038 0.000147317 -0.00240166 0.00240168 0.00120071 -0.00305333 0.00305333 0.00036036 -0.00180713 0.00180713 0.000898517 -0.00235598 0.00235598 0.000370539 -0.00205752 0.00205753 0.00171859 -0.00264143 0.00264142 0.000961564 -0.00166566 0.00166566 0.00102328 -0.00161703 0.00161703 -0.00141343 -0.00061153 -0.00282421 -0.00047942 -0.000180283 -0.000885482 0.000860931 -0.00144871 -0.000750482 -0.000790956 -0.00201322 -0.000633277 -0.00211371 -0.000406527 
464 0.00384561 -0.00217494 0.00217494 0.000271542 -0.00270102 0.00270104 0.00125342 -0.00256663 0.00256663 0.000440247 -0.00093049 0.000930494 0.00105752 -0.00385764 0.00385765 0.000445847 -0.00275543 0.00275542 0.00197082 -0.00253408 0.00253407 0.00182996 -0.00180496 0.00180496 0.00187477 -0.00180194 0.00180193 -0.00182322 -0.00076028 -0.00191548 -0.000136901 -0.000714673 -0.000562784 -0.000630637 -0.00162563 -0.00111621 -0.000606018 -0.00264882 -0.00108759 -0.00258508 -0.000901671 
480 0.00331895 -0.00203415 0.00203415 0.00017057 -0.00254206 0.00254207 0.000998233 -0.00208079 0.00208079 0.000581119 -0.000907012 0.000907008 0.000659689 -0.00281019 0.0028102 0.00046667 -0.00372562 0.00372561 0.0016355 -0.00240883 0.00240883 0.00164673 -0.00159357 0.00159356 0.00168344 -0.00166409 0.0016641 -0.00218566 -0.000410208 -0.00187497 -0.00135003 -0.00154029 -7.00892e-05 -0.000765275 -0.00112514 -0.00152639 -0.000449587 -0.00290312 -0.000502074 -0.00290703 -0.000335398 
496 0.00278256 -0.00225831 0.0022583 5.61263e-05 -0.00412608 0.0041261 0.0013427 -0.00262688 0.00262687 0.000346041 -0.0016763 0.00167629 0.000888361 -0.00416121 0.00416121 0.000300486 -0.00103438 0.00103438 0.00169932 -0.00279242 0.00279241 0.0010587 -0.00154688 0.00154687 0.00108325 -0.00165198 0.00165197 -0.00260525 -0.000317469 -0.0024581 -0.000189193 -0.00213228 -1.18067e-05 0.000140119 -0.00145184 -0.00178761 -0.000262494 -0.00334344 -0.000484005 -0.00345873 -0.000325492 
512 0.0031668 -0.00239849 0.00239852 0.000249063 -0.00351758 0.0035176 0.00120469 -0.00207686 0.00207686 0.000483927 -0.00163536 0.00163536 0.000890125 -0.00380504 0.00380504 0.000399865 -0.00150537 0.00150537 0.00185363 -0.00230445 0.00230445 0.00124655 -0.00243524 0.00243524 0.00131318 -0.0024873 0.00248729 -0.0028716 -0.000409455 -0.00115026 0.00103666 -0.00267073 0.000636203 -0.00253763 -0.00100395 -0.00234963 0.000438135 -0.00326112 -0.00154467 -0.00336191 -0.00132236 
528 0.00269902 -0.00232763 0.00232763 0.000227401 -0.00271392 0.00271394 0.000933209 -0.0015987 0.0015987 0.000587237 -0.00210946 0.00210946 0.000686793 -0.00202209 0.00202209 0.000422909 -0.00152976 0.00152976 0.00158355 -0.00187962 0.0018796 0.00111733 -0.00284931 0.00284931 0.00111549 -0.00285045 0.00285045 -0.00286338 -0.00062504 -0.00183167 0.000664005 -0.00228692 0.000611259 -0.00236489 -0.00191174 -0.002329 0.0001522 -0.0032886 -0.00166304 -0.00334804 -0.00149303 
544 0.00312604 -0.00241987 0.00241987 0.000375782 -0.00193568 0.00193571 0.00128537 -0.00314316 0.00314316 0.000319848 -0.00125498 0.00125499 0.00134563 -0.00328316 0.00328316 0.000494572 -0.00175372 0.00175372 0.00215575 -0.00254997 0.00254996 0.000927094 -0.00233017 0.00233015 0.000970307 -0.00236952 0.00236951 -0.00305973 -0.000769574 -0.00293123 0.000482524 -0.0019573 -5.11329e-05 -0.00194925 -0.00227369 -0.00231932 -0.000384331 -0.00374729 -0.00131487 -0.00379182 -0.00122373 
560 0.00381273 -0.0015786 0.00157859 0.000582421 -0.0014568 0.00145681 0.00139704 -0.00283233 0.00283233 0.000381417 -0.00133306 0.00133306 0.000934646 -0.00061156 0.000611557 0.000420391 0.000179057 -0.000179059 0.00239987 -0.00165284 0.00165283 0.00132365 -0.00145941 0.00145942 0.00141285 -0.00155521 0.00155522 -0.0030726 -0.000767926 -0.00238541 9.52142e-05 -0.00205049 0.000307717 -0.00218413 -0.000473762 -0.00221115 0.000149061 -0.00384712 -0.00179395 -0.00398524 -0.00178107 
576 0.00346472 -0.00171759 0.00171758 0.000187283 -0.00123925 0.00123927 0.00107291 -0.00183443 0.00183442 0.000589552 -0.00202313 0.00202313 0.00105767 -0.00236328 0.00236328 0.000442317 -0.00108642 0.00108642 0.00170252 -0.00158149 0.00158148 0.00173118 -0.00179924 0.00179923 0.00176219 -0.00187271 0.00187269 -0.00305852 -0.000378425 -0.00296476 -7.10771e-05 -0.00230221 0.000671789 -0.00251802 0.00103241 -0.00265875 0.000624718 -0.00324661 -0.00154978 -0.00335919 -0.00148536 
592 0.00336593 -0.00184706 0.00184707 0.000192084 -0.00326899 0.00326901 0.00133509 -0.00190719 0.0019072 3.83468e-05 -0.000500024 0.000500022 0.00112175 -0.00290074 0.00290074 0.000610215 -0.00243093 0.00243093 0.0021374 -0.00222291 0.0022229 0.00117103 -0.00134631 0.0013463 0.00122853 -0.00148913 0.00148913 -0.00342599 0.000155383 -0.00234359 0.00217193 -0.00321706 0.000450652 -0.00274476 -0.000405202 -0.00309251 0.000651525 -0.00349275 -0.000508514 -0.0036501 -0.000392135 
608 0.00305654 -0.00246072 0.00246072 0.000131912 -0.00329418 0.00329419 0.00117591 -0.00293688 0.00293688 0.000420968 -0.00216045 0.00216045 0.000680153 -0.00294447 0.00294447 0.000463535 -0.00220004 0.00220004 0.00177138 -0.00287217 0.00287214 0.0012799 -0.00200102 0.00200101 0.00128517 -0.00207104 0.00207102 -0.00439329 -0.000573828 -0.00293053 0.00124517 -0.00436523 -0.000113683 -0.00238599 -0.00129652 -0.00376234 -0.000115782 -0.00490097 -0.00116452 -0.00501346 -0.00103658 
624 0.00281508 -0.00242022 0.00242022 2.63432e-05 -0.00201319 0.00201321 0.000878033 -0.00334881 0.00334882 0.000199072 -0.000862317 0.000862314 0.000956855 -0.00286815 0.00286815 0.000517849 -0.00255997 0.00255997 0.00142225 -0.00294764 0.00294763 0.00134726 -0.00173109 0.00173108 0.00139284 -0.00185315 0.00185314 -0.00492037 -0.000695629 -0.00295721 -0.000195451 -0.00530161 0.000332622 -0.00297302 -0.00197093 -0.00441383 -0.000249683 -0.00534637 -0.00139898 -0.00538114 -0.00119796 
640 0.00312116 -0.00195031 0.0019503 0.000297549 -0.00130815 0.00130817 0.00112082 -0.00325927 0.00325926 0.00024394 -0.00276278 0.00276277 0.000826623 -0.00107348 0.00107349 0.000557329 -0.00014565 0.000145646 0.00197571 -0.00213977 0.00213975 0.0011209 -0.00172952 0.00172952 0.00114543 -0.00180052 0.00180052 -0.00496839 -0.000296651 -0.00322365 0.000818818 -0.00480451 0.000558055 -0.00308971 -0.00140942 -0.00422239 0.000224542 -0.00552465 -0.00102768 -0.00565481 -0.000911688 
656 0.00345103 -0.00216733 0.00216733 0.000208982 -0.00206333 0.00206335 0.00119414 -0.00133027 0.00133027 0.000260125 -0.00204253 0.00204253 0.00121175 -0.00326916 0.00326915 0.00055172 -0.00325639 0.00325638 0.00195486 -0.00186674 0.00186673 0.00145581 -0.00237069 0.00237067 0.00149616 -0.00246173 0.00246171 -0.00541708 -0.000533143 -0.00367554 0.00010824 -0.00452235 0.000797724 -0.00315506 -0.000473285 -0.00422855 0.000320899 -0.00650808 -0.00146731 -0.00662909 -0.00140873 
672 0.0029859 -0.002198 0.002198 1.69758e-06 -0.00373678 0.0037368 0.00130965 -0.00172942 0.00172942 0.000285006 -0.00292338 0.00292338 0.000650019 -0.00248341 0.00248342 0.000425744 -0.00116544 0.00116544 0.0017371 -0.00198392 0.0019839 0.00117183 -0.00221904 0.00221903 0.00124879 -0.00242687 0.00242686 -0.00651196 -0.000920311 -0.00354801 -0.000254938 -0.00626869 -6.49058e-05 -0.00428375 -0.00109804 -0.00544018 -0.000287196 -0.00765442 -0.00159568 -0.00759192 -0.00153534 
688 0.00262827 -0.00304515 0.00304515 0.000146885 -0.00444633 0.00444635 0.000963447 -0.00185377 0.00185376 7.2401e-05 -0.00386894 0.00386893 0.000560186 -0.0042105 0.0042105 0.000454563 -0.00238914 0.00238913 0.00156494 -0.00260736 0.00260737 0.00100534 -0.00341419 0.00341419 0.00106334 -0.00347536 0.00347535 -0.00708608 -0.000935802 -0.004381 -0.000366215 -0.00768479 -0.00033153 -0.00339634 -0.000509715 -0.00624649 -0.000364783 -0.00784453 -0.00151287 -0.00787368 -0.00151077 
704 0.00243508 -0.00193148 0.00193147 0.000107176 -0.00204547 0.00204549 0.00118425 -0.00168205 0.00168205 -1.43634e-05 -0.00189701 0.00189699 0.000601129 -0.00374962 0.00374962 0.000328124 -0.00221676 0.00221677 0.00161958 -0.00188282 0.00188281 0.000713222 -0.00189382 0.0018938 0.000815491 -0.0018985 0.0018985 -0.0081692 -0.000891991 -0.00623797 -0.00114306 -0.00846779 -0.000179823 -0.00245444 -0.00147387 -0.00692597 -0.000686556 -0.00916301 -0.00113935 -0.00938119 -0.00112143 
720 0.00379012 -0.0023831 0.00238311 0.000225834 -0.00277948 0.00277951 0.00116702 -0.00240911 0.0024091 0.000562095 -0.001099 0.00109899 0.000897305 -0.00412722 0.00412723 0.000471378 -0.00265965 0.00265965 0.00186426 -0.00249497 0.00249496 0.00175108 -0.0022073 0.00220728 0.00192586 -0.0022725 0.00227249 -0.00858897 -0.00018046 -0.00619179 -0.000722575 -0.00854363 0.00131536 -0.00355896 -0.00142531 -0.00715612 0.000313854 -0.00986502 -0.000695598 -0.0100008 -0.000678031 
736 0.00322186 -0.00213451 0.00213452 0.000154632 -0.00303906 0.00303908 0.000928392 -0.00285324 0.00285324 0.000356559 0.000155606 -0.000155618 0.00104475 -0.00207507 0.00207508 0.000724898 -0.000423074 0.000423075 0.00180796 -0.00242924 0.00242924 0.00131889 -0.00179519 0.00179518 0.00141392 -0.00174778 0.00174777 -0.009037 -0.000431788 -0.00504468 0.000702422 -0.00881222 0.00160841 -0.00538671 -0.0020881 -0.00741418 0.000611072 -0.0106427 -0.0016356 -0.0107096 -0.00155827 
752 0.0029673 -0.00211018 0.00211019 0.0001817 -0.00236405 0.00236408 0.000924627 -0.00190664 0.00190662 0.000542329 -0.0013584 0.00135839 0.000823657 -0.00205471 0.00205471 0.000317306 -0.00163544 0.00163543 0.00142367 -0.00193996 0.00193996 0.00140096 -0.00217593 0.00217592 0.00154365 -0.00227256 0.00227255 -0.0104879 -0.0013702 -0.00506111 -3.1335e-05 -0.00998983 -0.000289849 -0.00641717 -0.00124555 -0.00826619 -0.000460689 -0.0126745 -0.00246259 -0.0127922 -0.0023725 
768 0.00302387 -0.00204428 0.00204428 0.000170023 -0.00171318 0.0017132 0.00118592 -0.00146835 0.00146834 0.000228262 -0.00159977 0.00159976 0.00091265 -0.00277124 0.00277124 0.00041034 -0.00286894 0.00286893 0.00176629 -0.00189763 0.00189762 0.00117221 -0.00214139 0.00214138 0.00125759 -0.00214501 0.00214501 -0.0118193 -0.00104545 -0.00654122 -0.00118036 -0.0114377 -0.000354411 -0.00500393 -0.00113543 -0.00918399 -0.000700622 -0.0142667 -0.00149662 -0.0145179 -0.00146192 
784 0.00356515 -0.00201575 0.00201575 0.00027679 -0.00158203 0.00158205 0.000840926 -0.00187736 0.00187738 0.00069465 -0.00197113 0.00197112 0.000587996 -0.00325376 0.00325376 0.00051254 -0.00218884 0.00218884 0.00163027 -0.00193993 0.00193994 0.00177431 -0.00196924 0.00196925 0.00193489 -0.00206562 0.00206563 -0.0130248 -0.000576883 -0.00762661 -0.000666118 -0.0126136 0.000769634 -0.00538115 -0.00182418 -0.010153 -9.72813e-05 -0.0156625 -0.00111972 -0.0160024 -0.00110647 
800 0.00362636 -0.00194685 0.00194685 0.000266171 -0.00251 0.00251003 0.00112046 -0.00185598 0.00185598 0.000464382 -0.000475867 0.000475865 0.000785906 -0.00465575 0.00465574 0.00039896 -0.00278229 0.00278229 0.0017856 -0.00212023 0.00212022 0.00168499 -0.00155048 0.00155047 0.00184077 -0.00168831 0.0016883 -0.0143086 -0.000491842 -0.00757807 -0.00106227 -0.0136079 0.00133053 -0.00758391 -0.000346491 -0.011024 0.000408848 -0.0174465 -0.00157682 -0.0177523 -0.00147862 
816 0.0036483 -0.00174748 0.00174749 0.000267469 -0.00277493 0.00277495 0.0012883 -0.00157792 0.00157792 0.000486507 -0.00122038 0.00122037 0.000996326 -0.00405863 0.00405863 0.000555789 -0.00141546 0.00141546 0.00211159 -0.00171841 0.0017184 0.00144499 -0.00177464 0.00177462 0.00153671 -0.00170337 0.00170336 -0.015754 -0.000525276 -0.00825818 6.77367e-05 -0.014701 0.00130733 -0.00977062 -0.000876237 -0.0122884 0.000519848 -0.0191197 -0.00177837 -0.0193567 -0.00170944 
832 0.00327 -0.00148076 0.00148076 0.000268004 -0.000684093 0.000684108 0.00100336 -0.00132262 0.00132262 0.000291935 -0.00322528 0.00322527 0.000982164 -0.00231071 0.00231071 0.000721506 0.000149055 -0.000149055 0.00199291 -0.000858641 0.000858626 0.00111002 -0.00210314 0.00210313 0.00127711 -0.00209088 0.00209088 -0.0170214 -0.000667838 -0.00807815 -0.00034676 -0.0171728 0.0014654 -0.00805887 -0.00233588 -0.0133563 0.000269244 -0.0206699 -0.00170833 -0.0208031 -0.00169006 
848 0.00388604 -0.00182862 0.00182864 0.00014023 -0.00129713 0.00129715 0.00138436 -0.00140743 0.00140743 0.000193488 -0.00309988 0.00309988 0.00102406 -0.00305926 0.00305926 0.000688817 -0.00136149 0.00136149 0.00221342 -0.00132869 0.0013287 0.00156915 -0.00238403 0.00238402 0.00167264 -0.00232846 0.00232844 -0.0190258 -0.000585226 -0.00855631 -0.000938401 -0.0198971 0.00118649 -0.00824872 -0.00160376 -0.014992 0.000106726 -0.0231577 -0.00135175 -0.0233298 -0.00133412 
864 0.00352579 -0.00140277 0.00140277 0.000222241 -0.001276 0.00127602 0.00120329 -0.000272595 0.000272597 0.000348597 -0.00291948 0.00291949 0.000848197 -0.00210581 0.00210582 0.000454104 -0.0021278 0.00212781 0.00187965 -0.000979173 0.000979158 0.00155957 -0.00195513 0.00195511 0.00164614 -0.00187616 0.00187614 -0.0215898 -0.000660242 -0.0108929 -0.00112924 -0.0220473 0.000966528 -0.0107083 -0.00188047 -0.0171537 -0.000192852 -0.0261326 -0.00121787 -0.0263715 -0.00114082 
880 0.00320602 -0.00186081 0.00186082 2.94437e-06 -0.00297531 0.00297533 0.00132977 -0.00178433 0.00178433 0.000282229 -0.00363828 0.00363827 0.00104815 -0.00282991 0.0028299 0.000624542 -0.00208316 0.00208317 0.00195728 -0.00213506 0.00213506 0.00110535 -0.00153613 0.00153612 0.00124873 -0.00150531 0.00150531 -0.023084 -0.00115225 -0.0122658 -0.00154007 -0.0240796 0.000239959 -0.00869047 -0.00143846 -0.0182457 -0.000568099 -0.0279749 -0.00186138 -0.0282184 -0.00171337 
896 0.00340099 -0.00205966 0.00205966 0.000187642 -0.00465786 0.00465788 0.00106347 -0.00189269 0.00189269 0.000198482 -0.00296272 0.00296272 0.000960701 -0.00419577 0.00419577 0.000560872 -0.000666307 0.000666308 0.001812 -0.00227222 0.00227221 0.00145383 -0.00189514 0.00189512 0.00158901 -0.00179442 0.00179441 -0.0245411 -0.000932092 -0.0107178 -0.000741425 -0.0256405 0.000808681 -0.00799772 -0.00211066 -0.0185872 -0.00014722 -0.0306418 -0.0018825 -0.0308801 -0.00178278 
912 0.00386938 -0.00154299 0.00154298 -7.08452e-05 -0.00155367 0.00155369 0.00124901 -0.0016664 0.0016664 0.000718814 -0.0027126 0.0027126 0.000715649 -0.00274739 0.0027474 0.000597434 -0.00137589 0.00137588 0.00177562 -0.00169533 0.00169532 0.00196045 -0.00143513 0.00143511 0.00209376 -0.00137889 0.00137889 -0.0278963 -0.000443183 -0.0128938 0.00013889 -0.0288521 0.000952066 -0.011485 -0.00300975 -0.0214647 -9.85412e-05 -0.0346489 -0.000876502 -0.0348248 -0.000831422 
928 0.00351531 -0.00108895 0.00108895 0.000110459 -0.00167764 0.00167767 0.00108045 -0.000997874 0.000997872 0.000566214 -0.00105583 0.00105583 0.000725414 -0.00203212 0.00203212 0.000518241 0.000192548 -0.000192548 0.00170917 -0.000892856 0.000892841 0.00171444 -0.00132391 0.00132391 0.00180613 -0.00128826 0.00128825 -0.0301514 -0.000450061 -0.0159008 -0.000411661 -0.0317543 0.00150578 -0.012057 -0.00331606 -0.0240483 -3.08233e-05 -0.0365284 -0.000943018 -0.0367002 -0.000892597 
944 0.00382844 -0.00124514 0.00124516 0.000228127 -0.00212828 0.0021283 0.00108453 -0.000543851 0.000543854 0.000645162 -0.000835598 0.000835585 0.00088104 -0.00212866 0.00212865 0.000521316 -0.00095906 0.000959055 0.00183401 -0.000957599 0.000957579 0.00182477 -0.00164292 0.00164293 0.00199445 -0.00168932 0.00168931 -0.0320128 -0.000189592 -0.0166282 -0.000558989 -0.0338192 0.00240849 -0.0116799 -0.0022413 -0.0253053 0.000630528 -0.0389065 -0.0010843 -0.0392207 -0.00105324 
960 0.00381737 -0.00105485 0.00105483 0.000324368 -0.000962507 0.000962522 0.00111516 -7.27638e-05 7.27679e-05 0.000466308 -0.0023252 0.00232519 0.000860437 -0.00190526 0.00190526 0.000538354 -0.00163666 0.00163666 0.0019779 -0.000600067 0.000600052 0.00175012 -0.00175685 0.00175683 0.00183947 -0.00165099 0.001651 -0.0343085 -0.000210448 -0.0153767 -0.000987157 -0.0358485 0.00216265 -0.0122498 -0.00257512 -0.0260795 0.000391477 -0.0426867 -0.000922575 -0.0431548 -0.00085227 
976 0.00436761 -0.00123629 0.00123627 0.000336424 -0.0008628 0.00086282 0.00155004 -0.00103326 0.00103326 0.000574028 -0.00410821 0.0041082 0.00117573 -0.00235179 0.00235178 0.000506511 -0.00109025 0.00109024 0.002393 -0.00100997 0.00100996 0.00179743 -0.00138818 0.00138818 0.00197463 -0.00140811 0.0014081 -0.0372333 4.24833e-05 -0.0172274 -0.000590093 -0.038345 0.00196313 -0.0126181 -0.00224604 -0.0280791 0.000440769 -0.0465807 -0.000513104 -0.0470652 -0.000412095 
992 0.00351633 -0.00106043 0.00106043 0.000331285 -0.000260857 0.000260875 0.00106469 -0.00066639 0.000666381 0.000452356 -0.00192546 0.00192546 0.00063346 -0.00168938 0.00168939 0.000242869 -0.000845166 0.000845167 0.00163887 -0.000535014 0.000535004 0.00176016 -0.00176025 0.00176024 0.00187746 -0.00168401 0.001684 -0.0401911 1.27108e-05 -0.0193675 -0.00127988 -0.0414521 0.00226723 -0.0139036 -0.00261256 -0.0306252 0.000350675 -0.0499546 -0.00045947 -0.0504846 -0.000318899 
1008 0.00384985 -0.00132591 0.00132591 0.000172513 -0.00198126 0.00198129 0.00139725 -0.000629128 0.000629142 0.000875755 -0.00209881 0.0020988 0.000920366 -0.0014191 0.0014191 0.000317445 -0.00283677 0.00283677 0.00188722 -0.00129198 0.00129197 0.00177373 -0.001357 0.00135699 0.00196262 -0.0013429 0.0013429 -0.0425844 0.000240461 -0.0185358 8.10542e-06 -0.0443737 0.0025309 -0.0157943 -0.00290535 -0.0323187 0.00076601 -0.053068 -0.000344688 -0.0536411 -0.000260184 
1024 0.00450304 -0.00103176 0.00103175 0.000327008 -0.00285224 0.00285227 0.00139758 -0.00124658 0.00124659 0.000795677 -0.000774326 0.000774324 0.00107304 -0.0011743 0.00117431 0.000602458 -0.00101056 0.00101056 0.00232706 -0.00155681 0.00155679 0.00198664 -0.000463467 0.000463461 0.00217598 -0.000390625 0.000390627 -0.045058 0.000158671 -0.0211239 -0.000664013 -0.0460524 0.00262869 -0.014743 -0.00332474 -0.0337094 0.000601346 -0.0566246 -0.00046362 -0.0572941 -0.00030972 
1040 0.00432443 -0.000668711 0.000668717 0.000495239 -0.00104356 0.00104358 0.00132999 -0.00134902 0.00134903 0.000639089 -0.000535865 0.00053587 0.00101745 -0.00044543 0.000445435 0.000543121 1.20125e-05 -1.20162e-05 0.00236836 -0.00104662 0.0010466 0.00176036 -0.000316555 0.000316543 0.00195608 -0.000293803 0.000293796 -0.0477279 6.59133e-05 -0.0230195 -0.00101393 -0.0485052 0.00207628 -0.0153913 -0.00276698 -0.0357171 0.000404373 -0.0599875 -0.000502966 -0.0606953 -0.000294078 
1056 0.00403842 -0.000904875 0.000904874 0.00030312 -0.000192562 0.000192581 0.0011915 -0.000772043 0.000772038 0.000790028 -0.000868256 0.000868255 0.000936884 -0.0017182 0.00171821 0.000482349 0.000510944 -0.000510942 0.00197699 -0.000397761 0.000397761 0.00188915 -0.00156754 0.00156752 0.00206143 -0.00149116 0.00149115 -0.0500503 7.19433e-05 -0.0232013 -0.000224274 -0.0517938 0.00171614 -0.0159311 -0.00317535 -0.0375884 0.000222403 -0.0627617 -0.000198695 -0.0634425 -7.64037e-05 
1072 0.00395652 -0.000750754 0.00075076 0.000331878 -0.000563871 0.000563878 0.00132017 -0.000733681 0.000733685 0.000649982 -0.00138231 0.0013823 0.000958117 -0.0014677 0.0014677 0.000547736 -0.00111819 0.00111818 0.0021998 -0.00085017 0.000850155 0.00148854 -0.000840528 0.000840525 0.00175671 -0.000741692 0.000741694 -0.0521159 0.000298698 -0.0232031 -0.00239117 -0.0539167 0.00209349 -0.0151461 -0.00278117 -0.0387028 -3.52983e-05 -0.0657861 0.00050495 -0.066563 0.00067279 
1088 0.00489565 -0.00105542 0.00105543 0.000422389 -0.00211106 0.00211109 0.00178582 -0.00105592 0.00105591 0.000726056 -0.00243006 0.00243007 0.000979213 -0.00099986 0.000999862 0.000649446 -0.000792433 0.00079243 0.00285768 -0.00122309 0.00122309 0.00177947 -0.00123928 0.00123926 0.00203797 -0.0010001 0.00100009 -0.0536349 -7.35608e-05 -0.0236335 -0.0024659 -0.0543762 0.00168765 -0.0161552 -0.0035422 -0.0392681 -0.000385602 -0.0683658 5.44671e-05 -0.0691954 0.000250141 
1104 0.00421535 -0.000411332 0.000411323 0.000412606 -0.000131885 0.000131899 0.00119838 0.000195617 -0.000195612 0.000533785 -0.00102512 0.00102512 0.00110338 -0.00124872 0.00124872 0.000517144 -0.000135621 0.00013561 0.00212814 -2.98937e-05 2.98808e-05 0.0018375 -0.00108535 0.00108535 0.00208722 -0.000894138 0.000894137 -0.0551393 6.19596e-05 -0.0234423 -0.00128685 -0.0557894 0.00225665 -0.0159427 -0.00382942 -0.0399284 0.000139881 -0.0707485 -0.000169027 -0.0716029 -2.07775e-05 
1120 0.00465988 -0.000968292 0.000968289 0.000256653 -0.000258272 0.000258291 0.00151845 -0.000627582 0.000627596 0.000996675 -0.00166693 0.00166693 0.00128579 -0.00149824 0.00149825 0.000529361 -0.00123415 0.00123415 0.00230448 -0.00067328 0.000673268 0.00211512 -0.00148215 0.00148214 0.00235539 -0.00132427 0.00132425 -0.0564306 0.000221875 -0.0247298 -0.00186917 -0.0571483 0.00236134 -0.0131317 -0.00345732 -0.0405041 0.000142685 -0.0727129 0.000216383 -0.0735942 0.000357559 
1136 0.0049121 -0.000877655 0.000877652 0.00040247 -0.00175071 0.00175073 0.00173565 -0.000598433 0.000598438 0.000855363 0.000358655 -0.00035865 0.00117607 -0.00121688 0.00121688 0.000353435 -0.00209904 0.00209903 0.00249156 -0.0012256 0.00122557 0.00213583 -0.000788512 0.000788503 0.00242054 -0.000660631 0.000660631 -0.0570612 6.26142e-05 -0.0249013 -0.0023401 -0.0576288 0.00203606 -0.0129351 -0.00349201 -0.0407794 -0.000167306 -0.0736699 0.000114762 -0.0746028 0.00037183 
1152 0.00403296 -0.000303785 0.000303799 0.000192229 -0.00097255 0.000972565 0.00135593 -0.000221463 0.000221476 0.000736657 0.000297829 -0.000297831 0.000930732 -0.000593397 0.000593394 0.000375929 -0.00102579 0.00102579 0.0019241 -0.000640644 0.000640635 0.00187607 -0.000161706 0.000161715 0.00210886 2.05129e-05 -2.05021e-05 -0.0576048 -0.000280316 -0.024434 -0.0030972 -0.057417 0.00187707 -0.0139283 -0.00465874 -0.0406954 -0.000688123 -0.0749484 -0.000226071 -0.0758832 0.000160313 
1168 0.00479679 -0.000914504 0.000914501 0.000247122 -0.00249203 0.00249205 0.00152593 -0.00133373 0.00133374 0.000726288 0.000808665 -0.000808663 0.00114449 -0.00147435 0.00147435 0.000518415 -0.00169814 0.00169813 0.00229148 -0.00157694 0.00157693 0.00229969 -0.000375133 0.000375121 0.00250531 -0.000248093 0.000248089 -0.0568854 0.000183707 -0.0232189 -0.00255256 -0.0559476 0.00258 -0.0119007 -0.00555027 -0.0392711 -0.000277717 -0.0750584 0.000283091 -0.0759938 0.000657746 
1184 0.00506066 -0.000152398 0.000152402 0.000603898 -0.00205567 0.00205568 0.00147363 -0.000131359 0.000131377 0.00110606 -0.000171972 0.000171975 0.00137623 0.000328904 -0.000328914 0.000525898 -0.00146005 0.00146006 0.00260345 -0.000750061 0.00075004 0.00218337 0.000403044 -0.000403068 0.00245723 0.000468261 -0.00046828 -0.0556978 0.000230307 -0.021206 -0.00109759 -0.0545001 0.00208977 -0.0104305 -0.00440625 -0.0376407 -5.11133e-05 -0.0743248 0.000293107 -0.0752913 0.00054745 
1200 0.00440037 -0.000108982 0.000108978 0.000195836 -0.00144605 0.00144607 0.0014393 0.000886071 -0.000886072 0.000804047 -0.000714107 0.000714105 0.00125749 0.000728062 -0.000728054 0.000394132 -0.000561507 0.000561503 0.00202929 0.000127333 -0.00012735 0.00212487 -0.000699841 0.000699836 0.00237109 -0.000534842 0.000534845 -0.0546424 -0.000469217 -0.0215218 -0.00188198 -0.0528669 0.00113684 -0.00851244 -0.00246449 -0.0363601 -0.000440767 -0.073495 -0.000733068 -0.0744697 -0.00051601 
1216 0.00524099 -0.000974519 0.000974517 0.000426979 -0.00382095 0.00382096 0.00166198 -0.000221338 0.000221337 0.00107899 -0.0015488 0.0015488 0.00139655 -0.000894916 0.000894917 0.000379847 -0.00205397 0.00205397 0.00246882 -0.00155351 0.0015535 0.00243059 -0.000622039 0.000622035 0.00277215 -0.000401794 0.00040178 -0.051729 -0.000721658 -0.0181831 -0.00246963 -0.0492697 0.00115614 -0.0067279 -0.00392002 -0.0332288 -0.000727502 -0.0707642 -0.00102635 -0.0717044 -0.000774861 
1232 0.00474258 -0.000801306 0.000801311 0.000324966 -0.00347877 0.0034788 0.00132735 -0.00045558 0.000455576 0.000954586 -0.00028725 0.000287241 0.00113575 -0.000772336 0.000772343 0.000432359 -0.00234713 0.00234713 0.00208469 -0.00162748 0.00162747 0.00231656 -0.000227056 0.000227043 0.00265788 3.72467e-05 -3.72537e-05 -0.0481246 -0.000495148 -0.0169518 -0.00175566 -0.0446976 0.00130097 -0.00391279 -0.0048494 -0.0298326 -0.000723396 -0.0668463 -0.000569765 -0.0678736 -0.000292363 
1248 0.00459021 -1.43779e-05 1.43754e-05 0.000568756 -0.000652386 0.000652395 0.00115427 -0.000467948 0.000467937 0.00115103 0.000366192 -0.000366195 0.00115094 -0.000542188 0.000542188 0.000373481 -0.00115053 0.00115053 0.00209652 -0.000710152 0.00071014 0.0021004 0.000540062 -0.000540069 0.00249369 0.000833607 -0.000833615 -0.0444939 -0.000583722 -0.016375 -0.00137378 -0.0398449 0.000970042 -0.000473714 -0.00458266 -0.0262946 -0.000817029 -0.0630872 -0.000691688 -0.0641931 -0.000411993 
1264 0.00563989 -0.000732115 0.000732107 0.000694318 -0.000879179 0.000879195 0.00138885 -0.00223039 0.00223039 0.00116026 9.14546e-05 -9.14546e-05 0.00125195 -0.00142337 0.00142338 0.000370216 -0.000615689 0.000615681 0.00245342 -0.0015581 0.0015581 0.00275894 -4.38642e-05 4.38608e-05 0.00318649 0.000212758 -0.000212759 -0.0398977 -0.000362288 -0.0125258 -0.00186196 -0.0342829 0.00119812 0.000799863 -0.00331676 -0.0219509 -0.000530301 -0.0583037 -0.000405549 -0.0593237 -0.000243769 
1280 0.00516156 -0.000871779 0.000871766 0.000450186 -0.00082321 0.000823235 0.00147606 -0.00146422 0.00146421 0.000920871 0.000389158 -0.000389158 0.000877549 -0.00101809 0.00101809 0.00050708 -0.00213328 0.00213327 0.00243334 -0.00141451 0.0014145 0.00229785 -0.000469322 0.000469303 0.00272821 -0.000238412 0.000238409 -0.0346559 -0.000965096 -0.0114164 -0.00220435 -0.0274321 0.000800592 0.00306713 -0.00349349 -0.0174474 -0.000801181 -0.0523092 -0.00127282 -0.0532345 -0.00117401 
1296 0.00512117 -0.000807747 0.000807742 0.000610061 0.00046494 -0.000464928 0.00178595 -0.00121507 0.00121507 0.000905893 -4.44725e-05 4.44638e-05 0.00129523 -0.00112261 0.00112261 0.000287398 -0.000385845 0.000385838 0.00268343 -0.000543119 0.000543112 0.00198765 -0.00133372 0.0013337 0.00243773 -0.00108127 0.00108125 -0.0294084 -0.00164594 -0.00857321 -0.00279925 -0.0212742 0.00022819 0.00476206 -0.00494113 -0.0130658 -0.00154685 -0.0461702 -0.00202569 -0.0470358 -0.00179282 
1312 0.00528616 -0.000531633 0.00053163 0.000839455 -0.000191067 0.000191079 0.00172607 -0.000814714 0.000814712 0.000914183 6.88304e-05 -6.88304e-05 0.000910532 -0.000729673 0.00072967 0.000321486 -0.00136022 0.00136021 0.00288704 -0.000660655 0.000660647 0.00194875 -0.000551013 0.000551005 0.00239913 -0.000387143 0.000387139 -0.0239184 -0.00138157 -0.00394196 -0.00192481 -0.016165 -0.000720284 0.00549765 -0.0035626 -0.00893239 -0.00159554 -0.039255 -0.00140916 -0.0400477 -0.00115592 
1328 0.00631214 -0.000668886 0.000668886 0.000673998 0.0019191 -0.00191909 0.0018737 -0.000529133 0.000529119 0.00126693 -0.000554847 0.000554833 0.000999173 -0.0014975 0.0014975 0.00039021 -0.00428521 0.00428521 0.00293793 -0.00081941 0.000819403 0.00280455 -0.000533152 0.000533145 0.00337423 -0.000487823 0.000487819 -0.0168312 -0.00108 -0.000807107 -0.00113854 -0.00930893 -0.000339899 0.00756992 -0.00340743 -0.00389965 -0.00117562 -0.0301378 -0.00124756 -0.0306998 -0.00100948 
1344 0.00582094 2.73583e-05 -2.73504e-05 0.000709656 0.00100135 -0.00100133 0.00186238 -3.71871e-05 3.71892e-05 0.00124407 0.00157219 -0.0015722 0.000963443 -0.00130752 0.00130752 0.000305425 -0.000409437 0.000409447 0.00287749 -2.24204e-05 2.24108e-05 0.00234732 0.000128384 -0.000128391 0.00294348 0.00022642 -0.000226425 -0.00918283 -0.00160272 0.00274909 -0.00179892 -0.000410627 -0.000242096 0.00950435 -0.00500896 0.0021869 -0.00157945 -0.0210501 -0.00179166 -0.0214062 -0.00163516 
1360 0.00655853 0.00100876 -0.00100876 0.000737658 0.000882388 -0.000882368 0.00175354 0.000935443 -0.000935438 0.00158829 0.00162758 -0.00162759 0.00112067 -0.000828057 0.00082806 0.000605803 0.000940698 -0.000940707 0.00309703 0.000970504 -0.000970509 0.00278079 0.00135511 -0.00135512 0.0034615 0.00112811 -0.00112812 -0.00258122 -0.00189051 0.00530389 -0.00113313 0.0069451 -0.0013649 0.0109186 -0.00551161 0.00723342 -0.00214093 -0.012818 -0.0018051 -0.0130859 -0.00165616 
1376 0.00752611 0.00145969 -0.00145969 0.00104004 0.00277069 -0.00277067 0.00178072 0.00134293 -0.00134292 0.00157139 0.00105369 -0.00105369 0.00144301 0.000789923 -0.000789932 0.000772212 0.00202513 -0.00202512 0.00359298 0.00176301 -0.00176301 0.00309665 0.00206545 -0.00206546 0.00393312 0.001151 -0.00115101 0.00325952 -0.00185002 0.00675668 -0.00171729 0.0129914 -0.000870968 0.0103677 -0.00533055 0.0108931 -0.0019169 -0.00492929 -0.00198092 -0.00477912 -0.00182007 
1392 0.00805959 0.00168023 -0.00168024 0.00108199 0.00210937 -0.00210935 0.00240265 0.00153185 -0.00153186 0.00143223 0.000662841 -0.00066284 0.00174875 0.00152203 -0.00152203 0.000880741 0.00202115 -0.00202115 0.0043654 0.00181153 -0.00181154 0.00331861 0.00192788 -0.00192789 0.0036942 0.00146816 -0.00146818 0.0101621 -0.00183369 0.0122147 -0.00230683 0.0201134 -0.000736309 0.0101021 -0.00548863 0.015969 -0.00193867 0.00325034 -0.00195982 0.00408881 -0.0017229 
1408 0.00887987 0.00305568 -0.00305569 0.000895844 0.00257922 -0.00257921 0.00255969 0.00340732 -0.00340733 0.00172884 0.00149088 -0.00149088 0.00176408 0.00266531 -0.00266531 0.00111669 0.00465383 -0.00465383 0.00457224 0.0035014 -0.00350141 0.00389673 0.00293116 -0.00293118 0.00430763 0.00249927 -0.00249927 0.0171211 -0.0016498 0.013877 -0.000368962 0.0272316 -0.00126654 0.0113949 -0.00561909 0.0205227 -0.00185344 0.0125904 -0.00168706 0.0136768 -0.00144644 
1424 0.00978699 0.00352858 -0.00352858 0.00126012 0.00220311 -0.00220308 0.00268477 0.00419092 -0.00419092 0.00192857 0.00297247 -0.00297247 0.00214554 0.0026364 -0.00263639 0.00113312 0.00519819 -0.00519819 0.00507803 0.00399721 -0.00399723 0.0038238 0.00381595 -0.00381596 0.00470897 0.0029445 -0.00294452 0.0225092 -0.00128166 0.0132248 -0.00047419 0.0326504 -0.000417249 0.0121004 -0.00462795 0.023573 -0.00122575 0.0206298 -0.00167175 0.021569 -0.0013843 
1440 0.010842 0.00359568 -0.00359566 0.00136265 0.00395335 -0.00395334 0.00322342 0.00442753 -0.00442754 0.00210558 0.00524658 -0.00524659 0.00200346 0.0024232 -0.00242322 0.0010623 0.00399032 -0.00399032 0.00564838 0.00422229 -0.00422231 0.00454068 0.00304916 -0.00304916 0.00519364 0.00288342 -0.00288342 0.0272568 -0.000860714 0.0149625 -0.000639042 0.0374482 -0.000145172 0.0112934 -0.00509376 0.0264281 -0.0011824 0.0273345 -0.000903526 0.0283677 -0.000568543 
1456 0.0106022 0.00516557 -0.00516556 0.00116839 0.00671361 -0.00671358 0.00339267 0.00646044 -0.00646044 0.00237998 0.00478729 -0.00478728 0.00196848 0.00374521 -0.00374522 0.00102615 0.00403165 -0.00403166 0.00558721 0.006168 -0.00616801 0.00431133 0.00402088 -0.00402088 0.00501495 0.00396477 -0.00396478 0.0324556 -0.00104218 0.0154967 -0.00200761 0.0418218 -0.000378794 0.0103286 -0.00617626 0.0287852 -0.0019009 0.0353233 -0.000444803 0.0367339 -0.000195065 
1472 0.011312 0.0052931 -0.0052931 0.00155033 0.00489276 -0.00489274 0.00382799 0.00816986 -0.00816985 0.00204108 0.00462192 -0.00462191 0.00236524 0.00492983 -0.00492982 0.000901227 0.00445939 -0.00445939 0.00627956 0.0066906 -0.00669061 0.00445515 0.00358257 -0.00358258 0.00503247 0.00373944 -0.00373944 0.0366283 -0.000670542 0.0167249 -0.00130631 0.0455461 0.00033116 0.0102503 -0.00574777 0.0311927 -0.00127994 0.0411868 -0.00043419 0.0427956 -6.33871e-05 
1488 0.0118834 0.0060668 -0.0060668 0.00159183 0.00548736 -0.00548735 0.00407097 0.00906898 -0.00906899 0.00218801 0.00487201 -0.00487202 0.00235305 0.00704914 -0.00704914 0.000905461 0.00391497 -0.00391497 0.00656828 0.00714681 -0.00714682 0.00475382 0.00460211 -0.00460211 0.00531511 0.00482628 -0.00482627 0.0404071 -2.99021e-05 0.0159985 -0.000436945 0.0486717 0.000801972 0.0111986 -0.00508625 0.0328957 -0.000700572 0.0472648 0.000278167 0.0487925 0.000672794 
1504 0.0128565 0.00619458 -0.00619458 0.00140343 0.00715912 -0.0071591 0.00412898 0.00860238 -0.00860238 0.00254858 0.0054161 -0.00541611 0.00267478 0.00586774 -0.00586773 0.000944649 0.00480506 -0.00480506 0.00647708 0.00750432 -0.00750434 0.00584425 0.00454648 -0.00454651 0.00637946 0.00480328 -0.0048033 0.0433344 0.000345193 0.015408 -0.0014575 0.0513673 0.000646301 0.00787684 -0.00555521 0.033553 -0.00109285 0.0526658 0.00150288 0.0541896 0.00187922 
1520 0.0123166 0.00656288 -0.00656289 0.00146815 0.00596386 -0.00596384 0.00416814 0.00854197 -0.00854197 0.00228912 0.00685759 -0.0068576 0.00267785 0.00625997 -0.00625997 0.00110487 0.00534745 -0.00534745 0.00674119 0.00727845 -0.00727846 0.00506482 0.00577633 -0.00577633 0.00557541 0.00583182 -0.00583182 0.0465327 0.000369308 0.0164848 -0.00130232 0.0550343 0.00104492 0.00427575 -0.00585486 0.0350378 -0.000854809 0.0575892 0.00123474 0.0592729 0.0016902 
1536 0.0130688 0.00657717 -0.00657719 0.00153233 0.0062846 -0.00628459 0.00430142 0.00915332 -0.00915332 0.00248045 0.00587062 -0.00587062 0.00265729 0.00703573 -0.00703573 0.00121608 0.00326863 -0.00326863 0.00704984 0.00730495 -0.00730497 0.00560936 0.00588342 -0.00588342 0.00601901 0.00586494 -0.00586494 0.0490807 0.000478748 0.0167571 -0.00241454 0.0572211 0.00160301 0.00703666 -0.00502268 0.0368821 -0.0006214 0.060832 0.00118633 0.0626336 0.00168953 
1552 0.0135371 0.00729677 -0.00729676 0.00156988 0.005064 -0.00506399 0.0043909 0.00999543 -0.00999542 0.00259185 0.00650277 -0.00650277 0.00290358 0.00706248 -0.00706249 0.000990767 0.00559645 -0.00559647 0.00695156 0.00786576 -0.00786577 0.0061367 0.00663917 -0.00663918 0.00658553 0.00665888 -0.00665887 0.0502748 0.000818249 0.015626 -0.00233236 0.0573932 0.00082229 0.00591916 -0.00361841 0.0365324 -0.000732747 0.0637039 0.00192747 0.0654788 0.00247155 
1568 0.0141151 0.00727474 -0.00727474 0.00136576 0.00550179 -0.00550176 0.00453223 0.00900102 -0.00900103 0.00262308 0.0069058 -0.00690581 0.00301407 0.0075258 -0.0075258 0.0012127 0.00397561 -0.00397562 0.00711071 0.00709469 -0.00709469 0.00653278 0.00740898 -0.007409 0.0070044 0.00753566 -0.00753568 0.0511702 0.00060317 0.0161383 -0.000959285 0.0580451 0.000104928 0.00141654 -0.00484218 0.0361376 -0.0010994 0.0659334 0.00188492 0.0677178 0.0023606 
1584 0.0138067 0.00748889 -0.00748887 0.00151708 0.00648171 -0.00648168 0.00389687 0.00848166 -0.00848165 0.00262046 0.0066395 -0.0066395 0.00285302 0.00817403 -0.00817403 0.00126236 0.00540304 -0.00540305 0.00667632 0.00744077 -0.00744077 0.00667883 0.00738967 -0.00738968 0.00713043 0.00754184 -0.00754184 0.0510124 0.000832987 0.0149669 -0.00135254 0.0567732 0.00176137 -0.000810984 -0.00449963 0.0346617 -0.000143336 0.0672677 0.00136198 0.0690631 0.00186289 
1600 0.013833 0.00739037 -0.00739037 0.00148362 0.00650504 -0.00650502 0.00402839 0.00784248 -0.00784248 0.0025214 0.00684738 -0.00684738 0.00317058 0.00680042 -0.00680042 0.00134453 0.00516625 -0.00516626 0.00685658 0.00702237 -0.00702237 0.00654865 0.00762636 -0.00762638 0.00697645 0.00776946 -0.00776946 0.0503594 0.00156077 0.0130839 -0.00176578 0.0547408 0.00220175 -0.00313877 -0.0028006 0.0325963 0.000309653 0.0682451 0.0024682 0.069999 0.00289307 
1616 0.0144454 0.00702722 -0.00702722 0.00153306 0.00494079 -0.00494078 0.00424014 0.00824727 -0.00824726 0.00239962 0.00725511 -0.00725511 0.00297205 0.00694944 -0.00694943 0.00144361 0.00414186 -0.00414187 0.00721684 0.00664566 -0.00664567 0.00688017 0.00721533 -0.00721535 0.00722851 0.00738529 -0.0073853 0.0494762 0.00167735 0.0120837 -0.00178882 0.0537606 0.00116836 -0.0052128 -0.00267969 0.0313821 -0.000268697 0.0677514 0.00331388 0.0694879 0.00376055 
1632 0.0137845 0.00731574 -0.00731574 0.00130525 0.00258531 -0.00258529 0.0042106 0.00921162 -0.00921164 0.00270335 0.00642725 -0.00642725 0.0029384 0.00611706 -0.00611706 0.00135399 0.00582665 -0.00582665 0.00686985 0.00700127 -0.00700129 0.0065825 0.00743815 -0.00743817 0.00691465 0.00759305 -0.00759306 0.0473758 0.00105721 0.00991708 -0.00328247 0.0515473 0.000997225 -0.00550884 -0.00295826 0.029617 -0.000815356 0.0654099 0.00257616 0.0670444 0.00300948 
1648 0.0143625 0.00715482 -0.00715481 0.00107862 0.00352019 -0.00352018 0.00481428 0.0081252 -0.0081252 0.00259921 0.00730937 -0.00730937 0.00303839 0.00745854 -0.00745854 0.00159959 0.00633943 -0.00633943 0.00749249 0.00668439 -0.00668441 0.00652393 0.00741756 -0.00741755 0.00687004 0.00760297 -0.00760296 0.0448356 0.000861178 0.00914756 -0.00205206 0.0484212 0.00107025 -0.00768578 -0.00232724 0.0272682 -0.000348102 0.0626697 0.00173241 0.0642675 0.00213455 
1664 0.0144244 0.00756627 -0.00756627 0.00148089 0.00422052 -0.0042205 0.00422166 0.00814077 -0.00814077 0.00248168 0.00841861 -0.00841862 0.00332935 0.00772147 -0.00772147 0.00159058 0.00462956 -0.00462956 0.00729317 0.00656176 -0.00656177 0.00677973 0.00856632 -0.00856633 0.00713125 0.00872054 -0.00872054 0.0417002 0.000956838 0.00797119 -0.00234575 0.0431919 0.000754793 -0.00964687 -0.00174535 0.0236216 -0.000394435 0.0599355 0.0019544 0.0616886 0.00238066 
1680 0.0142824 0.00704753 -0.00704754 0.00152993 0.00285531 -0.00285529 0.00412652 0.00730469 -0.00730469 0.00275315 0.00658048 -0.00658048 0.0031598 0.00700816 -0.00700816 0.0014291 0.00460283 -0.00460283 0.00708557 0.0057031 -0.00570311 0.00695232 0.00832464 -0.00832465 0.00719676 0.00856278 -0.00856278 0.0388933 0.000919264 0.0070117 -0.00243368 0.039376 0.00113092 -0.0103318 -0.002189 0.0211312 -0.000304546 0.0568103 0.00164898 0.0585256 0.0021576 
1696 0.0140296 0.00673964 -0.00673964 0.00135311 0.00542431 -0.0054243 0.00403395 0.0065926 -0.0065926 0.00244286 0.00651588 -0.00651587 0.00309168 0.00592933 -0.00592933 0.00133883 0.00484382 -0.00484383 0.00672591 0.00595424 -0.00595426 0.00703143 0.00765104 -0.00765104 0.00730366 0.00766495 -0.00766496 0.036224 0.000537912 0.0057999 -0.00221693 0.0377556 0.0015301 -0.0114954 -0.00359592 0.0197141 -0.000448205 0.0530762 0.00108784 0.0545211 0.00158229 
1712 0.0148901 0.00627649 -0.00627648 0.00188759 0.00526862 -0.0052686 0.00441861 0.00624571 -0.00624573 0.00266346 0.00667302 -0.00667302 0.00309339 0.00555214 -0.00555214 0.00142785 0.00256232 -0.00256233 0.00773408 0.00530591 -0.00530592 0.00688966 0.00737889 -0.0073789 0.00715597 0.00741594 -0.00741594 0.0329878 0.000693495 0.00429296 -0.00255493 0.0336336 0.00150363 -0.0120991 -0.000880145 0.0169809 3.42729e-05 0.049274 0.00101865 0.0506502 0.00137265 
1728 0.0149556 0.00701873 -0.00701873 0.00153896 0.00625821 -0.00625819 0.00444154 0.00736226 -0.00736226 0.00293038 0.0073249 -0.0073249 0.00310108 0.00685651 -0.00685652 0.00139753 0.00514636 -0.00514636 0.00737804 0.00667415 -0.00667416 0.00732386 0.00722546 -0.00722547 0.00757761 0.00741135 -0.00741135 0.0295866 0.000428033 0.00288349 -0.00221982 0.0287305 0.00132545 -0.0101336 -0.00145849 0.0144251 -6.93387e-05 0.0447821 0.000559039 0.0463147 0.000866689 
1744 0.0147696 0.00709161 -0.0070916 0.00153212 0.0050371 -0.00503708 0.00444862 0.00726603 -0.00726603 0.00253928 0.00798897 -0.00798897 0.0031738 0.0063751 -0.00637511 0.0015191 0.00631582 -0.00631583 0.00749987 0.0066964 -0.00669641 0.0069902 0.0072724 -0.00727242 0.00726969 0.00752567 -0.00752568 0.0259283 0.00017713 0.0014139 -0.00210237 0.0253834 0.000967914 -0.0107615 -0.00279629 0.0120458 -0.000553404 0.0397386 0.000505795 0.0413088 0.00082143 
1760 0.0148875 0.00665745 -0.00665744 0.00148112 0.00447511 -0.00447509 0.00456809 0.00738057 -0.00738057 0.0025813 0.00568703 -0.00568703 0.00322534 0.00607576 -0.00607577 0.00156484 0.00687898 -0.00687897 0.00761407 0.00669405 -0.00669405 0.00698166 0.00637013 -0.00637014 0.00727339 0.00664816 -0.00664818 0.0229161 0.000322198 0.00107893 -0.00237652 0.0226409 0.000814207 -0.0119936 -0.00140878 0.0100814 -0.000429348 0.0356867 0.000718905 0.0371674 0.00105662 
1776 0.0158115 0.00580508 -0.00580508 0.00165828 0.00581294 -0.00581293 0.00524071 0.00553745 -0.00553744 0.00254643 0.00427684 -0.00427684 0.00366486 0.005371 -0.005371 0.00157709 0.00512716 -0.00512716 0.00847609 0.00554496 -0.00554497 0.00703575 0.00577042 -0.00577043 0.00733539 0.00594851 -0.00594852 0.0207134 0.000126428 0.000321134 -0.00329418 0.0192224 0.00141396 -0.0110486 -0.00128982 0.00832366 -0.000256858 0.0331105 0.00021943 0.0344224 0.000477222 
1792 0.0150261 0.00656825 -0.00656824 0.00152401 0.00544813 -0.00544812 0.00440496 0.00734453 -0.00734454 0.00252593 0.00654703 -0.00654704 0.0030966 0.00522875 -0.00522875 0.00162168 0.0051436 -0.0051436 0.00755067 0.00637603 -0.00637604 0.00724802 0.00660175 -0.00660176 0.00747545 0.00672379 -0.00672379 0.0183727 5.16275e-05 0.000833353 -0.00277049 0.0161516 0.00167338 -0.00998611 -0.00255745 0.00697361 -0.000294862 0.0297825 0.000135086 0.0310001 0.00035 
1808 0.015321 0.00647721 -0.00647721 0.00180978 0.0044245 -0.00442448 0.00466114 0.00697152 -0.00697153 0.00273627 0.00613122 -0.00613122 0.00328899 0.0049409 -0.0049409 0.00155874 0.00611267 -0.00611266 0.00802968 0.00626273 -0.00626274 0.00708216 0.00661652 -0.00661652 0.00729129 0.00666184 -0.00666184 0.0157547 -3.61554e-05 0.000821101 -0.00336151 0.0138649 0.00180275 -0.0089327 -0.00285286 0.00585249 -0.000429197 0.0257028 8.03737e-05 0.026823 0.00031693 
1824 0.016157 0.00630126 -0.00630125 0.00177646 0.0050349 -0.00503487 0.0051891 0.00688462 -0.00688463 0.00279275 0.00619547 -0.00619547 0.00369677 0.00477144 -0.00477145 0.00178096 0.00698401 -0.00698402 0.00874652 0.00659517 -0.00659517 0.00717453 0.00586643 -0.00586645 0.00741052 0.00597369 -0.0059737 0.0138858 -0.000519528 0.000300214 -0.00348247 0.0120062 0.000539475 -0.00876274 -0.00239238 0.00475022 -0.00104278 0.0230262 -0.000338255 0.0241066 -0.000110404 
1840 0.0157384 0.00626511 -0.00626511 0.00171883 0.00518079 -0.00518077 0.00512527 0.00816242 -0.00816241 0.00268134 0.00453399 -0.00453399 0.0033119 0.00572591 -0.0057259 0.00150311 0.00661566 -0.00661567 0.00834724 0.00723774 -0.00723776 0.00720224 0.00492095 -0.00492096 0.00739115 0.00514139 -0.0051414 0.0128886 -0.000589114 0.000561279 -0.0030647 0.0108408 0.000252348 -0.00784753 -0.00306311 0.00436714 -0.0012358 0.0213219 -0.000408923 0.0224004 -4.92479e-05 
1856 0.0161694 0.00623755 -0.00623754 0.00197714 0.00511161 -0.00511159 0.00517887 0.00802178 -0.00802178 0.00241061 0.00411888 -0.0041189 0.00361376 0.00542538 -0.00542538 0.00156285 0.00597037 -0.00597037 0.00871889 0.00693183 -0.00693184 0.00719806 0.00539032 -0.00539033 0.00745052 0.00547978 -0.00547978 0.0120692 -0.00017285 0.00199648 -0.00324223 0.00952857 0.00150185 -0.00478432 -0.00295997 0.00453939 -0.00058789 0.0194966 -0.000189761 0.0204731 0.000154678 
1872 0.0161316 0.00643161 -0.00643161 0.00174132 0.00627242 -0.0062724 0.00528379 0.00702317 -0.00702318 0.00238808 0.00515719 -0.00515719 0.00364159 0.00614169 -0.00614168 0.00164863 0.00730477 -0.00730477 0.00867376 0.00697612 -0.00697613 0.00722087 0.00570349 -0.0057035 0.00745782 0.00586318 -0.00586318 0.0111247 -0.000925997 0.00269985 -0.00440843 0.00857774 0.000851227 -0.00351179 -0.00276106 0.00451818 -0.00119308 0.0175236 -0.000935627 0.0184347 -0.000718902 
1888 0.0167565 0.00703412 -0.00703412 0.002061 0.00753097 -0.00753095 0.00533135 0.0072896 -0.0072896 0.00273212 0.00605319 -0.00605319 0.00381782 0.0057235 -0.0057235 0.00166551 0.00819712 -0.00819712 0.00905787 0.00775677 -0.00775678 0.00741154 0.00613181 -0.00613182 0.00769861 0.00629098 -0.00629099 0.0104783 -0.000985762 0.00247156 -0.00362351 0.00815794 -0.000325774 -0.0030721 -0.00436066 0.00437644 -0.00197359 0.0163425 -0.000142924 0.0173516 3.97296e-05 
1904 0.0163474 0.00706388 -0.00706389 0.00194075 0.00660195 -0.00660194 0.0049457 0.00808678 -0.00808677 0.00256047 0.00622522 -0.00622522 0.00363021 0.00729636 -0.00729637 0.00172641 0.00732709 -0.0073271 0.00861287 0.00766932 -0.00766934 0.00749638 0.00610367 -0.00610368 0.00773449 0.00640461 -0.00640462 0.0099929 -0.00041527 0.00486171 -0.00206424 0.00703914 0.000792153 -0.00209566 -0.00413842 0.00452542 -0.000944026 0.01512 -0.000129743 0.0161728 7.98054e-05 
1920 0.0170766 0.00660538 -0.00660539 0.00185672 0.00645602 -0.006456 0.00565163 0.00717994 -0.00717995 0.00274234 0.00584193 -0.00584193 0.00384186 0.0065575 -0.00655749 0.00174943 0.00684067 -0.00684068 0.00925782 0.00690088 -0.00690089 0.00757349 0.0059539 -0.00595391 0.00781881 0.00623824 -0.00623825 0.00994751 -0.000654069 0.00626965 -0.00378354 0.0070405 0.00106709 -0.0011868 -0.00329516 0.00509985 -0.00106847 0.0143504 -0.000607804 0.015341 -0.000339773 
1936 0.0172096 0.00685053 -0.00685052 0.0021883 0.00619462 -0.00619459 0.00495644 0.00866409 -0.00866409 0.00303303 0.00709289 -0.00709288 0.00378622 0.0052165 -0.00521649 0.00171134 0.00608024 -0.00608023 0.00885609 0.00763715 -0.00763715 0.00807548 0.00579427 -0.00579428 0.00835349 0.00592401 -0.00592401 0.0105696 -0.000806292 0.00577881 -0.00337513 0.00801832 0.00110471 0.00123176 -0.0036338 0.00606189 -0.00107057 0.0147004 -0.000832143 0.0156992 -0.000623737 
1952 0.0170111 0.00738256 -0.00738257 0.00214022 0.00697377 -0.00697375 0.00530013 0.00875611 -0.00875611 0.00326809 0.0083192 -0.0083192 0.00378159 0.00549125 -0.00549125 0.00169295 0.00459727 -0.00459728 0.00913334 0.00763038 -0.00763039 0.00764797 0.00699163 -0.00699165 0.00787777 0.00713399 -0.00713401 0.0112576 -0.00044326 0.00639699 -0.00228255 0.00822008 0.000473156 0.00282878 -0.00320646 0.00661693 -0.00100099 0.0157236 -0.000121439 0.0166127 1.5245e-05 
1968 0.0172499 0.00669947 -0.00669946 0.00191555 0.00626154 -0.00626152 0.00564246 0.00811445 -0.00811446 0.00308163 0.00796102 -0.00796102 0.00376147 0.00568252 -0.00568252 0.00164699 0.00478335 -0.00478335 0.00920502 0.00722653 -0.00722654 0.00781981 0.00591235 -0.00591237 0.00804484 0.00602806 -0.00602806 0.0109416 -0.000929623 0.00756952 -0.00302204 0.00759003 0.000600013 0.0031885 -0.00477668 0.00662435 -0.00143073 0.0149574 -0.000764421 0.0158668 -0.000500004 
1984 0.0171852 0.00634038 -0.00634039 0.00181685 0.00334207 -0.00334205 0.00544376 0.00764535 -0.00764536 0.00321319 0.00598011 -0.0059801 0.00378022 0.0050665 -0.00506651 0.00165619 0.00742953 -0.00742953 0.00891682 0.00664169 -0.00664171 0.0080174 0.00586361 -0.00586363 0.00826834 0.00598778 -0.0059878 0.0110268 -0.000571688 0.0097759 -0.00306497 0.00775294 0.00133277 0.00420133 -0.00364804 0.00743899 -0.000726524 0.0140117 -0.000877492 0.0150998 -0.000513151 
2000 0.0172384 0.00666898 -0.00666899 0.00206087 0.00464671 -0.0046467 0.00535401 0.00826369 -0.0082637 0.00298757 0.00600564 -0.00600566 0.00384203 0.00655673 -0.00655672 0.0018432 0.00602473 -0.00602473 0.00925812 0.00706543 -0.00706544 0.00777999 0.00600811 -0.00600813 0.00798033 0.00627862 -0.00627863 0.0118057 5.47533e-05 0.0109285 -0.00158774 0.00871894 0.00143141 0.00585846 -0.00501014 0.00862782 -0.000599127 0.0145105 0.000330466 0.0154513 0.000629193 
2016 0.0171229 0.00596412 -0.00596413 0.00175723 0.00568525 -0.00568523 0.00545145 0.00677918 -0.00677917 0.00291757 0.00668076 -0.00668076 0.00374174 0.00507 -0.00506999 0.0015989 0.00437955 -0.00437956 0.00880759 0.00604921 -0.00604922 0.00806182 0.00580967 -0.00580967 0.00831527 0.00587486 -0.00587486 0.0126707 0.000160487 0.0096932 -0.00152365 0.0110249 0.00199498 0.00626622 -0.00567315 0.00973135 -0.000538677 0.0153519 0.000533657 0.0161283 0.000764188 
2032 0.0180304 0.00589895 -0.00589895 0.00193695 0.00399888 -0.00399886 0.00539267 0.0067011 -0.00670111 0.00310175 0.00467854 -0.00467854 0.00400354 0.0050506 -0.0050506 0.00188916 0.00601878 -0.00601878 0.00921879 0.00593818 -0.0059382 0.00857926 0.00591827 -0.00591827 0.00881162 0.0059063 -0.00590631 0.0135597 -0.000161893 0.0115923 -0.00242952 0.0122559 0.000914652 0.00578208 -0.00369571 0.0107197 -0.000850115 0.0161884 0.000291943 0.0169381 0.000540637 
2048 0.0170967 0.00642864 -0.00642864 0.00185659 0.00470692 -0.0047069 0.00523827 0.00639883 -0.00639883 0.00303716 0.0062694 -0.00626941 0.00353077 0.00646992 -0.00646991 0.00182296 0.00606536 -0.00606536 0.00891785 0.00611713 -0.00611714 0.00803259 0.00681826 -0.00681828 0.00817882 0.00678952 -0.00678953 0.0136697 -0.000701218 0.0115124 -0.00329927 0.0109953 0.00032304 0.00708425 -0.00418404 0.0102768 -0.00137291 0.0168705 -0.00041358 0.0176458 -9.02996e-05 
2064 0.0172694 0.00589293 -0.00589294 0.0018128 0.00486183 -0.00486181 0.00492981 0.00717825 -0.00717826 0.00330439 0.00584698 -0.00584698 0.00385555 0.00499068 -0.00499067 0.00178574 0.00484882 -0.00484882 0.00852837 0.00624144 -0.00624146 0.00853122 0.00572947 -0.00572949 0.00874106 0.00566829 -0.0056683 0.014042 -0.000630136 0.00945802 -0.00244199 0.0104893 0.00102327 0.00891568 -0.00626503 0.00997054 -0.00132917 0.0178328 -0.000389277 0.0187616 -7.77683e-05 
2080 0.0174389 0.0057082 -0.00570821 0.00183714 0.00324015 -0.00324013 0.00517739 0.00679678 -0.00679678 0.00303861 0.0064768 -0.00647679 0.00369556 0.00552053 -0.00552052 0.00175455 0.00485304 -0.00485304 0.00876909 0.00557563 -0.00557564 0.00841638 0.00574636 -0.00574637 0.0086698 0.00591665 -0.00591666 0.0150183 -9.95967e-05 0.0125507 -0.00323041 0.0117602 0.0013682 0.00940001 -0.00614052 0.0114432 -0.00134364 0.01828 0.000839633 0.0192358 0.00114047 
2096 0.0175331 0.00575658 -0.00575658 0.00176296 0.00283829 -0.00283828 0.00501726 0.00634201 -0.006342 0.00303552 0.00655663 -0.00655662 0.00394571 0.00501005 -0.00501005 0.00187428 0.00578167 -0.00578167 0.00865451 0.00548447 -0.00548448 0.00857395 0.00598435 -0.00598435 0.00887857 0.00610656 -0.00610657 0.0150868 -0.000284562 0.0124932 -0.00345275 0.0123201 0.00081004 0.00784162 -0.00574658 0.0114625 -0.00157736 0.0184783 0.000698925 0.0192961 0.00105895 
2112 0.0175289 0.00579365 -0.00579366 0.00179486 0.00337569 -0.00337568 0.00495864 0.00659124 -0.00659124 0.00307742 0.00516063 -0.00516063 0.0039015 0.00549714 -0.00549714 0.00193804 0.0050928 -0.00509281 0.00869156 0.00549457 -0.00549458 0.00861017 0.00606385 -0.00606386 0.00883733 0.00622021 -0.0062202 0.0153342 -0.000929685 0.0112813 -0.00363031 0.0126571 0.000324379 0.00838672 -0.00624921 0.0114204 -0.0019593 0.0192362 -0.000288997 0.0198966 4.80888e-05 
2128 0.0174338 0.00521064 -0.00521064 0.00191027 0.00155871 -0.0015587 0.00523169 0.00504226 -0.00504226 0.00288541 0.00515246 -0.00515247 0.00386855 0.00506147 -0.00506146 0.00164989 0.00770596 -0.00770596 0.00879187 0.00486503 -0.00486505 0.00838201 0.00539467 -0.00539468 0.00864195 0.0055774 -0.0055774 0.015772 -0.000445553 0.0125231 -0.00383466 0.0133497 0.00134905 0.00882084 -0.0061971 0.0120741 -0.00147787 0.0194223 0.00023888 0.020134 0.000520307 
2144 0.0171891 0.00516322 -0.00516323 0.00164581 0.00230908 -0.00230906 0.00503016 0.00594167 -0.00594167 0.00306599 0.00373749 -0.00373749 0.0040038 0.00547731 -0.00547731 0.00180337 0.00700511 -0.00700512 0.00847936 0.00550809 -0.00550812 0.00843736 0.00464042 -0.00464043 0.00870976 0.0047889 -0.0047889 0.0155688 -2.89525e-05 0.0116617 -0.00213291 0.0128423 0.00148168 0.00851031 -0.00635746 0.0116006 -0.00105996 0.0193897 0.000663736 0.0203079 0.000967542 
2160 0.0174347 0.005434 -0.00543401 0.00183036 0.00186745 -0.00186743 0.00534107 0.00657667 -0.00657666 0.00292111 0.00447836 -0.00447837 0.00413187 0.00506461 -0.00506462 0.0018371 0.00626494 -0.00626494 0.00900856 0.00549679 -0.0054968 0.00821396 0.00519239 -0.0051924 0.00842614 0.00538533 -0.00538533 0.0155432 -0.000392827 0.0122703 -0.00268104 0.0128821 0.000237753 0.00822703 -0.00539949 0.0117446 -0.00165873 0.0191716 0.000528034 0.0200819 0.000840872 
2176 0.0179298 0.00535601 -0.00535602 0.00207814 0.0016093 -0.00160928 0.00526747 0.00680295 -0.00680295 0.00311599 0.00450499 -0.004505 0.00397907 0.00523026 -0.00523027 0.00177148 0.00499097 -0.00499097 0.00911712 0.00522099 -0.005221 0.0085813 0.00538817 -0.00538818 0.00881271 0.00552038 -0.00552039 0.0157613 -0.000828757 0.0113012 -0.00274191 0.0142193 0.000373642 0.00744419 -0.00655856 0.012095 -0.00185087 0.0192549 -0.000203886 0.0200958 0.000104273 
2192 0.0173741 0.00536183 -0.00536184 0.00185511 0.00383307 -0.00383307 0.00508095 0.00598438 -0.00598438 0.00297358 0.00433501 -0.00433501 0.00397616 0.00511315 -0.00511314 0.00169335 0.00430776 -0.00430776 0.00862944 0.00523008 -0.00523009 0.00852091 0.0053364 -0.0053364 0.00874472 0.00550166 -0.00550166 0.0156162 -0.00073748 0.0104679 -0.00282011 0.013478 0.00094016 0.00747989 -0.00702864 0.011459 -0.00165855 0.019748 -0.000160359 0.0205304 0.000144066 
2208 0.0177871 0.00418946 -0.00418945 0.00210321 0.00204864 -0.00204862 0.00471628 0.00488785 -0.00488786 0.00309537 0.00400034 -0.00400034 0.00409474 0.00348441 -0.00348441 0.00179787 0.00279684 -0.00279685 0.00861738 0.00372433 -0.00372435 0.0089025 0.00457198 -0.00457199 0.00916973 0.00465719 -0.0046572 0.0150203 -0.000280469 0.0100008 -0.00241115 0.0120324 0.00075301 0.00712301 -0.00674566 0.0105446 -0.00163686 0.0196023 0.000867974 0.0203744 0.0011381 
2224 0.0174392 0.00407626 -0.00407626 0.00224056 0.00142588 -0.00142586 0.00475205 0.00410488 -0.0041049 0.00291787 0.00377816 -0.00377817 0.00370324 0.00406809 -0.00406809 0.00179134 0.00379199 -0.003792 0.00878397 0.00324317 -0.00324318 0.00843536 0.00491607 -0.00491607 0.0086552 0.00503303 -0.00503303 0.0151253 -0.00103625 0.00908047 -0.00387949 0.0128816 0.000508612 0.00608852 -0.00651908 0.0106052 -0.00206492 0.0196689 -0.000290742 0.0204296 -3.89492e-05 
2240 0.0173834 0.00441021 -0.00441021 0.0018887 0.00219067 -0.00219065 0.00492516 0.00520863 -0.00520864 0.00301682 0.00420358 -0.00420358 0.003791 0.00375009 -0.00375008 0.00170629 0.00495188 -0.00495189 0.00852018 0.00444248 -0.00444249 0.00862025 0.00434002 -0.00434001 0.00886319 0.00450587 -0.00450588 0.0154223 -0.000862763 0.00977574 -0.00353551 0.0140652 0.000519057 0.00454275 -0.00528643 0.01106 -0.0017213 0.0197427 -0.000337516 0.0205428 -7.61933e-05 
2256 0.0179223 0.00403674 -0.00403674 0.00221657 0.00126571 -0.00126569 0.00488428 0.00562492 -0.00562492 0.00335162 0.00352324 -0.00352324 0.00378506 0.0030629 -0.0030629 0.00159652 0.00303257 -0.00303257 0.00869738 0.00396828 -0.0039683 0.00897506 0.00399509 -0.0039951 0.00922493 0.00413519 -0.0041352 0.0150405 -0.000920107 0.0093956 -0.00301945 0.0126502 0.000340177 0.0050439 -0.00757702 0.010324 -0.00219028 0.0198158 6.51908e-05 0.0206133 0.000281269 
2272 0.0176829 0.00458222 -0.00458221 0.00207052 0.00307133 -0.00307132 0.00524662 0.00506821 -0.00506822 0.00315437 0.00532746 -0.00532746 0.00357767 0.00370793 -0.00370793 0.0016152 0.00342771 -0.00342771 0.00893237 0.00416157 -0.00416158 0.00854931 0.00505006 -0.00505007 0.00875056 0.00509493 -0.00509493 0.0149627 -0.000994602 0.00818414 -0.00286845 0.0118576 0.000164931 0.0054963 -0.00724129 0.00967813 -0.0021379 0.0204931 -0.00015468 0.0211892 0.000104412 
2288 0.017848 0.00484908 -0.00484908 0.00210115 0.00248027 -0.00248025 0.00524678 0.00593668 -0.00593668 0.00320222 0.00580016 -0.00580016 0.00382396 0.00317763 -0.00317763 0.00172348 0.00517675 -0.00517674 0.00907143 0.00505254 -0.00505254 0.00860204 0.00449711 -0.00449711 0.00877663 0.0045705 -0.00457049 0.0151576 -0.000792341 0.00889366 -0.00277664 0.0123871 0.00056499 0.00621988 -0.00654628 0.0102448 -0.00181984 0.0202277 -8.54117e-05 0.0209266 0.00023586 
2304 0.01778 0.00420482 -0.00420482 0.00195852 0.000805805 -0.000805795 0.00497189 0.00514908 -0.00514908 0.00343967 0.00446174 -0.00446175 0.00376051 0.00376778 -0.00376778 0.00194872 0.00577517 -0.00577517 0.00887915 0.00430727 -0.00430728 0.0086648 0.00390162 -0.00390164 0.0089009 0.00401051 -0.00401053 0.0154809 -0.00107736 0.00735812 -0.00343953 0.0136113 0.000162157 0.006771 -0.00698396 0.0106611 -0.00224361 0.0203726 -0.000147813 0.0210879 0.000126668 
2320 0.0176982 0.00405011 -0.00405011 0.00197579 0.000199796 -0.000199781 0.00501575 0.0037194 -0.0037194 0.00330236 0.00444386 -0.00444386 0.0038468 0.00319513 -0.00319513 0.00177042 0.00569928 -0.00569929 0.00876198 0.00343725 -0.00343726 0.00875417 0.00455309 -0.00455309 0.00893619 0.004589 -0.00458901 0.0155663 -0.00105069 0.00712961 -0.00299265 0.014126 -0.00066249 0.00600285 -0.00642366 0.010798 -0.00252512 0.0205187 0.00018738 0.021168 0.000446847 
2336 0.0177989 0.0044578 -0.00445779 0.00185984 0.000842674 -0.000842656 0.00487228 0.00483393 -0.00483394 0.00325876 0.00499503 -0.00499503 0.00393959 0.00342562 -0.00342561 0.00181471 0.0039189 -0.0039189 0.00854683 0.00386528 -0.00386529 0.00906883 0.00496775 -0.00496776 0.00925208 0.00505108 -0.00505109 0.0147277 -0.00107166 0.00784959 -0.00299845 0.0128124 -0.000711394 0.00564789 -0.00700101 0.0101536 -0.00270872 0.0195034 0.00029913 0.0201525 0.000562581 
2352 0.0173057 0.00400508 -0.00400509 0.00206386 8.77e-06 -8.75792e-06 0.00495638 0.00477407 -0.00477408 0.00310244 0.00546221 -0.00546221 0.00391761 0.00274258 -0.00274258 0.00154324 0.00424335 -0.00424334 0.0085635 0.00358651 -0.00358651 0.00854865 0.00418968 -0.00418968 0.0087422 0.00439189 -0.00439189 0.0143919 -0.0016151 0.00650443 -0.00514159 0.0128289 -0.000565522 0.00610272 -0.00684085 0.00989933 -0.00300998 0.0190511 -0.000527297 0.0196918 -0.000212358 
2368 0.017475 0.00351362 -0.00351361 0.00189241 0.00203631 -0.00203628 0.00500593 0.00436453 -0.00436453 0.00313437 0.00456084 -0.00456085 0.00377984 0.00100998 -0.00100998 0.0017907 0.00321449 -0.0032145 0.00868907 0.00350751 -0.00350753 0.00860235 0.00345763 -0.00345763 0.00878594 0.00351746 -0.00351746 0.0146075 -0.00129359 0.00712197 -0.00353998 0.0142387 0.000164776 0.00406522 -0.00648307 0.0104812 -0.0021621 0.0188495 -0.000720959 0.0195032 -0.000440749 
2384 0.0176465 0.00377078 -0.00377078 0.00185655 0.00143603 -0.00143601 0.00495992 0.00408108 -0.00408109 0.00324473 0.00382462 -0.00382461 0.00345355 0.00208306 -0.00208305 0.00180186 0.00455066 -0.00455067 0.00861835 0.00361132 -0.00361132 0.00890955 0.00390139 -0.0039014 0.00902819 0.00397359 -0.00397359 0.0140723 -0.00099878 0.00705129 -0.00254061 0.0132427 0.000512058 0.00434246 -0.00729714 0.00992849 -0.00194155 0.0184816 -0.000245843 0.0190211 -9.43608e-05 
2400 0.0176476 0.0038679 -0.0038679 0.00200097 0.00196231 -0.0019623 0.00500668 0.0040857 -0.00408569 0.00315304 0.00411959 -0.00411959 0.0037493 0.00237592 -0.00237592 0.00182211 0.0042896 -0.0042896 0.0088298 0.00365407 -0.00365407 0.00865074 0.00415052 -0.00415052 0.00881784 0.00409587 -0.00409589 0.0139109 -0.00122626 0.0064954 -0.00467634 0.0125332 0.000499371 0.00591863 -0.00844986 0.00971922 -0.00269301 0.0183412 5.75542e-06 0.0189015 0.000244222 
2416 0.0173344 0.00392359 -0.00392359 0.00180566 0.00327407 -0.00327405 0.00505826 0.00496229 -0.00496228 0.00318682 0.00452277 -0.00452278 0.00353579 0.00290412 -0.00290412 0.00162391 0.00325887 -0.00325888 0.00848784 0.00422132 -0.00422133 0.00869407 0.00358083 -0.00358084 0.00884654 0.00357444 -0.00357445 0.0144158 -0.000665489 0.00642491 -0.00423164 0.0138926 0.000908187 0.00526171 -0.00652937 0.0102979 -0.00195901 0.0187041 0.000401729 0.0193177 0.000617772 
2432 0.0181974 0.00339103 -0.00339103 0.00201139 0.00168125 -0.00168122 0.00539477 0.00355056 -0.00355057 0.00322579 0.00486276 -0.00486276 0.0037877 0.00169158 -0.00169157 0.00183539 0.00305355 -0.00305357 0.00924157 0.00306009 -0.0030601 0.00881279 0.00367388 -0.00367388 0.00895579 0.00371314 -0.00371314 0.0140758 -0.000551022 0.00630427 -0.00391116 0.0133916 0.00163801 0.004168 -0.00674083 0.0097579 -0.00158224 0.018638 0.000357737 0.0192109 0.000455793 
2448 0.0172449 0.00369946 -0.00369946 0.00170258 0.00150927 -0.00150924 0.00511164 0.00339451 -0.00339451 0.00325376 0.00345769 -0.00345768 0.0036113 0.00311623 -0.00311623 0.00186651 0.00524405 -0.00524406 0.00868074 0.00337739 -0.00337741 0.00840412 0.00412136 -0.00412137 0.00856415 0.00409366 -0.00409366 0.013841 -0.000866016 0.00686106 -0.00379207 0.0117458 0.00166021 0.00620483 -0.00843321 0.00940727 -0.00186826 0.0185453 -3.38742e-05 0.0191384 0.000166913 
2464 0.0172173 0.00380186 -0.00380187 0.00168644 0.00144835 -0.00144834 0.00492937 0.00406254 -0.00406254 0.00313387 0.004401 -0.00440101 0.00364703 0.00253013 -0.00253013 0.00175961 0.0039621 -0.00396211 0.00837545 0.00344464 -0.00344465 0.00873613 0.00436922 -0.00436922 0.00884181 0.00431791 -0.00431792 0.0141002 -0.000632536 0.0085923 -0.00268983 0.0116016 0.00149703 0.00684116 -0.0082371 0.00989174 -0.00164399 0.018506 0.0001908 0.019108 0.000378191 
2480 0.0181885 0.00302574 -0.00302573 0.00200094 0.00328872 -0.0032887 0.00580191 0.00329107 -0.00329107 0.00337749 0.00268366 -0.00268366 0.0038005 0.00193413 -0.00193413 0.00163454 0.00230257 -0.00230257 0.00943743 0.003068 -0.003068 0.00864866 0.00306884 -0.00306885 0.00875108 0.00303642 -0.00303641 0.0141382 -0.000875867 0.00736496 -0.00292132 0.0136223 0.00111188 0.00372822 -0.00656911 0.0100456 -0.00158519 0.0182885 -0.000326017 0.0189763 -0.000238514 
2496 0.0167937 0.00351064 -0.00351064 0.00193736 0.001977 -0.00197698 0.00520236 0.00448896 -0.00448895 0.00294136 0.00464247 -0.00464248 0.0035731 0.00190296 -0.00190295 0.0017597 0.00262509 -0.00262509 0.00889945 0.0035354 -0.00353542 0.00775841 0.00359581 -0.00359582 0.00789426 0.00354236 -0.00354237 0.0141001 -0.0010068 0.00728836 -0.00365493 0.0140575 0.00094723 0.00458581 -0.00723791 0.0103379 -0.00201362 0.0179392 -6.26229e-05 0.0185899 1.51967e-05 
2512 0.0176333 0.00276487 -0.00276486 0.00182414 0.00218956 -0.00218954 0.00548868 0.00330298 -0.00330298 0.00313629 0.00258984 -0.00258985 0.00390568 0.000883329 -0.00088333 0.00172934 0.00334775 -0.00334775 0.00904218 0.00299547 -0.00299549 0.00847241 0.00253626 -0.00253627 0.00859109 0.00252977 -0.00252977 0.0143376 -0.000936404 0.00802137 -0.00291695 0.0125104 0.00112549 0.00602494 -0.00776087 0.0100214 -0.00179301 0.0188639 -5.38133e-05 0.0194203 -6.80804e-05 
2528 0.0178399 0.00356657 -0.00356658 0.00226713 0.00408867 -0.00408865 0.00525163 0.00405012 -0.00405012 0.00336061 0.00287403 -0.00287403 0.00391729 0.00270182 -0.00270182 0.00184767 0.00319354 -0.00319355 0.00936645 0.00405349 -0.00405349 0.0082836 0.00308229 -0.00308231 0.00847349 0.00315572 -0.00315573 0.0140447 -0.000866386 0.00721131 -0.00244553 0.0124214 0.000813516 0.00434786 -0.00643507 0.00940453 -0.00156687 0.0187753 -0.000365433 0.0194518 -0.000286671 
2544 0.0180322 0.00366682 -0.00366682 0.00230261 0.00267047 -0.00267045 0.00519369 0.00406515 -0.00406515 0.00308222 0.00337327 -0.00337328 0.00398741 0.00286534 -0.00286534 0.00199744 0.00329276 -0.00329276 0.00949377 0.00370202 -0.00370204 0.00838629 0.00345797 -0.00345798 0.00853846 0.00366834 -0.00366834 0.0139598 -0.00144463 0.00643039 -0.00393198 0.0125576 6.23817e-05 0.00444646 -0.00656522 0.00934225 -0.00240626 0.0186589 -0.000568548 0.0193251 -0.000496465 
2560 0.0183137 0.00331316 -0.00331317 0.00208128 0.00285449 -0.00285447 0.00525738 0.00324694 -0.00324694 0.00296857 0.0031641 -0.0031641 0.00404102 0.0024345 -0.00243451 0.00213334 0.00295005 -0.00295006 0.009472 0.00320951 -0.00320951 0.00863211 0.00346101 -0.00346102 0.00884175 0.00350991 -0.00350991 0.0141875 -0.00124199 0.00622769 -0.00377937 0.0130609 0.00100211 0.00568647 -0.00708536 0.00988853 -0.00192086 0.018638 -0.000595557 0.0192199 -0.000581453 
2576 0.0176416 0.00411029 -0.00411029 0.00187608 0.0019322 -0.00193218 0.0054847 0.00400359 -0.0040036 0.00321272 0.00281202 -0.00281201 0.00404834 0.00266709 -0.00266709 0.00185099 0.00515516 -0.00515516 0.00921181 0.00384641 -0.0038464 0.00831697 0.00446207 -0.00446207 0.00842986 0.00445341 -0.00445342 0.0144478 -0.000529477 0.00776202 -0.00330693 0.0139683 0.00188924 0.00656347 -0.00634826 0.0108858 -0.00118937 0.018132 -6.92667e-06 0.0186709 8.88279e-05 
2592 0.0182315 0.0039009 -0.0039009 0.00203847 0.00170428 -0.00170427 0.0054871 0.00456034 -0.00456035 0.00292836 0.00381608 -0.00381608 0.00397648 0.00289194 -0.00289195 0.00208883 0.0028703 -0.0028703 0.00961441 0.00357497 -0.00357499 0.00844988 0.00446514 -0.00446514 0.00861713 0.0043187 -0.00431869 0.014561 -0.000713257 0.0082604 -0.00379279 0.0140592 0.00161288 0.00643746 -0.00588713 0.0110278 -0.00141588 0.0182186 -0.000129506 0.0186675 1.97083e-07 
2608 0.0184666 0.00334789 -0.0033479 0.00229403 0.00161633 -0.00161631 0.00528739 0.00347778 -0.00347779 0.00313109 0.00351631 -0.00351633 0.00403445 0.00208894 -0.00208893 0.0019856 0.00251463 -0.00251464 0.00956705 0.00296088 -0.00296088 0.00875561 0.00397402 -0.00397405 0.00889957 0.00393404 -0.00393405 0.0145562 -0.00108724 0.00558643 -0.00437504 0.0142592 0.00136823 0.00514518 -0.00587237 0.0102296 -0.00166343 0.0191206 -0.000632066 0.0196143 -0.00048963 
2624 0.0174836 0.00359318 -0.00359318 0.00178279 0.00227914 -0.00227912 0.00533588 0.0030479 -0.0030479 0.00304816 0.00462682 -0.00462682 0.00376374 0.00133279 -0.00133279 0.00193724 0.00458032 -0.00458032 0.0090559 0.0031724 -0.00317242 0.00821884 0.00427389 -0.00427391 0.00842765 0.00421742 -0.00421743 0.0143447 -0.000683842 0.00629197 -0.00320749 0.0142187 0.00148538 0.00450094 -0.006066 0.0102882 -0.00129587 0.0184833 -0.00022941 0.0191581 -8.03675e-05 
2640 0.0178439 0.00300577 -0.00300578 0.00219292 0.000374762 -0.000374748 0.00514717 0.00407603 -0.00407603 0.00325983 0.00441857 -0.00441857 0.00402792 0.000924197 -0.000924204 0.00194267 0.00197172 -0.00197174 0.00928278 0.00276824 -0.00276824 0.00842269 0.00332804 -0.00332805 0.00856116 0.00336497 -0.00336499 0.0143217 -0.000929063 0.00695613 -0.00452197 0.0134632 0.00128453 0.00714669 -0.0079 0.0104889 -0.00210527 0.0182085 0.000173172 0.0188343 0.000282507 
2656 0.0178129 0.00303809 -0.0030381 0.00210698 0.000237898 -0.000237887 0.00535954 0.00320383 -0.00320383 0.00315929 0.00463998 -0.00463998 0.00371517 0.00135079 -0.00135078 0.00159451 0.00162824 -0.00162825 0.00906106 0.00232297 -0.00232299 0.00854264 0.00394017 -0.00394017 0.00875187 0.00393263 -0.00393263 0.014323 -0.00115336 0.00566955 -0.00389445 0.014474 0.000798722 0.00560696 -0.00703806 0.010506 -0.00209659 0.0183079 -0.000311608 0.018844 -0.00025306 
2672 0.0178186 0.00303073 -0.00303073 0.00195553 0.000308177 -0.000308153 0.00529541 0.00349972 -0.00349971 0.00310078 0.00458184 -0.00458184 0.00391254 0.00129542 -0.00129541 0.0017401 0.00155391 -0.00155391 0.00899107 0.00230028 -0.00230028 0.0086597 0.00380748 -0.00380748 0.00882752 0.00379394 -0.00379396 0.0147941 -0.000775759 0.00730441 -0.00349491 0.0149161 0.00114191 0.00494299 -0.00700651 0.0110254 -0.00180762 0.0186352 0.000157258 0.0192204 0.000229721 
2688 0.0178118 0.00322572 -0.00322572 0.00208713 0.00122742 -0.00122741 0.00527517 0.00384723 -0.00384724 0.00346957 0.00462729 -0.0046273 0.00428368 9.98658e-05 -9.98663e-05 0.00191744 0.00135329 -0.00135328 0.00927977 0.00261778 -0.0026178 0.00838902 0.00394845 -0.00394846 0.00853203 0.00383043 -0.00383044 0.0153717 -0.000567724 0.00915023 -0.00402702 0.0145583 0.00179226 0.00766108 -0.00757348 0.0116778 -0.00170653 0.0190385 0.000466331 0.019716 0.000556946 
2704 0.0181052 0.00336029 -0.00336029 0.00221364 0.00167305 -0.00167303 0.00503126 0.00360756 -0.00360756 0.00326478 0.00430599 -0.00430599 0.0039831 0.0029993 -0.0029993 0.00201676 0.004528 -0.004528 0.00926167 0.00329395 -0.00329397 0.00866059 0.00353589 -0.00353591 0.00884357 0.00344746 -0.00344746 0.0149686 -0.000518398 0.00724234 -0.00369195 0.0156996 0.00147159 0.0052571 -0.00704729 0.0114166 -0.00166809 0.0185784 0.000567163 0.0191592 0.000641261 
2720 0.018527 0.0026537 -0.0026537 0.00223884 0.00307702 -0.00307701 0.00523831 0.00239092 -0.00239091 0.00332431 0.00350309 -0.00350309 0.00455805 0.00182546 -0.00182544 0.00201822 0.00385311 -0.00385311 0.00949539 0.00269903 -0.00269903 0.00883073 0.00269969 -0.0026997 0.00903159 0.00265021 -0.00265022 0.0150444 -0.000941286 0.00567576 -0.00463202 0.0158308 0.000588967 0.00480597 -0.00741774 0.0110302 -0.00241022 0.0192474 0.000536496 0.0197446 0.000581016 
2736 0.0176001 0.00240768 -0.00240769 0.00219965 0.00109515 -0.00109513 0.00510451 0.0022548 -0.00225482 0.00316618 0.00323332 -0.00323332 0.00432051 0.00161096 -0.00161097 0.00187427 0.00274837 -0.00274838 0.00917844 0.00210755 -0.00210757 0.00819523 0.00269339 -0.0026934 0.00842162 0.00271186 -0.00271187 0.0151895 -0.000808375 0.00667795 -0.00323379 0.0151907 0.00143743 0.00452878 -0.00782708 0.0108309 -0.00174435 0.0197753 -5.34871e-05 0.0202759 5.96742e-05 
2752 0.0173693 0.00225842 -0.00225842 0.00202405 0.000340623 -0.000340609 0.0050351 0.00260995 -0.00260995 0.00315121 0.00206878 -0.00206879 0.00418162 0.00187341 -0.00187341 0.00184767 0.0030301 -0.0030301 0.00890684 0.00203177 -0.00203178 0.00826666 0.00239349 -0.0023935 0.00846244 0.00245302 -0.00245302 0.0152125 -0.000305745 0.00775499 -0.0023769 0.0151175 0.00185487 0.00509332 -0.00658769 0.0112105 -0.001075 0.0193301 0.000212021 0.0199043 0.0003736 
2768 0.0182216 0.00233509 -0.00233509 0.00218862 0.000255102 -0.000255077 0.00528124 0.00236225 -0.00236225 0.00302793 0.00316289 -0.0031629 0.00436487 0.00132754 -0.00132753 0.00201733 0.00164102 -0.00164103 0.00948721 0.00164826 -0.00164828 0.00860526 0.00300458 -0.0030046 0.00873436 0.00311904 -0.00311906 0.0150791 -0.000597307 0.00564039 -0.00393864 0.0157288 0.00122091 0.00633006 -0.00665889 0.0112787 -0.00170871 0.0188765 0.000384259 0.0194717 0.000519389 
2784 0.0177363 0.00287325 -0.00287327 0.00204995 0.00144265 -0.00144263 0.00528669 0.00234919 -0.00234919 0.00314879 0.00306077 -0.00306076 0.00398145 0.00183274 -0.00183274 0.00181527 0.00281458 -0.00281458 0.00915192 0.00211091 -0.00211093 0.00835111 0.00377784 -0.00377786 0.00858431 0.00370613 -0.00370615 0.0152032 -0.000717475 0.00646287 -0.0036916 0.0156635 0.00139134 0.00555579 -0.00761453 0.0112328 -0.00176201 0.0192834 0.000243657 0.0198365 0.000360725 
2800 0.0177431 0.00290978 -0.00290978 0.00217715 0.00285638 -0.00285636 0.00524675 0.00250848 -0.00250849 0.00316187 0.00241111 -0.00241111 0.00408144 0.00205434 -0.00205433 0.0015881 0.0040673 -0.00406731 0.00901201 0.00275864 -0.00275865 0.00857576 0.00313756 -0.00313758 0.00873111 0.00315349 -0.0031535 0.0150704 -0.000572769 0.0060083 -0.00387928 0.0158914 0.00169099 0.00538205 -0.0063626 0.0111932 -0.00149018 0.019089 0.00013082 0.0196921 0.000296205 
2816 0.0182301 0.00249412 -0.00249411 0.00230767 0.00104292 -0.00104289 0.00537115 0.0033028 -0.0033028 0.00282459 0.0022575 -0.0022575 0.00413259 0.00124801 -0.00124801 0.00201354 0.000505581 -0.000505589 0.00969238 0.00213233 -0.00213234 0.00841817 0.00291718 -0.00291718 0.00853771 0.00293802 -0.00293803 0.0146303 -0.000804189 0.00435134 -0.00486168 0.0155923 0.00145138 0.00555773 -0.00634871 0.0106801 -0.00185579 0.0186574 1.04446e-05 0.0192855 0.000182777 
2832 0.0178503 0.00245359 -0.0024536 0.00203422 0.00051805 -0.000518023 0.00544734 0.00390296 -0.00390298 0.0031538 0.00154792 -0.00154792 0.00382283 0.00163382 -0.00163381 0.00177425 0.00111929 -0.0011193 0.00925584 0.00253996 -0.00253997 0.00846659 0.00255641 -0.00255641 0.00859444 0.00247104 -0.00247105 0.0145687 -0.000679849 0.00497948 -0.00360278 0.0157518 0.0011701 0.0044189 -0.00642176 0.0106943 -0.00165127 0.018583 0.000132007 0.0191241 0.000228677 
2848 0.0177667 0.00239764 -0.00239764 0.0021494 0.000515231 -0.00051521 0.0053529 0.00371843 -0.00371843 0.00300224 0.00285652 -0.00285653 0.00407241 0.000383376 -0.000383376 0.00181721 -0.00114403 0.00114403 0.0093195 0.00193087 -0.0019309 0.00833183 0.00298159 -0.0029816 0.00844717 0.00294086 -0.00294087 0.0144917 -0.00058082 0.005204 -0.0041156 0.0156154 0.000475223 0.00469038 -0.00629451 0.0106531 -0.00212752 0.01857 0.00086457 0.0190286 0.000945896 
2864 0.0183089 0.00273205 -0.00273205 0.00211376 0.00149395 -0.00149393 0.00526145 0.00303475 -0.00303476 0.00332087 0.00229428 -0.00229429 0.00393408 0.00188288 -0.00188287 0.00185643 0.00118628 -0.00118627 0.00923165 0.0022801 -0.0022801 0.00883557 0.00316416 -0.00316418 0.00907726 0.00314096 -0.00314097 0.0141475 -0.000534158 0.00349113 -0.00451757 0.0149904 0.00110338 0.00458253 -0.00622603 0.00987152 -0.00190582 0.0187376 0.00061196 0.0191629 0.000747542 
2880 0.0183075 0.00193982 -0.00193981 0.00232358 -0.0001386 0.00013862 0.00509503 0.00204668 -0.00204669 0.00316681 0.0035194 -0.0035194 0.00417383 0.000612986 -0.000612981 0.00181245 0.000561033 -0.000561031 0.00923108 0.00117178 -0.00117177 0.00890518 0.00273026 -0.00273027 0.00907644 0.00270541 -0.00270542 0.0141229 -0.000704178 0.00412642 -0.0039135 0.0148176 0.00186698 0.004176 -0.0068481 0.00992401 -0.00150744 0.0186197 -0.00016566 0.0190905 -1.63733e-05 
2896 0.0176548 0.00237438 -0.00237437 0.00222431 0.00035333 -0.000353299 0.00535636 0.00156493 -0.00156493 0.0032553 0.0022814 -0.0022814 0.0037612 0.00124043 -0.00124043 0.00182398 0.00164643 -0.00164643 0.00940467 0.00141529 -0.00141531 0.00815781 0.00345275 -0.00345277 0.00825009 0.00340736 -0.00340736 0.0142361 -0.000581199 0.0047907 -0.00437839 0.0149455 0.00166182 0.00448827 -0.00621783 0.0102294 -0.00155203 0.0186473 0.000312141 0.0190279 0.000349933 
2912 0.0176675 0.00192965 -0.00192966 0.00206615 0.00144029 -0.00144027 0.00504523 0.00278069 -0.00278068 0.00308981 0.00148525 -0.00148526 0.00393737 0.00159117 -0.00159116 0.00192003 0.00154992 -0.00154991 0.00903144 0.0021892 -0.00218921 0.00845699 0.001799 -0.001799 0.00863602 0.00167976 -0.00167978 0.0140319 -0.000598035 0.00527831 -0.0046799 0.0150581 0.00106276 0.00451954 -0.00440401 0.010368 -0.0015971 0.0181861 0.000371704 0.0184827 0.000392816 
2928 0.0179548 0.0017883 -0.00178831 0.00217604 0.00169208 -0.00169206 0.00560361 0.00093408 -0.00093409 0.00295394 0.001792 -0.00179202 0.00408009 0.000553978 -0.000553978 0.00186602 0.00192416 -0.00192416 0.00964569 0.00113269 -0.00113269 0.00816479 0.00248689 -0.0024869 0.0083091 0.00255091 -0.00255091 0.0141296 -0.00109385 0.00441156 -0.00335561 0.0155893 0.00104956 0.00543995 -0.00658874 0.0106586 -0.00173614 0.018073 -0.000566467 0.0183987 -0.000495691 
2944 0.0179893 0.00184202 -0.00184203 0.00237389 -0.00061779 0.000617809 0.00537245 0.00135229 -0.00135228 0.00315168 0.0015778 -0.0015778 0.00386011 0.000229402 -0.0002294 0.001662 0.00253148 -0.00253148 0.00940835 0.00113639 -0.00113639 0.00837223 0.00259375 -0.00259375 0.00858095 0.00266965 -0.00266965 0.0142794 -0.000683947 0.00324758 -0.00396495 0.0155287 0.000989558 0.0044268 -0.00643964 0.0101795 -0.00184213 0.0188448 0.000305053 0.0192107 0.000425972 
2960 0.0174637 0.00208731 -0.00208732 0.0022183 0.000111268 -0.000111257 0.00526796 0.00207197 -0.00207197 0.00295639 0.00126275 -0.00126276 0.00361319 0.00121423 -0.00121422 0.00175537 0.00259149 -0.00259149 0.00924166 0.00173933 -0.00173934 0.00806352 0.00254456 -0.00254456 0.00822205 0.00257564 -0.00257564 0.0141428 -0.000739265 0.00497741 -0.0051939 0.0148238 0.00101103 0.00380782 -0.00620064 0.0100388 -0.00212335 0.018713 0.00040622 0.0190769 0.000559042 
2976 0.0178861 0.00204842 -0.00204841 0.00218626 0.00101138 -0.00101136 0.00536117 0.00180409 -0.00180408 0.00310093 0.00163571 -0.00163571 0.00400406 6.48608e-05 -6.48613e-05 0.00194244 0.00329418 -0.00329418 0.0094899 0.00181155 -0.00181154 0.00823152 0.00249472 -0.00249473 0.00839616 0.00247561 -0.00247561 0.0143704 -0.00114326 0.00484723 -0.0044035 0.014691 0.00025333 0.00582372 -0.00605649 0.0102831 -0.00237603 0.0188688 -0.000150389 0.019217 3.63612e-05 
2992 0.0182516 0.00197709 -0.00197707 0.00207193 0.000352299 -0.00035228 0.00563402 0.00237085 -0.00237085 0.00308961 0.00234192 -0.00234192 0.00391331 0.000326262 -0.00032625 0.00186261 0.00294544 -0.00294544 0.00956858 0.001988 -0.00198802 0.00854862 0.00210986 -0.00210987 0.008683 0.00206523 -0.00206523 0.0145874 -0.00101591 0.0042502 -0.00332827 0.0150927 0.000293134 0.00424791 -0.00531947 0.0101286 -0.00187933 0.0194044 -0.000354724 0.0198154 -0.000156506 
3008 0.0184447 0.00194059 -0.0019406 0.00251753 8.24875e-05 -8.24721e-05 0.00561742 0.00279507 -0.00279506 0.00338824 0.00138767 -0.00138767 0.00415811 0.00117978 -0.00117977 0.00173216 0.000476962 -0.000476975 0.00986713 0.00164662 -0.00164662 0.00841405 0.00242142 -0.00242143 0.00857756 0.00237264 -0.00237266 0.0142255 -0.00125587 0.00387981 -0.00524198 0.0154136 0.00133428 0.00287006 -0.00579313 0.00999879 -0.00185227 0.0189029 -0.000990462 0.0192615 -0.000761917 
3024 0.0183917 0.00221214 -0.00221213 0.00225832 0.000721107 -0.000721092 0.0055579 0.00331202 -0.00331202 0.00317115 0.00285391 -0.00285391 0.00411617 0.000909455 -0.000909454 0.00176209 8.48117e-05 -8.48088e-05 0.00957833 0.00212637 -0.00212638 0.00867544 0.00247211 -0.00247212 0.00881337 0.00246681 -0.00246682 0.0144446 -0.00107548 0.00548141 -0.00476492 0.0150178 0.0017047 0.00544657 -0.00653919 0.010602 -0.0016411 0.0187436 -0.00087417 0.0190565 -0.000619302 
3040 0.018076 0.00258442 -0.00258442 0.00220719 0.0015754 -0.00157539 0.00556753 0.00383227 -0.00383227 0.00307901 0.00239706 -0.00239706 0.0038909 0.000692732 -0.000692739 0.00185521 0.000533748 -0.00053375 0.00962994 0.00260787 -0.0026079 0.00828616 0.00270097 -0.00270097 0.00844605 0.00267767 -0.00267767 0.0144298 -0.000466227 0.00437663 -0.00364954 0.014967 0.00203109 0.00621463 -0.00689897 0.0103392 -0.00125719 0.0188856 0.000210869 0.0193094 0.000370402 
3056 0.0180224 0.00249017 -0.00249017 0.00222296 0.00224866 -0.00224864 0.00561951 0.0029727 -0.00297271 0.00344211 0.00151463 -0.00151463 0.00417486 0.000980053 -0.000980048 0.00188079 0.000485365 -0.000485364 0.00972328 0.00235158 -0.00235158 0.00814345 0.00268341 -0.00268341 0.00829916 0.00266053 -0.00266052 0.0142384 -0.000797179 0.00356078 -0.00388061 0.0150493 0.00194483 0.00508484 -0.00594997 0.00996438 -0.00123144 0.0189409 -0.000518131 0.0193334 -0.000368378 
3072 0.018031 0.00177429 -0.00177429 0.00224236 -0.000645875 0.000645881 0.00537969 0.00298885 -0.00298885 0.00314619 0.00256023 -0.00256023 0.00419081 0.00196156 -0.00196157 0.00189135 0.00145088 -0.00145089 0.00951341 0.00181135 -0.00181137 0.00839186 0.00186918 -0.00186918 0.0085176 0.0017612 -0.0017612 0.0141925 -0.00120161 0.00477737 -0.00433422 0.0141992 0.00204908 0.00507567 -0.00610595 0.00988666 -0.00133535 0.0188867 -0.00145078 0.0192368 -0.00116764 
3088 0.0180986 0.00134079 -0.00134081 0.00239538 -0.00147779 0.00147782 0.00571273 0.00237379 -0.00237379 0.00317965 0.00181823 -0.00181824 0.00418887 -2.96912e-05 2.969e-05 0.00192958 0.000288426 -0.000288427 0.0100377 0.00106425 -0.00106427 0.00793646 0.0019797 -0.0019797 0.00806086 0.0017948 -0.00179481 0.0138291 -0.00083752 0.00357514 -0.00414089 0.0144092 0.00158154 0.00455725 -0.00588777 0.00955498 -0.00145053 0.0186977 -0.000537673 0.0189156 -0.000265163 
3104 0.0175678 0.00188545 -0.00188545 0.00198221 0.00271449 -0.00271448 0.0057445 0.00188672 -0.00188672 0.00296076 0.00237823 -0.00237823 0.00377645 0.000809236 -0.000809225 0.00173817 0.00263593 -0.00263593 0.00946492 0.00229772 -0.00229773 0.00800262 0.00145166 -0.00145167 0.00810291 0.0014356 -0.0014356 0.0138112 -0.000911763 0.00442697 -0.00189798 0.0151847 0.000889398 0.00456296 -0.00612772 0.010133 -0.00142073 0.0181587 -0.000716908 0.0183268 -0.000441575 
3120 0.0177436 0.0011854 -0.0011854 0.00221611 0.000739461 -0.00073945 0.00536291 0.00261726 -0.00261727 0.00326247 0.00140599 -0.00140599 0.00394471 -5.72504e-05 5.72575e-05 0.00189685 -0.00201994 0.00201993 0.00947587 0.00121072 -0.00121074 0.0081074 0.00120226 -0.00120226 0.00826766 0.00124422 -0.00124423 0.0135335 -0.000921339 0.00421794 -0.00363369 0.015199 0.00125652 0.00487859 -0.00597768 0.0102271 -0.00155116 0.0173136 -0.000632481 0.017611 -0.00037381 
3136 0.018127 0.0015251 -0.00152509 0.00236993 -5.13321e-05 5.13475e-05 0.00565682 0.00274358 -0.00274358 0.00316833 0.00243158 -0.0024316 0.00393694 1.51867e-05 -1.51721e-05 0.00178001 -0.000734032 0.000734032 0.00980678 0.00147494 -0.00147495 0.0081562 0.00167938 -0.00167939 0.00832025 0.00166571 -0.00166572 0.0137315 -0.000608405 0.00372469 -0.00383107 0.0148377 0.00166818 0.00517967 -0.00606988 0.00996246 -0.00135582 0.0179708 -0.000156566 0.0183057 4.37267e-05 
3152 0.0186725 0.00210747 -0.00210748 0.00231878 0.000161769 -0.000161746 0.00566721 0.00210024 -0.00210025 0.00352957 0.00197955 -0.00197955 0.00409346 0.000347065 -0.000347067 0.00172972 0.00205079 -0.0020508 0.00971573 0.00165904 -0.00165904 0.00886311 0.00278243 -0.00278244 0.00895674 0.00277947 -0.00277947 0.014178 -0.000897723 0.0048647 -0.00343211 0.014371 0.00139401 0.00498147 -0.00640752 0.00990073 -0.00156244 0.0190064 -0.000521015 0.0192937 -0.000281373 
3168 0.0181826 0.00215218 -0.00215217 0.0023411 -0.000264539 0.000264562 0.00540248 0.00184636 -0.00184636 0.00322116 0.00310017 -0.00310017 0.00367453 0.00123027 -0.00123026 0.00191544 0.00175762 -0.00175762 0.00965904 0.00129261 -0.00129261 0.0083928 0.00323522 -0.00323524 0.00852361 0.00317513 -0.00317514 0.0139457 -0.000781046 0.00358159 -0.00367722 0.014247 0.00167867 0.00353703 -0.00609665 0.00925383 -0.00136266 0.0192347 -0.000546735 0.0194945 -0.000310648 
