1 1.244366 1.067983 0.817208 0.000000 0.000000 0.000000 -0.000000 0.000000 -0.000000
2 1.244366 1.067983 0.817208 0.000016 0.000000 0.000016 -0.000000 0.000000 -0.000000
3 1.244366 1.067983 0.817208 0.000020 0.000000 0.000020 -0.000000 0.000000 -0.000000
4 1.244366 1.067983 0.817208 0.000021 0.000000 0.000021 -0.000000 0.000000 -0.000000
5 1.244366 1.067983 0.817208 0.000014 0.000000 0.000014 -0.000000 0.000000 -0.000000
6 1.244366 1.067983 0.817208 0.000035 0.000000 0.000035 -0.000000 0.000000 -0.000000
7 1.244366 1.067983 0.817208 0.000052 0.000000 0.000052 -0.000000 0.000000 -0.000000
8 1.244366 1.067983 0.817208 0.000064 0.000000 0.000064 -0.000000 0.000000 -0.000000
9 1.244366 1.067983 0.817208 0.000088 0.000000 0.000088 -0.000000 0.000000 -0.000000
10 1.244366 1.067983 0.817208 0.000114 0.000000 0.000114 -0.000000 0.000000 -0.000000
11 1.244366 1.067983 0.817208 0.000116 0.000000 0.000116 -0.000000 0.000000 -0.000000
12 1.244366 1.067983 0.817208 0.000125 0.000000 0.000125 -0.000000 0.000000 -0.000000
13 1.244366 1.067983 0.817208 0.000145 0.000000 0.000145 -0.000000 0.000000 -0.000000
14 1.244366 1.067983 0.817208 0.000157 0.000000 0.000157 -0.000000 0.000000 -0.000000
15 1.244366 1.067983 0.817208 0.000179 0.000000 0.000179 -0.000000 0.000000 -0.000000
16 1.244366 1.067983 0.817208 0.000215 0.000000 0.000215 -0.000000 0.000000 -0.000000
17 1.244366 1.067983 0.817208 0.000247 0.000000 0.000247 -0.000000 0.000000 -0.000000
18 1.244366 1.067983 0.817208 0.000287 0.000000 0.000287 -0.000000 0.000000 -0.000000
19 1.244366 1.067983 0.817208 0.000322 0.000000 0.000322 -0.000000 0.000000 -0.000000
20 1.244366 1.067983 0.817208 0.000345 0.000000 0.000345 -0.000000 0.000000 -0.000000
21 1.244366 1.067983 0.817208 0.000377 0.000000 0.000377 -0.000000 0.000000 -0.000000
22 1.244366 1.067983 0.817208 0.000401 0.000000 0.000401 -0.000000 0.000000 -0.000000
23 1.244366 1.067983 0.817208 0.000448 0.000000 0.000448 -0.000000 0.000000 -0.000000
24 1.244367 1.067983 0.817208 0.000509 0.000000 0.000509 -0.000000 0.000000 -0.000000
25 1.244367 1.067984 0.817208 0.000567 0.000000 0.000567 -0.000000 0.000000 -0.000000
26 1.244367 1.067984 0.817208 0.000635 0.000000 0.000635 -0.000000 0.000000 -0.000000
27 1.244367 1.067984 0.817208 0.000717 0.000000 0.000717 -0.000000 0.000000 -0.000000
28 1.244368 1.067984 0.817208 0.000787 0.000000 0.000787 -0.000000 0.000000 -0.000000
29 1.244368 1.067984 0.817208 0.000860 0.000000 0.000860 -0.000000 0.000000 -0.000000
30 1.244369 1.067985 0.817209 0.000948 0.000000 0.000948 -0.000000 0.000000 -0.000000
31 1.244369 1.067985 0.817209 0.001035 0.000000 0.001035 -0.000000 0.000000 -0.000000
32 1.244370 1.067986 0.817209 0.001114 0.000000 0.001114 -0.000000 0.000000 -0.000000
33 1.244371 1.067986 0.817209 0.001196 0.000000 0.001196 -0.000000 0.000000 -0.000000
34 1.244371 1.067987 0.817210 0.001290 0.000000 0.001290 -0.000000 0.000000 -0.000000
35 1.244372 1.067987 0.817210 0.001398 0.000000 0.001398 -0.000000 0.000000 -0.000000
36 1.244373 1.067988 0.817210 0.001515 0.000000 0.001515 -0.000000 0.000000 -0.000000
37 1.244375 1.067989 0.817211 0.001635 0.000000 0.001635 -0.000000 0.000000 -0.000000
38 1.244376 1.067990 0.817211 0.001775 0.000000 0.001775 -0.000000 0.000000 -0.000000
39 1.244378 1.067991 0.817212 0.001916 0.000000 0.001916 -0.000000 0.000000 -0.000000
40 1.244380 1.067992 0.817212 0.002047 0.000000 0.002047 -0.000000 0.000000 -0.000000
41 1.244382 1.067993 0.817213 0.002164 0.000000 0.002164 -0.000000 0.000000 -0.000000
42 1.244384 1.067995 0.817214 0.002308 0.000000 0.002308 -0.000000 0.000000 -0.000000
43 1.244386 1.067996 0.817214 0.002436 0.000000 0.002436 -0.000000 0.000000 -0.000000
44 1.244388 1.067998 0.817215 0.002583 0.000000 0.002583 -0.000000 0.000000 -0.000000
45 1.244391 1.068000 0.817216 0.002755 0.000000 0.002755 -0.000000 0.000000 -0.000000
46 1.244395 1.068002 0.817218 0.002954 0.000000 0.002954 -0.000000 0.000000 -0.000000
47 1.244399 1.068005 0.817219 0.003159 0.000000 0.003159 -0.000000 0.000000 -0.000000
48 1.244404 1.068008 0.817221 0.003364 0.000000 0.003364 -0.000000 0.000000 -0.000000
49 1.244409 1.068012 0.817222 0.003569 0.000000 0.003569 -0.000000 0.000000 -0.000000
50 1.244414 1.068015 0.817224 0.003803 0.000000 0.003803 -0.000000 0.000000 -0.000000
51 1.244421 1.068020 0.817226 0.004037 0.000000 0.004037 -0.000000 0.000000 -0.000000
52 1.244427 1.068024 0.817229 0.004271 0.000000 0.004271 -0.000000 0.000000 -0.000000
53 1.244435 1.068029 0.817231 0.004534 0.000000 0.004534 -0.000000 0.000000 -0.000000
54 1.244444 1.068035 0.817235 0.004827 0.000000 0.004827 -0.000000 0.000000 -0.000000
55 1.244454 1.068042 0.817238 0.005119 0.000000 0.005119 -0.000000 0.000000 -0.000000
56 1.244464 1.068049 0.817242 0.005412 0.000000 0.005412 -0.000000 0.000000 -0.000000
57 1.244476 1.068057 0.817246 0.005734 0.000000 0.005734 -0.000000 0.000000 -0.000000
58 1.244490 1.068066 0.817251 0.006085 0.000000 0.006085 -0.000000 0.000000 -0.000000
59 1.244506 1.068077 0.817256 0.006465 0.000000 0.006465 -0.000000 0.000000 -0.000000
60 1.244523 1.068088 0.817262 0.006846 0.000000 0.006846 -0.000000 0.000000 -0.000000
61 1.244544 1.068102 0.817269 0.007285 0.000000 0.007285 -0.000000 0.000000 -0.000000
62 1.244566 1.068117 0.817277 0.007724 0.000000 0.007724 -0.000000 0.000000 -0.000000
63 1.244591 1.068134 0.817285 0.008192 0.000000 0.008192 -0.000000 0.000000 -0.000000
64 1.244621 1.068154 0.817296 0.008719 0.000000 0.008719 -0.000000 0.000000 -0.000000
65 1.244655 1.068177 0.817307 0.009275 0.000000 0.009275 -0.000000 0.000000 -0.000000
66 1.244693 1.068202 0.817320 0.009861 0.000000 0.009861 -0.000000 0.000000 -0.000000
67 1.244735 1.068230 0.817335 0.010476 0.000000 0.010476 -0.000000 0.000000 -0.000000
68 1.244784 1.068263 0.817352 0.011149 0.000000 0.011149 -0.000000 0.000000 -0.000000
69 1.244841 1.068301 0.817371 0.011882 0.000000 0.011882 -0.000000 0.000000 -0.000000
70 1.244906 1.068345 0.817394 0.012673 0.000000 0.012673 -0.000000 0.000000 -0.000000
71 1.244981 1.068395 0.817420 0.013523 0.000000 0.013523 -0.000000 0.000000 -0.000000
72 1.245063 1.068450 0.817448 0.014402 0.000000 0.014402 -0.000000 0.000000 -0.000000
73 1.245160 1.068515 0.817482 0.015370 0.000000 0.015370 -0.000000 0.000000 -0.000000
74 1.245263 1.068584 0.817517 0.016338 0.000000 0.016338 -0.000000 0.000000 -0.000000
75 1.245389 1.068669 0.817561 0.017454 0.000000 0.017454 -0.000000 0.000000 -0.000000
76 1.245528 1.068762 0.817609 0.018599 0.000000 0.018599 -0.000000 0.000000 -0.000000
77 1.245683 1.068866 0.817662 0.019803 0.000000 0.019803 -0.000000 0.000000 -0.000000
78 1.245856 1.068982 0.817722 0.021067 0.000000 0.021067 -0.000000 0.000000 -0.000000
79 1.246053 1.069114 0.817790 0.022421 0.000000 0.022421 -0.000000 0.000000 -0.000000
80 1.246267 1.069257 0.817864 0.023804 0.000000 0.023804 -0.000000 0.000000 -0.000000
81 1.246514 1.069423 0.817950 0.025307 0.000000 0.025307 -0.000000 0.000000 -0.000000
82 1.246792 1.069609 0.818046 0.026899 0.000000 0.026899 -0.000000 0.000000 -0.000000
83 1.247098 1.069814 0.818152 0.028552 0.000000 0.028552 -0.000000 0.000000 -0.000000
84 1.247437 1.070041 0.818269 0.030279 0.000000 0.030279 -0.000000 0.000000 -0.000000
85 1.247810 1.070292 0.818398 0.032076 0.000000 0.032076 -0.000000 0.000000 -0.000000
86 1.248220 1.070567 0.818541 0.033944 0.000000 0.033944 -0.000000 0.000000 -0.000000
87 1.248667 1.070866 0.818695 0.035866 0.000000 0.035866 -0.000000 0.000000 -0.000000
88 1.249160 1.071197 0.818867 0.037884 0.000000 0.037884 -0.000000 0.000000 -0.000000
89 1.249697 1.071556 0.819053 0.039963 0.000000 0.039963 -0.000000 0.000000 -0.000000
90 1.250273 1.071943 0.819253 0.042086 0.000000 0.042086 -0.000000 0.000000 -0.000000
91 1.250876 1.072347 0.819463 0.044202 0.000000 0.044202 -0.000000 0.000000 -0.000000
92 1.251518 1.072777 0.819686 0.046352 0.000000 0.046352 -0.000000 0.000000 -0.000000
93 1.252192 1.073229 0.819921 0.048512 0.000000 0.048512 -0.000000 0.000000 -0.000000
94 1.252890 1.073696 0.820164 0.050655 0.000000 0.050655 -0.000000 0.000000 -0.000000
95 1.253612 1.074180 0.820415 0.052785 0.000000 0.052785 -0.000000 0.000000 -0.000000
96 1.254357 1.074680 0.820676 0.054903 0.000000 0.054903 -0.000000 0.000000 -0.000000
97 1.255107 1.075182 0.820938 0.056957 0.000000 0.056957 -0.000000 0.000000 -0.000000
98 1.255859 1.075686 0.821201 0.058951 0.000000 0.058951 -0.000000 0.000000 -0.000000
99 1.256602 1.076184 0.821461 0.060861 0.000000 0.060861 -0.000000 0.000000 -0.000000
100 1.257324 1.076668 0.821714 0.062664 0.000000 0.062664 -0.000000 0.000000 -0.000000
101 1.258027 1.077139 0.821961 0.064377 0.000000 0.064377 -0.000000 0.000000 -0.000000
102 1.258702 1.077591 0.822197 0.065981 0.000000 0.065981 -0.000000 0.000000 -0.000000
103 1.259311 1.077999 0.822411 0.067398 0.000000 0.067398 -0.000000 0.000000 -0.000000
104 1.259854 1.078363 0.822602 0.068639 0.000000 0.068639 -0.000000 0.000000 -0.000000
105 1.260313 1.078670 0.822764 0.069673 0.000000 0.069673 -0.000000 0.000000 -0.000000
106 1.260673 1.078912 0.822890 0.070475 0.000000 0.070475 -0.000000 0.000000 -0.000000
107 1.260923 1.079079 0.822978 0.071026 0.000000 0.071026 -0.000000 0.000000 -0.000000
108 1.261062 1.079173 0.823027 0.071332 0.000000 0.071332 -0.000000 0.000000 -0.000000
109 1.261062 1.079173 0.823027 0.071332 0.000000 0.071332 -0.000000 0.000000 -0.000000
110 1.260923 1.079079 0.822978 0.071026 0.000000 0.071026 -0.000000 0.000000 -0.000000
111 1.260624 1.078879 0.822873 0.070367 0.000000 0.070367 -0.000000 0.000000 -0.000000
112 1.260185 1.078585 0.822718 0.069386 0.000000 0.069386 -0.000000 0.000000 -0.000000
113 1.259563 1.078168 0.822500 0.067977 0.000000 0.067977 -0.000000 0.000000 -0.000000
114 1.258773 1.077639 0.822222 0.066148 0.000000 0.066148 -0.000000 0.000000 -0.000000
115 1.257811 1.076994 0.821885 0.063855 0.000000 0.063855 -0.000000 0.000000 -0.000000
116 1.256710 1.076256 0.821498 0.061133 0.000000 0.061133 -0.000000 0.000000 -0.000000
117 1.255476 1.075430 0.821067 0.057944 0.000000 0.057944 -0.000000 0.000000 -0.000000
118 1.254140 1.074534 0.820600 0.054294 0.000000 0.054294 -0.000000 0.000000 -0.000000
119 1.252745 1.073599 0.820113 0.050218 0.000000 0.050218 -0.000000 0.000000 -0.000000
120 1.251309 1.072637 0.819613 0.045662 0.000000 0.045662 -0.000000 0.000000 -0.000000
121 1.249867 1.071671 0.819112 0.040603 0.000000 0.040603 -0.000000 0.000000 -0.000000
122 1.248471 1.070735 0.818627 0.035037 0.000000 0.035037 -0.000000 0.000000 -0.000000
123 1.247212 1.069891 0.818191 0.029143 0.000000 0.029143 -0.000000 0.000000 -0.000000
124 1.246115 1.069156 0.817812 0.022833 0.000000 0.022833 -0.000000 0.000000 -0.000000
125 1.245250 1.068576 0.817513 0.016221 0.000000 0.016221 -0.000000 0.000000 -0.000000
126 1.244659 1.068179 0.817309 0.009334 0.000000 0.009334 -0.000000 0.000000 -0.000000
127 1.244381 1.067993 0.817213 0.002115 0.000000 0.002115 -0.000000 0.000000 -0.000000
128 1.244470 1.068052 0.817243 -0.005558 0.000000 -0.005558 -0.000000 0.000000 -0.000000
129 1.244978 1.068393 0.817419 -0.013494 0.000000 -0.013494 -0.000000 0.000000 -0.000000
130 1.245927 1.069030 0.817747 -0.021567 0.000000 -0.021567 -0.000000 0.000000 -0.000000
131 1.247341 1.069977 0.818236 -0.029801 0.000000 -0.029801 -0.000000 0.000000 -0.000000
132 1.249200 1.071224 0.818880 -0.038041 0.000000 -0.038041 -0.000000 0.000000 -0.000000
133 1.251493 1.072760 0.819677 -0.046271 0.000000 -0.046271 -0.000000 0.000000 -0.000000
134 1.254182 1.074562 0.820614 -0.054412 0.000000 -0.054412 -0.000000 0.000000 -0.000000
135 1.257221 1.076599 0.821678 -0.062410 0.000000 -0.062410 -0.000000 0.000000 -0.000000
136 1.260522 1.078811 0.822837 -0.070139 0.000000 -0.070139 -0.000000 0.000000 -0.000000
137 1.263998 1.081140 0.824064 -0.077519 0.000000 -0.077519 -0.000000 0.000000 -0.000000
138 1.267508 1.083491 0.825307 -0.084384 0.000000 -0.084384 -0.000000 0.000000 -0.000000
139 1.270962 1.085805 0.826537 -0.090694 0.000000 -0.090694 -0.000000 0.000000 -0.000000
140 1.274336 1.088065 0.827743 -0.096514 0.000000 -0.096514 -0.000000 0.000000 -0.000000
141 1.277512 1.090193 0.828884 -0.101736 0.000000 -0.101736 -0.000000 0.000000 -0.000000
142 1.280397 1.092126 0.829925 -0.106297 0.000000 -0.106297 -0.000000 0.000000 -0.000000
143 1.282909 1.093808 0.830833 -0.110141 0.000000 -0.110141 -0.000000 0.000000 -0.000000
144 1.285054 1.095245 0.831612 -0.113341 0.000000 -0.113341 -0.000000 0.000000 -0.000000
145 1.286775 1.096398 0.832239 -0.115858 0.000000 -0.115858 -0.000000 0.000000 -0.000000
146 1.288053 1.097255 0.832705 -0.117701 0.000000 -0.117701 -0.000000 0.000000 -0.000000
147 1.288945 1.097852 0.833031 -0.118973 0.000000 -0.118973 -0.000000 0.000000 -0.000000
148 1.289455 1.098194 0.833217 -0.119696 0.000000 -0.119696 -0.000000 0.000000 -0.000000
149 1.289562 1.098266 0.833257 -0.119847 0.000000 -0.119847 -0.000000 0.000000 -0.000000
150 1.289302 1.098091 0.833161 -0.119479 0.000000 -0.119479 -0.000000 0.000000 -0.000000
151 1.288659 1.097660 0.832926 -0.118566 0.000000 -0.118566 -0.000000 0.000000 -0.000000
152 1.287625 1.096967 0.832549 -0.117086 0.000000 -0.117086 -0.000000 0.000000 -0.000000
153 1.286246 1.096044 0.832046 -0.115089 0.000000 -0.115089 -0.000000 0.000000 -0.000000
154 1.284497 1.094872 0.831410 -0.112518 0.000000 -0.112518 -0.000000 0.000000 -0.000000
155 1.282322 1.093415 0.830621 -0.109253 0.000000 -0.109253 -0.000000 0.000000 -0.000000
156 1.279881 1.091780 0.829738 -0.105493 0.000000 -0.105493 -0.000000 0.000000 -0.000000
157 1.277190 1.089977 0.828768 -0.101217 0.000000 -0.101217 -0.000000 0.000000 -0.000000
158 1.274243 1.088003 0.827710 -0.096358 0.000000 -0.096358 -0.000000 0.000000 -0.000000
159 1.271130 1.085918 0.826597 -0.090991 0.000000 -0.090991 -0.000000 0.000000 -0.000000
160 1.268001 1.083822 0.825483 -0.085310 0.000000 -0.085310 -0.000000 0.000000 -0.000000
161 1.264857 1.081715 0.824367 -0.079248 0.000000 -0.079248 -0.000000 0.000000 -0.000000
162 1.261802 1.079668 0.823288 -0.072934 0.000000 -0.072934 -0.000000 0.000000 -0.000000
163 1.258893 1.077719 0.822264 -0.066427 0.000000 -0.066427 -0.000000 0.000000 -0.000000
164 1.256243 1.075944 0.821335 -0.059947 0.000000 -0.059947 -0.000000 0.000000 -0.000000
165 1.253850 1.074340 0.820498 -0.053469 0.000000 -0.053469 -0.000000 0.000000 -0.000000
166 1.251689 1.072892 0.819745 -0.046909 0.000000 -0.046909 -0.000000 0.000000 -0.000000
167 1.249817 1.071637 0.819094 -0.040414 0.000000 -0.040414 -0.000000 0.000000 -0.000000
168 1.248266 1.070597 0.818556 -0.034146 0.000000 -0.034146 -0.000000 0.000000 -0.000000
169 1.246997 1.069747 0.818117 -0.028021 0.000000 -0.028021 -0.000000 0.000000 -0.000000
170 1.246009 1.069085 0.817775 -0.022126 0.000000 -0.022126 -0.000000 0.000000 -0.000000
171 1.245302 1.068610 0.817531 -0.016691 0.000000 -0.016691 -0.000000 0.000000 -0.000000
172 1.244820 1.068287 0.817364 -0.011618 0.000000 -0.011618 -0.000000 0.000000 -0.000000
173 1.244525 1.068089 0.817262 -0.006875 0.000000 -0.006875 -0.000000 0.000000 -0.000000
174 1.244386 1.067997 0.817215 -0.002466 0.000000 -0.002466 -0.000000 0.000000 -0.000000
175 1.244374 1.067988 0.817210 0.001541 0.000000 0.001541 -0.000000 0.000000 -0.000000
176 1.244457 1.068044 0.817239 0.005207 0.000000 0.005207 -0.000000 0.000000 -0.000000
177 1.244610 1.068146 0.817292 0.008514 0.000000 0.008514 -0.000000 0.000000 -0.000000
178 1.244806 1.068278 0.817360 0.011442 0.000000 0.011442 -0.000000 0.000000 -0.000000
179 1.245024 1.068424 0.817435 0.013992 0.000000 0.013992 -0.000000 0.000000 -0.000000
180 1.245247 1.068573 0.817512 0.016192 0.000000 0.016192 -0.000000 0.000000 -0.000000
181 1.245463 1.068718 0.817586 0.018070 0.000000 0.018070 -0.000000 0.000000 -0.000000
182 1.245660 1.068850 0.817654 0.019627 0.000000 0.019627 -0.000000 0.000000 -0.000000
183 1.245827 1.068962 0.817712 0.020862 0.000000 0.020862 -0.000000 0.000000 -0.000000
184 1.245962 1.069053 0.817759 0.021803 0.000000 0.021803 -0.000000 0.000000 -0.000000
185 1.246062 1.069120 0.817793 0.022479 0.000000 0.022479 -0.000000 0.000000 -0.000000
186 1.246125 1.069162 0.817815 0.022891 0.000000 0.022891 -0.000000 0.000000 -0.000000
187 1.246147 1.069177 0.817823 0.023039 0.000000 0.023039 -0.000000 0.000000 -0.000000
188 1.246143 1.069174 0.817821 0.023009 0.000000 0.023009 -0.000000 0.000000 -0.000000
189 1.246107 1.069150 0.817809 0.022774 0.000000 0.022774 -0.000000 0.000000 -0.000000
190 1.246044 1.069108 0.817787 0.022362 0.000000 0.022362 -0.000000 0.000000 -0.000000
191 1.245962 1.069053 0.817759 0.021803 0.000000 0.021803 -0.000000 0.000000 -0.000000
192 1.245860 1.068985 0.817724 0.021097 0.000000 0.021097 -0.000000 0.000000 -0.000000
193 1.245750 1.068911 0.817686 0.020303 0.000000 0.020303 -0.000000 0.000000 -0.000000
194 1.245633 1.068832 0.817645 0.019421 0.000000 0.019421 -0.000000 0.000000 -0.000000
195 1.245510 1.068750 0.817602 0.018452 0.000000 0.018452 -0.000000 0.000000 -0.000000
196 1.245389 1.068669 0.817561 0.017454 0.000000 0.017454 -0.000000 0.000000 -0.000000
197 1.245273 1.068591 0.817521 0.016426 0.000000 0.016426 -0.000000 0.000000 -0.000000
198 1.245157 1.068513 0.817481 0.015341 0.000000 0.015341 -0.000000 0.000000 -0.000000
199 1.245049 1.068441 0.817443 0.014256 0.000000 0.014256 -0.000000 0.000000 -0.000000
200 1.244946 1.068372 0.817408 0.013142 0.000000 0.013142 -0.000000 0.000000 -0.000000
201 1.244857 1.068312 0.817377 0.012087 0.000000 0.012087 -0.000000 0.000000 -0.000000
202 1.244775 1.068257 0.817349 0.011032 0.000000 0.011032 -0.000000 0.000000 -0.000000
203 1.244705 1.068210 0.817324 0.010036 0.000000 0.010036 -0.000000 0.000000 -0.000000
204 1.244642 1.068168 0.817303 0.009070 0.000000 0.009070 -0.000000 0.000000 -0.000000
205 1.244588 1.068132 0.817284 0.008133 0.000000 0.008133 -0.000000 0.000000 -0.000000
206 1.244543 1.068102 0.817269 0.007255 0.000000 0.007255 -0.000000 0.000000 -0.000000
207 1.244505 1.068076 0.817256 0.006436 0.000000 0.006436 -0.000000 0.000000 -0.000000
208 1.244474 1.068055 0.817245 0.005675 0.000000 0.005675 -0.000000 0.000000 -0.000000
209 1.244449 1.068039 0.817236 0.004973 0.000000 0.004973 -0.000000 0.000000 -0.000000
210 1.244429 1.068025 0.817229 0.004329 0.000000 0.004329 -0.000000 0.000000 -0.000000
211 1.244413 1.068014 0.817224 0.003744 0.000000 0.003744 -0.000000 0.000000 -0.000000
212 1.244401 1.068006 0.817220 0.003218 0.000000 0.003218 -0.000000 0.000000 -0.000000
213 1.244391 1.068000 0.817216 0.002747 0.000000 0.002747 -0.000000 0.000000 -0.000000
214 1.244384 1.067995 0.817214 0.002328 0.000000 0.002328 -0.000000 0.000000 -0.000000
215 1.244379 1.067991 0.817212 0.001960 0.000000 0.001960 -0.000000 0.000000 -0.000000
216 1.244375 1.067989 0.817211 0.001656 0.000000 0.001656 -0.000000 0.000000 -0.000000
217 1.244372 1.067987 0.817210 0.001392 0.000000 0.001392 -0.000000 0.000000 -0.000000
218 1.244370 1.067986 0.817209 0.001179 0.000000 0.001179 -0.000000 0.000000 -0.000000
219 1.244369 1.067985 0.817209 0.001027 0.000000 0.001027 -0.000000 0.000000 -0.000000
220 1.244369 1.067985 0.817209 0.000910 0.000000 0.000910 -0.000000 0.000000 -0.000000
221 1.244368 1.067984 0.817208 0.000813 0.000000 0.000813 -0.000000 0.000000 -0.000000
222 1.244368 1.067984 0.817208 0.000743 0.000000 0.000743 -0.000000 0.000000 -0.000000
223 1.244367 1.067984 0.817208 0.000702 0.000000 0.000702 -0.000000 0.000000 -0.000000
224 1.244367 1.067984 0.817208 0.000673 0.000000 0.000673 -0.000000 0.000000 -0.000000
225 1.244367 1.067984 0.817208 0.000679 0.000000 0.000679 -0.000000 0.000000 -0.000000
226 1.244367 1.067984 0.817208 0.000714 0.000000 0.000714 -0.000000 0.000000 -0.000000
227 1.244368 1.067984 0.817208 0.000763 0.000000 0.000763 -0.000000 0.000000 -0.000000
228 1.244368 1.067984 0.817208 0.000822 0.000000 0.000822 -0.000000 0.000000 -0.000000
229 1.244366 1.067983 0.817208 0.000000 0.000000 0.000000 -0.000000 0.000000 -0.000000
230 1.244366 1.067983 0.817208 0.000000 0.000000 0.000000 -0.000000 0.000000 -0.000000
231 1.244366 1.067983 0.817208 0.000000 0.000000 0.000000 -0.000000 0.000000 -0.000000
232 1.244366 1.067983 0.817208 0.000000 0.000000 0.000000 -0.000000 0.000000 -0.000000
233 1.244366 1.067983 0.817208 0.000000 0.000000 0.000000 -0.000000 0.000000 -0.000000
234 1.244366 1.067983 0.817208 0.000000 0.000000 0.000000 -0.000000 0.000000 -0.000000
235 1.244366 1.067983 0.817208 0.000000 0.000000 0.000000 -0.000000 0.000000 -0.000000
236 1.244366 1.067983 0.817208 0.000000 0.000000 0.000000 -0.000000 0.000000 -0.000000
237 1.244366 1.067983 0.817208 0.000000 0.000000 0.000000 -0.000000 0.000000 -0.000000
238 1.244366 1.067983 0.817208 0.000000 0.000000 0.000000 -0.000000 0.000000 -0.000000
239 1.244366 1.067983 0.817208 0.000000 0.000000 0.000000 -0.000000 0.000000 -0.000000
240 1.244366 1.067983 0.817208 0.000000 0.000000 0.000000 -0.000000 0.000000 -0.000000
241 1.244366 1.067983 0.817208 0.000000 0.000000 0.000000 -0.000000 0.000000 -0.000000
242 1.244366 1.067983 0.817208 0.000000 0.000000 0.000000 -0.000000 0.000000 -0.000000
243 1.244366 1.067983 0.817208 0.000000 0.000000 0.000000 -0.000000 0.000000 -0.000000
244 1.244366 1.067983 0.817208 0.000000 0.000000 0.000000 -0.000000 0.000000 -0.000000
245 1.244366 1.067983 0.817208 0.000000 0.000000 0.000000 -0.000000 0.000000 -0.000000
246 1.244366 1.067983 0.817208 0.000000 0.000000 0.000000 -0.000000 0.000000 -0.000000
247 1.244366 1.067983 0.817208 0.000000 0.000000 0.000000 -0.000000 0.000000 -0.000000
248 1.244366 1.067983 0.817208 0.000000 0.000000 0.000000 -0.000000 0.000000 -0.000000
249 1.244366 1.067983 0.817208 0.000000 0.000000 0.000000 -0.000000 0.000000 -0.000000
250 1.244366 1.067983 0.817208 0.000000 0.000000 0.000000 -0.000000 0.000000 -0.000000
