1  1.24437  1.06798  0.817208  -1.60604e-17  0  -1.60604e-17  0  0  0
2  1.24437  1.06798  0.817208  1.58438e-05  0  1.58438e-05  0  0  0
3  1.24437  1.06798  0.817208  2.03832e-05  0  2.03832e-05  0  0  0
4  1.24437  1.06798  0.817208  2.15253e-05  0  2.15253e-05  0  0  0
5  1.24437  1.06798  0.817208  1.41452e-05  0  1.41452e-05  0  0  0
6  1.24437  1.06798  0.817208  3.45577e-05  0  3.45577e-05  0  0  0
7  1.24437  1.06798  0.817208  5.21294e-05  0  5.21294e-05  0  0  0
8  1.24437  1.06798  0.817208  6.41367e-05  0  6.41367e-05  0  0  0
9  1.24437  1.06798  0.817208  8.78585e-05  0  8.78585e-05  0  0  0
10  1.24437  1.06798  0.817208  0.000113923  0  0.000113923  0  0  0
11  1.24437  1.06798  0.817208  0.000115973  0  0.000115973  0  0  0
12  1.24437  1.06798  0.817208  0.000125052  0  0.000125052  0  0  0
13  1.24437  1.06798  0.817208  0.000145552  0  0.000145552  0  0  0
14  1.24437  1.06798  0.817208  0.00015756  0  0.00015756  0  0  0
15  1.24437  1.06798  0.817208  0.000179524  0  0.000179524  0  0  0
16  1.24437  1.06798  0.817208  0.000215253  0  0.000215253  0  0  0
17  1.24437  1.06798  0.817208  0.000246882  0  0.000246882  0  0  0
18  1.24437  1.06798  0.817208  0.000287005  0  0.000287005  0  0  0
19  1.24437  1.06798  0.817208  0.000322148  0  0.000322148  0  0  0
20  1.24437  1.06798  0.817208  0.000345577  0  0.000345577  0  0  0
21  1.24437  1.06798  0.817208  0.000377792  0  0.000377792  0  0  0
22  1.24437  1.06798  0.817208  0.000401221  0  0.000401221  0  0  0
23  1.24437  1.06798  0.817208  0.000448079  0  0.000448079  0  0  0
24  1.24437  1.06798  0.817208  0.000509579  0  0.000509579  0  0  0
25  1.24437  1.06798  0.817208  0.000568152  0  0.000568152  0  0  0
26  1.24437  1.06798  0.817208  0.00063551  0  0.00063551  0  0  0
27  1.24437  1.06798  0.817209  0.000717511  0  0.000717511  0  0  0
28  1.24437  1.06798  0.817209  0.000787798  0  0.000787798  0  0  0
29  1.24437  1.06798  0.817209  0.000861014  0  0.000861014  0  0  0
30  1.24437  1.06799  0.817209  0.000948872  0  0.000948872  0  0  0
31  1.24437  1.06799  0.817209  0.00103673  0  0.00103673  0  0  0
32  1.24437  1.06799  0.817209  0.0011158  0  0.0011158  0  0  0
33  1.24437  1.06799  0.81721  0.0011978  0  0.0011978  0  0  0
34  1.24437  1.06799  0.81721  0.00129152  0  0.00129152  0  0  0
35  1.24437  1.06799  0.81721  0.00139988  0  0.00139988  0  0  0
36  1.24437  1.06799  0.817211  0.00151702  0  0.00151702  0  0  0
37  1.24438  1.06799  0.817211  0.0016371  0  0.0016371  0  0  0
38  1.24438  1.06799  0.817212  0.00177767  0  0.00177767  0  0  0
39  1.24438  1.06799  0.817212  0.00191824  0  0.00191824  0  0  0
40  1.24438  1.06799  0.817213  0.00205003  0  0.00205003  0  0  0
41  1.24438  1.06799  0.817213  0.00216718  0  0.00216718  0  0  0
42  1.24438  1.068  0.817214  0.00231068  0  0.00231068  0  0  0
43  1.24439  1.068  0.817215  0.00243954  0  0.00243954  0  0  0
44  1.24439  1.068  0.817216  0.00258597  0  0.00258597  0  0  0
45  1.24439  1.068  0.817217  0.00275876  0  0.00275876  0  0  0
46  1.2444  1.068  0.817218  0.0029579  0  0.0029579  0  0  0
47  1.2444  1.06801  0.81722  0.00316291  0  0.00316291  0  0  0
48  1.2444  1.06801  0.817221  0.00336791  0  0.00336791  0  0  0
49  1.24441  1.06801  0.817223  0.00357291  0  0.00357291  0  0  0
50  1.24441  1.06802  0.817225  0.0038072  0  0.0038072  0  0  0
51  1.24442  1.06802  0.817227  0.00404149  0  0.00404149  0  0  0
52  1.24443  1.06802  0.817229  0.00427578  0  0.00427578  0  0  0
53  1.24444  1.06803  0.817232  0.00453936  0  0.00453936  0  0  0
54  1.24444  1.06804  0.817235  0.00483222  0  0.00483222  0  0  0
55  1.24445  1.06804  0.817239  0.00512508  0  0.00512508  0  0  0
56  1.24446  1.06805  0.817242  0.00541794  0  0.00541794  0  0  0
57  1.24448  1.06806  0.817246  0.00574009  0  0.00574009  0  0  0
58  1.24449  1.06807  0.817251  0.00609153  0  0.00609153  0  0  0
59  1.24451  1.06808  0.817257  0.00647225  0  0.00647225  0  0  0
60  1.24452  1.06809  0.817263  0.00685297  0  0.00685297  0  0  0
61  1.24455  1.0681  0.81727  0.00729226  0  0.00729226  0  0  0
62  1.24457  1.06812  0.817277  0.00773155  0  0.00773155  0  0  0
63  1.24459  1.06813  0.817286  0.00820013  0  0.00820013  0  0  0
64  1.24462  1.06815  0.817296  0.00872728  0  0.00872728  0  0  0
65  1.24466  1.06818  0.817308  0.00928372  0  0.00928372  0  0  0
66  1.24469  1.0682  0.817321  0.00986944  0  0.00986944  0  0  0
67  1.24474  1.06823  0.817336  0.0104845  0  0.0104845  0  0  0
68  1.24479  1.06826  0.817353  0.011158  0  0.011158  0  0  0
69  1.24484  1.0683  0.817372  0.0118902  0  0.0118902  0  0  0
70  1.24491  1.06835  0.817395  0.0126809  0  0.0126809  0  0  0
71  1.24498  1.0684  0.817421  0.0135302  0  0.0135302  0  0  0
72  1.24506  1.06845  0.817449  0.0144088  0  0.0144088  0  0  0
73  1.24516  1.06852  0.817483  0.0153752  0  0.0153752  0  0  0
74  1.24527  1.06859  0.817518  0.0163417  0  0.0163417  0  0  0
75  1.24539  1.06867  0.817562  0.0174546  0  0.0174546  0  0  0
76  1.24553  1.06876  0.81761  0.0185967  0  0.0185967  0  0  0
77  1.24569  1.06887  0.817663  0.0197975  0  0.0197975  0  0  0
78  1.24586  1.06898  0.817723  0.0210568  0  0.0210568  0  0  0
79  1.24606  1.06912  0.817791  0.0224039  0  0.0224039  0  0  0
80  1.24627  1.06926  0.817865  0.0237804  0  0.0237804  0  0  0
81  1.24652  1.06942  0.81795  0.025274  0  0.025274  0  0  0
82  1.24679  1.06961  0.818046  0.0268554  0  0.0268554  0  0  0
83  1.2471  1.06982  0.818151  0.0284955  0  0.0284955  0  0  0
84  1.24744  1.07004  0.818268  0.0302067  0  0.0302067  0  0  0
85  1.24781  1.07029  0.818396  0.0319849  0  0.0319849  0  0  0
86  1.24822  1.07057  0.818537  0.0338311  0  0.0338311  0  0  0
87  1.24866  1.07086  0.818691  0.0357284  0  0.0357284  0  0  0
88  1.24915  1.07119  0.81886  0.037716  0  0.037716  0  0  0
89  1.24969  1.07155  0.819044  0.0397604  0  0.0397604  0  0  0
90  1.25026  1.07193  0.819242  0.0418443  0  0.0418443  0  0  0
91  1.25086  1.07234  0.819448  0.0439171  0  0.0439171  0  0  0
92  1.25149  1.07276  0.819668  0.0460181  0  0.0460181  0  0  0
93  1.25216  1.07321  0.819898  0.0481248  0  0.0481248  0  0  0
94  1.25285  1.07367  0.820136  0.0502087  0  0.0502087  0  0  0
95  1.25357  1.07415  0.820382  0.0522758  0  0.0522758  0  0  0
96  1.2543  1.07464  0.820636  0.0543259  0  0.0543259  0  0  0
97  1.25504  1.07514  0.820891  0.0563078  0  0.0563078  0  0  0
98  1.25578  1.07564  0.821146  0.0582278  0  0.0582278  0  0  0
99  1.25651  1.07612  0.821398  0.0600625  0  0.0600625  0  0  0
100  1.25722  1.0766  0.821643  0.0617897  0  0.0617897  0  0  0
101  1.25791  1.07706  0.821881  0.0634263  0  0.0634263  0  0  0
102  1.25857  1.07751  0.822109  0.0649553  0  0.0649553  0  0  0
103  1.25916  1.0779  0.822314  0.0663032  0  0.0663032  0  0  0
104  1.2597  1.07826  0.822497  0.0674812  0  0.0674812  0  0  0
105  1.26014  1.07856  0.822652  0.0684608  0  0.0684608  0  0  0
106  1.2605  1.0788  0.822773  0.0692196  0  0.0692196  0  0  0
107  1.26074  1.07896  0.822857  0.0697406  0  0.0697406  0  0  0
108  1.26087  1.07905  0.822904  0.0700296  0  0.0700296  0  0  0
109  1.26087  1.07905  0.822904  0.0700296  0  0.0700296  0  0  0
110  1.26074  1.07896  0.822857  0.0697406  0  0.0697406  0  0  0
111  1.26045  1.07877  0.822757  0.0691178  0  0.0691178  0  0  0
112  1.26002  1.07848  0.822609  0.068189  0  0.068189  0  0  0
113  1.25941  1.07807  0.822399  0.0668525  0  0.0668525  0  0  0
114  1.25864  1.07755  0.822133  0.0651139  0  0.0651139  0  0  0
115  1.2577  1.07692  0.821808  0.0629279  0  0.0629279  0  0  0
116  1.25662  1.0762  0.821435  0.0603229  0  0.0603229  0  0  0
117  1.2554  1.07538  0.821016  0.0572594  0  0.0572594  0  0  0
118  1.25409  1.0745  0.820562  0.053737  0  0.053737  0  0  0
119  1.25271  1.07358  0.820087  0.0497841  0  0.0497841  0  0  0
120  1.25129  1.07262  0.819596  0.0453443  0  0.0453443  0  0  0
121  1.24986  1.07166  0.819103  0.0403891  0  0.0403891  0  0  0
122  1.24847  1.07073  0.818624  0.0349106  0  0.0349106  0  0  0
123  1.24721  1.06989  0.81819  0.0290812  0  0.0290812  0  0  0
124  1.24612  1.06916  0.817813  0.0228139  0  0.0228139  0  0  0
125  1.24525  1.06858  0.817514  0.0162245  0  0.0162245  0  0  0
126  1.24466  1.06818  0.817309  0.00934229  0  0.00934229  0  0  0
127  1.24438  1.06799  0.817213  0.00211739  0  0.00211739  0  0  0
128  1.24447  1.06805  0.817244  -0.00556437  0  -0.00556437  0  0  0
129  1.24498  1.06839  0.81742  -0.0135009  0  -0.0135009  0  0  0
130  1.24593  1.06903  0.817748  -0.0215546  0  -0.0215546  0  0  0
131  1.24734  1.06998  0.818235  -0.0297333  0  -0.0297333  0  0  0
132  1.24919  1.07122  0.818874  -0.0378712  0  -0.0378712  0  0  0
133  1.25147  1.07275  0.819659  -0.0459393  0  -0.0459393  0  0  0
134  1.25413  1.07453  0.820576  -0.0538502  0  -0.0538502  0  0  0
135  1.25712  1.07653  0.821608  -0.0615461  0  -0.0615461  0  0  0
136  1.26035  1.0787  0.822723  -0.0689026  0  -0.0689026  0  0  0
137  1.26373  1.08097  0.82389  -0.0758456  0  -0.0758456  0  0  0
138  1.26713  1.08324  0.825062  -0.0822278  0  -0.0822278  0  0  0
139  1.27045  1.08547  0.826208  -0.0880267  0  -0.0880267  0  0  0
140  1.27368  1.08764  0.827323  -0.093316  0  -0.093316  0  0  0
141  1.2767  1.08966  0.828366  -0.0980108  0  -0.0980108  0  0  0
142  1.27944  1.0915  0.82931  -0.102071  0  -0.102071  0  0  0
143  1.28181  1.09309  0.830127  -0.105463  0  -0.105463  0  0  0
144  1.28382  1.09444  0.830823  -0.108267  0  -0.108267  0  0  0
145  1.28544  1.09552  0.83138  -0.110458  0  -0.110458  0  0  0
146  1.28663  1.09632  0.831793  -0.112055  0  -0.112055  0  0  0
147  1.28747  1.09688  0.83208  -0.113154  0  -0.113154  0  0  0
148  1.28794  1.0972  0.832244  -0.113777  0  -0.113777  0  0  0
149  1.28804  1.09727  0.832279  -0.113907  0  -0.113907  0  0  0
150  1.2878  1.0971  0.832195  -0.11359  0  -0.11359  0  0  0
151  1.2872  1.0967  0.831988  -0.112803  0  -0.112803  0  0  0
152  1.28623  1.09605  0.831655  -0.111523  0  -0.111523  0  0  0
153  1.28494  1.09519  0.831209  -0.10979  0  -0.10979  0  0  0
154  1.2833  1.09409  0.830643  -0.107547  0  -0.107547  0  0  0
155  1.28125  1.09272  0.829937  -0.104682  0  -0.104682  0  0  0
156  1.27895  1.09117  0.829141  -0.101358  0  -0.101358  0  0  0
157  1.2764  1.08946  0.82826  -0.0975464  0  -0.0975464  0  0  0
158  1.27359  1.08758  0.827292  -0.0931745  0  -0.0931745  0  0  0
159  1.27061  1.08558  0.826264  -0.0882986  0  -0.0882986  0  0  0
160  1.2676  1.08356  0.825226  -0.0830829  0  -0.0830829  0  0  0
161  1.26456  1.08152  0.824177  -0.0774595  0  -0.0774595  0  0  0
162  1.2616  1.07953  0.823153  -0.0715415  0  -0.0715415  0  0  0
163  1.25876  1.07763  0.822173  -0.0653802  0  -0.0653802  0  0  0
164  1.25616  1.07589  0.821277  -0.0591847  0  -0.0591847  0  0  0
165  1.2538  1.07431  0.820463  -0.0529384  0  -0.0529384  0  0  0
166  1.25166  1.07288  0.819726  -0.0465619  0  -0.0465619  0  0  0
167  1.24981  1.07163  0.819085  -0.0402038  0  -0.0402038  0  0  0
168  1.24826  1.0706  0.818553  -0.0340305  0  -0.0340305  0  0  0
169  1.247  1.06975  0.818117  -0.0279683  0  -0.0279683  0  0  0
170  1.24601  1.06909  0.817776  -0.0221111  0  -0.0221111  0  0  0
171  1.2453  1.06861  0.817532  -0.0166931  0  -0.0166931  0  0  0
172  1.24482  1.06829  0.817365  -0.0116266  0  -0.0116266  0  0  0
173  1.24453  1.06809  0.817263  -0.00688225  0  -0.00688225  0  0  0
174  1.24439  1.068  0.817215  -0.00246882  0  -0.00246882  0  0  0
175  1.24437  1.06799  0.817211  0.00154338  0  0.00154338  0  0  0
176  1.24446  1.06804  0.81724  0.00521294  0  0.00521294  0  0  0
177  1.24461  1.06815  0.817292  0.00852228  0  0.00852228  0  0  0
178  1.24481  1.06828  0.81736  0.0114509  0  0.0114509  0  0  0
179  1.24503  1.06843  0.817436  0.0139988  0  0.0139988  0  0  0
180  1.24525  1.06857  0.817513  0.0161953  0  0.0161953  0  0  0
181  1.24547  1.06872  0.817587  0.0180696  0  0.0180696  0  0  0
182  1.24566  1.06885  0.817655  0.0196217  0  0.0196217  0  0  0
183  1.24583  1.06896  0.817713  0.0208518  0  0.0208518  0  0  0
184  1.24596  1.06905  0.817759  0.0217889  0  0.0217889  0  0  0
185  1.24606  1.06912  0.817794  0.0224625  0  0.0224625  0  0  0
186  1.24613  1.06916  0.817816  0.0228725  0  0.0228725  0  0  0
187  1.24615  1.06918  0.817823  0.0230189  0  0.0230189  0  0  0
188  1.24615  1.06918  0.817822  0.0229896  0  0.0229896  0  0  0
189  1.24611  1.06915  0.817809  0.0227554  0  0.0227554  0  0  0
190  1.24605  1.06911  0.817788  0.0223454  0  0.0223454  0  0  0
191  1.24596  1.06905  0.817759  0.0217889  0  0.0217889  0  0  0
192  1.24586  1.06899  0.817724  0.021086  0  0.021086  0  0  0
193  1.24575  1.06891  0.817686  0.0202953  0  0.0202953  0  0  0
194  1.24564  1.06883  0.817646  0.0194167  0  0.0194167  0  0  0
195  1.24551  1.06875  0.817603  0.0184503  0  0.0184503  0  0  0
196  1.24539  1.06867  0.817562  0.0174546  0  0.0174546  0  0  0
197  1.24527  1.06859  0.817522  0.0164295  0  0.0164295  0  0  0
198  1.24516  1.06851  0.817482  0.015346  0  0.015346  0  0  0
199  1.24505  1.06844  0.817444  0.0142624  0  0.0142624  0  0  0
200  1.24495  1.06837  0.817409  0.0131495  0  0.0131495  0  0  0
201  1.24486  1.06831  0.817378  0.0120952  0  0.0120952  0  0  0
202  1.24478  1.06826  0.81735  0.0110409  0  0.0110409  0  0  0
203  1.24471  1.06821  0.817325  0.0100452  0  0.0100452  0  0  0
204  1.24464  1.06817  0.817304  0.00907872  0  0.00907872  0  0  0
205  1.24459  1.06813  0.817285  0.00814156  0  0.00814156  0  0  0
206  1.24454  1.0681  0.817269  0.00726297  0  0.00726297  0  0  0
207  1.24451  1.06808  0.817256  0.00644296  0  0.00644296  0  0  0
208  1.24447  1.06806  0.817245  0.00568152  0  0.00568152  0  0  0
209  1.24445  1.06804  0.817237  0.00497865  0  0.00497865  0  0  0
210  1.24443  1.06803  0.81723  0.00433435  0  0.00433435  0  0  0
211  1.24441  1.06801  0.817224  0.00374863  0  0.00374863  0  0  0
212  1.2444  1.06801  0.81722  0.00322148  0  0.00322148  0  0  0
213  1.24439  1.068  0.817217  0.00274997  0  0.00274997  0  0  0
214  1.24438  1.068  0.817214  0.00233118  0  0.00233118  0  0  0
215  1.24438  1.06799  0.817212  0.00196217  0  0.00196217  0  0  0
216  1.24438  1.06799  0.817211  0.0016576  0  0.0016576  0  0  0
217  1.24437  1.06799  0.81721  0.00139402  0  0.00139402  0  0  0
218  1.24437  1.06799  0.81721  0.00118023  0  0.00118023  0  0  0
219  1.24437  1.06799  0.817209  0.00102794  0  0.00102794  0  0  0
220  1.24437  1.06798  0.817209  0.0009108  0  0.0009108  0  0  0
221  1.24437  1.06798  0.817209  0.000814156  0  0.000814156  0  0  0
222  1.24437  1.06798  0.817209  0.000743869  0  0.000743869  0  0  0
223  1.24437  1.06798  0.817209  0.000702868  0  0.000702868  0  0  0
224  1.24437  1.06798  0.817209  0.000673582  0  0.000673582  0  0  0
225  1.24437  1.06798  0.817209  0.000679439  0  0.000679439  0  0  0
226  1.24437  1.06798  0.817209  0.000714583  0  0.000714583  0  0  0
227  1.24437  1.06798  0.817209  0.000764369  0  0.000764369  0  0  0
228  1.24437  1.06798  0.817209  0.000822942  0  0.000822942  0  0  0
229  1.24437  1.06798  0.817208  -1.60604e-17  0  -1.60604e-17  0  0  0
230  1.24437  1.06798  0.817208  -1.60604e-17  0  -1.60604e-17  0  0  0
231  1.24437  1.06798  0.817208  -1.60604e-17  0  -1.60604e-17  0  0  0
232  1.24437  1.06798  0.817208  -1.60604e-17  0  -1.60604e-17  0  0  0
233  1.24437  1.06798  0.817208  -1.60604e-17  0  -1.60604e-17  0  0  0
234  1.24437  1.06798  0.817208  -1.60604e-17  0  -1.60604e-17  0  0  0
235  1.24437  1.06798  0.817208  -1.60604e-17  0  -1.60604e-17  0  0  0
236  1.24437  1.06798  0.817208  -1.60604e-17  0  -1.60604e-17  0  0  0
237  1.24437  1.06798  0.817208  -1.60604e-17  0  -1.60604e-17  0  0  0
238  1.24437  1.06798  0.817208  -1.60604e-17  0  -1.60604e-17  0  0  0
239  1.24437  1.06798  0.817208  -1.60604e-17  0  -1.60604e-17  0  0  0
240  1.24437  1.06798  0.817208  -1.60604e-17  0  -1.60604e-17  0  0  0
241  1.24437  1.06798  0.817208  -1.60604e-17  0  -1.60604e-17  0  0  0
242  1.24437  1.06798  0.817208  -1.60604e-17  0  -1.60604e-17  0  0  0
243  1.24437  1.06798  0.817208  -1.60604e-17  0  -1.60604e-17  0  0  0
244  1.24437  1.06798  0.817208  -1.60604e-17  0  -1.60604e-17  0  0  0
245  1.24437  1.06798  0.817208  -1.60604e-17  0  -1.60604e-17  0  0  0
246  1.24437  1.06798  0.817208  -1.60604e-17  0  -1.60604e-17  0  0  0
247  1.24437  1.06798  0.817208  -1.60604e-17  0  -1.60604e-17  0  0  0
248  1.24437  1.06798  0.817208  -1.60604e-17  0  -1.60604e-17  0  0  0
249  1.24437  1.06798  0.817208  -1.60604e-17  0  -1.60604e-17  0  0  0
250  1.24437  1.06798  0.817208  -1.60604e-17  0  -1.60604e-17  0  0  0
