2 -15.8948 -20.4375 -10.0864 
4 -15.899 -20.443 -10.0828 
6 -15.9078 -20.4506 -10.0963 
8 -15.906 -20.4483 -10.0907 
10 -15.8972 -20.4611 -10.0901 
12 -15.9076 -20.4847 -10.0924 
14 -15.93 -20.4993 -10.1002 
16 -15.9218 -20.5038 -10.1095 
18 -15.9166 -20.4977 -10.1151 
20 -15.9158 -20.4951 -10.1183 
22 -15.9239 -20.4918 -10.1038 
24 -15.936 -20.533 -10.095 
26 -15.9408 -20.5391 -10.1025 
28 -15.941 -20.527 -10.1061 
30 -15.9239 -20.5104 -10.0994 
32 -15.9221 -20.5275 -10.0904 
34 -15.9177 -20.527 -10.0908 
36 -15.9173 -20.5262 -10.0954 
38 -15.9168 -20.5395 -10.0934 
40 -15.9199 -20.5566 -10.088 
42 -15.9282 -20.5529 -10.0852 
44 -15.9326 -20.5281 -10.0812 
46 -15.916 -20.5073 -10.0697 
48 -15.9274 -20.5155 -10.079 
50 -15.9237 -20.5141 -10.0801 
52 -15.9112 -20.5013 -10.0777 
54 -15.9109 -20.4891 -10.0713 
56 -15.9175 -20.4962 -10.0764 
58 -15.934 -20.499 -10.0941 
60 -15.9292 -20.5193 -10.0887 
62 -15.9279 -20.524 -10.0945 
64 -15.9324 -20.5262 -10.0931 
66 -15.9372 -20.5173 -10.0908 
68 -15.941 -20.5195 -10.084 
70 -15.932 -20.5194 -10.0968 
72 -15.9344 -20.5119 -10.0875 
74 -15.9167 -20.4942 -10.0832 
76 -15.9044 -20.4777 -10.0767 
78 -15.9045 -20.4857 -10.0758 
80 -15.8976 -20.4906 -10.0831 
82 -15.8949 -20.4863 -10.079 
84 -15.9076 -20.4996 -10.0962 
86 -15.9069 -20.4771 -10.087 
88 -15.9259 -20.4981 -10.0892 
90 -15.9398 -20.5074 -10.0918 
92 -15.9326 -20.5 -10.0959 
94 -15.9217 -20.492 -10.0986 
96 -15.9127 -20.5009 -10.0862 
98 -15.934 -20.5188 -10.0856 
100 -15.92 -20.5251 -10.0721 
102 -15.9183 -20.5057 -10.0817 
104 -15.9236 -20.4993 -10.0753 
106 -15.9196 -20.4982 -10.0737 
108 -15.929 -20.4965 -10.0746 
110 -15.9269 -20.5106 -10.0671 
112 -15.9307 -20.5155 -10.069 
114 -15.9372 -20.5229 -10.0659 
116 -15.9134 -20.5107 -10.056 
118 -15.9136 -20.5016 -10.0639 
120 -15.9059 -20.4993 -10.0643 
122 -15.9075 -20.497 -10.062 
124 -15.9033 -20.5103 -10.0514 
126 -15.9038 -20.4896 -10.0554 
128 -15.9087 -20.4862 -10.066 
130 -15.9043 -20.4902 -10.0575 
132 -15.908 -20.4925 -10.0694 
134 -15.8973 -20.4748 -10.0643 
136 -15.8857 -20.4476 -10.0601 
138 -15.8785 -20.4151 -10.0633 
140 -15.8884 -20.4123 -10.0887 
142 -15.8966 -20.4431 -10.0864 
144 -15.8998 -20.4471 -10.0758 
146 -15.893 -20.4226 -10.081 
148 -15.8923 -20.4186 -10.0934 
150 -15.902 -20.4342 -10.1024 
152 -15.9047 -20.4616 -10.0858 
154 -15.8968 -20.4573 -10.0841 
156 -15.8959 -20.4422 -10.0885 
158 -15.8961 -20.4426 -10.0899 
160 -15.9057 -20.4477 -10.0948 
162 -15.8927 -20.4363 -10.0837 
164 -15.8999 -20.4431 -10.082 
166 -15.9072 -20.4509 -10.0935 
168 -15.9057 -20.4467 -10.0886 
170 -15.8953 -20.4588 -10.0884 
172 -15.9062 -20.4826 -10.0892 
174 -15.9292 -20.498 -10.0982 
176 -15.9214 -20.5044 -10.1086 
178 -15.9153 -20.4977 -10.1135 
180 -15.9149 -20.4944 -10.1177 
182 -15.9223 -20.4915 -10.1028 
184 -15.9361 -20.5331 -10.0945 
186 -15.9389 -20.5394 -10.103 
188 -15.9392 -20.5257 -10.1057 
190 -15.922 -20.5095 -10.0989 
192 -15.9208 -20.5266 -10.0899 
194 -15.9152 -20.5234 -10.0898 
196 -15.9178 -20.5256 -10.0948 
198 -15.9177 -20.5406 -10.0935 
200 -15.9209 -20.5588 -10.0872 
202 -15.9287 -20.5519 -10.0844 
204 -15.9338 -20.53 -10.0811 
206 -15.9178 -20.5104 -10.0702 
208 -15.9262 -20.5193 -10.079 
210 -15.9234 -20.518 -10.0798 
212 -15.9109 -20.5022 -10.0789 
214 -15.9105 -20.4886 -10.0721 
216 -15.917 -20.4978 -10.0768 
218 -15.9335 -20.5023 -10.0945 
220 -15.9305 -20.5231 -10.0895 
222 -15.9285 -20.5264 -10.0961 
224 -15.9287 -20.5249 -10.0916 
226 -15.9352 -20.5161 -10.0893 
228 -15.9408 -20.5206 -10.0842 
230 -15.9328 -20.5196 -10.0991 
232 -15.9338 -20.5122 -10.0891 
234 -15.9157 -20.4922 -10.0836 
236 -15.9009 -20.4725 -10.0772 
238 -15.9017 -20.4833 -10.0767 
240 -15.9007 -20.4919 -10.0851 
242 -15.8944 -20.485 -10.0816 
244 -15.9084 -20.4982 -10.0978 
246 -15.9069 -20.4763 -10.0881 
248 -15.9238 -20.4931 -10.0906 
250 -15.9413 -20.5076 -10.0953 
252 -15.9323 -20.4992 -10.0965 
254 -15.9217 -20.4909 -10.0998 
256 -15.912 -20.4988 -10.0865 
258 -15.9316 -20.516 -10.0846 
260 -15.9168 -20.52 -10.0703 
262 -15.9167 -20.5053 -10.0788 
264 -15.9231 -20.4986 -10.074 
266 -15.9169 -20.4948 -10.0717 
268 -15.9274 -20.4919 -10.0746 
270 -15.9265 -20.5092 -10.0667 
272 -15.9318 -20.5165 -10.0678 
274 -15.9356 -20.5239 -10.0639 
276 -15.9135 -20.51 -10.0559 
278 -15.9137 -20.5018 -10.0648 
280 -15.9066 -20.4977 -10.0657 
282 -15.9106 -20.5005 -10.0638 
284 -15.9053 -20.5105 -10.0532 
286 -15.9018 -20.49 -10.0555 
288 -15.907 -20.4852 -10.0659 
290 -15.9076 -20.4893 -10.0605 
292 -15.908 -20.4943 -10.0702 
294 -15.8988 -20.4774 -10.0662 
296 -15.8873 -20.4478 -10.0616 
298 -15.8789 -20.418 -10.0644 
300 -15.8886 -20.4149 -10.0895 
302 -15.8974 -20.443 -10.0874 
304 -15.9017 -20.449 -10.0766 
306 -15.8947 -20.4255 -10.0809 
308 -15.889 -20.4186 -10.0934 
310 -15.9005 -20.435 -10.1037 
312 -15.9053 -20.4601 -10.0895 
314 -15.8967 -20.4579 -10.0845 
316 -15.8975 -20.4402 -10.089 
318 -15.9011 -20.4445 -10.094 
320 -15.9089 -20.4476 -10.0965 
322 -15.8951 -20.4389 -10.086 
324 -15.9 -20.4453 -10.0829 
326 -15.9072 -20.4501 -10.0944 
328 -15.9097 -20.4515 -10.0927 
330 -15.8992 -20.4611 -10.0911 
332 -15.9115 -20.4861 -10.0938 
334 -15.9326 -20.5013 -10.1022 
336 -15.9243 -20.5077 -10.1116 
338 -15.9187 -20.5004 -10.115 
340 -15.9193 -20.5021 -10.1208 
342 -15.9296 -20.4946 -10.1048 
344 -15.9368 -20.533 -10.0986 
346 -15.9439 -20.5433 -10.1059 
348 -15.9368 -20.5241 -10.1043 
350 -15.9205 -20.5071 -10.0991 
352 -15.9247 -20.5293 -10.0939 
354 -15.9183 -20.5276 -10.0937 
356 -15.9234 -20.5272 -10.0991 
358 -15.9218 -20.5433 -10.0971 
360 -15.925 -20.5573 -10.0893 
362 -15.9283 -20.5465 -10.0865 
364 -15.9388 -20.5389 -10.0851 
366 -15.9191 -20.511 -10.0723 
368 -15.9263 -20.5223 -10.0777 
370 -15.9259 -20.5201 -10.083 
372 -15.9135 -20.5044 -10.0799 
374 -15.9121 -20.4913 -10.074 
376 -15.9194 -20.5018 -10.0795 
378 -15.9307 -20.502 -10.0953 
380 -15.9356 -20.5245 -10.0918 
382 -15.9335 -20.5392 -10.098 
384 -15.9364 -20.5323 -10.0938 
386 -15.9395 -20.5217 -10.0911 
388 -15.9436 -20.5228 -10.0845 
390 -15.9327 -20.5227 -10.0968 
392 -15.9323 -20.515 -10.0909 
394 -15.9168 -20.4941 -10.0853 
396 -15.9024 -20.4806 -10.0752 
398 -15.9033 -20.4875 -10.0759 
400 -15.8996 -20.4957 -10.0856 
402 -15.8958 -20.4861 -10.0809 
404 -15.9087 -20.4964 -10.0972 
406 -15.9055 -20.4792 -10.0878 
408 -15.9224 -20.4914 -10.0895 
410 -15.9411 -20.513 -10.0966 
412 -15.9361 -20.5043 -10.1008 
414 -15.9226 -20.4887 -10.0984 
416 -15.9134 -20.5028 -10.0878 
418 -15.9273 -20.5122 -10.0805 
420 -15.917 -20.5179 -10.0695 
422 -15.9179 -20.5019 -10.0814 
424 -15.9217 -20.4931 -10.0756 
426 -15.9136 -20.4922 -10.0691 
428 -15.9213 -20.4865 -10.0744 
430 -15.9265 -20.5092 -10.067 
432 -15.9334 -20.5171 -10.0711 
434 -15.9324 -20.5246 -10.0616 
436 -15.9105 -20.5086 -10.0563 
438 -15.9153 -20.5025 -10.0604 
440 -15.9053 -20.496 -10.0633 
442 -15.9055 -20.4981 -10.0663 
444 -15.8967 -20.5039 -10.0537 
446 -15.9018 -20.4881 -10.0589 
448 -15.8987 -20.4816 -10.0635 
450 -15.907 -20.4824 -10.0594 
452 -15.9115 -20.4947 -10.0695 
454 -15.8949 -20.4779 -10.0708 
456 -15.8753 -20.436 -10.0581 
458 -15.8689 -20.4107 -10.0646 
460 -15.8939 -20.4124 -10.0883 
462 -15.8966 -20.4408 -10.0861 
464 -15.9011 -20.444 -10.0754 
466 -15.8867 -20.4164 -10.0766 
468 -15.888 -20.417 -10.0919 
470 -15.8912 -20.4301 -10.1011 
472 -15.9 -20.4552 -10.089 
474 -15.9001 -20.4545 -10.0842 
476 -15.8976 -20.443 -10.0872 
478 -15.8998 -20.4396 -10.0947 
480 -15.9002 -20.4406 -10.0969 
482 -15.9013 -20.4412 -10.0869 
484 -15.8981 -20.4486 -10.0846 
486 -15.9063 -20.4487 -10.0899 
488 -15.9039 -20.4423 -10.0919 
490 -15.8997 -20.4536 -10.0982 
492 -15.9084 -20.4826 -10.0947 
494 -15.9182 -20.494 -10.0972 
496 -15.9213 -20.4937 -10.1089 
498 -15.9131 -20.4857 -10.1124 
500 -15.9069 -20.4867 -10.1109 
502 -15.9248 -20.4913 -10.1 
504 -15.9299 -20.5172 -10.0956 
506 -15.9323 -20.5212 -10.0969 
508 -15.9215 -20.502 -10.096 
510 -15.9065 -20.4841 -10.0874 
512 -15.9146 -20.51 -10.0808 
514 -15.9122 -20.5142 -10.0875 
516 -15.929 -20.5171 -10.0962 
518 -15.9073 -20.5244 -10.0927 
520 -15.9273 -20.5451 -10.0861 
522 -15.9207 -20.5331 -10.0798 
524 -15.9342 -20.5266 -10.079 
526 -15.929 -20.5142 -10.0716 
528 -15.9389 -20.5325 -10.0798 
530 -15.92 -20.5146 -10.0775 
532 -15.9107 -20.5023 -10.0735 
534 -15.9106 -20.4894 -10.0719 
536 -15.9177 -20.5005 -10.0841 
538 -15.9331 -20.4988 -10.098 
540 -15.943 -20.5183 -10.0989 
542 -15.9357 -20.5222 -10.0964 
544 -15.9248 -20.5118 -10.0879 
546 -15.9297 -20.5109 -10.0843 
548 -15.9353 -20.5321 -10.0876 
550 -15.9298 -20.5289 -10.0995 
552 -15.9267 -20.5131 -10.0891 
554 -15.9139 -20.491 -10.0782 
556 -15.8969 -20.4836 -10.0763 
558 -15.8856 -20.4727 -10.0666 
560 -15.8901 -20.4783 -10.0801 
562 -15.8888 -20.4792 -10.083 
564 -15.9085 -20.4861 -10.0969 
566 -15.9047 -20.4696 -10.0905 
568 -15.9213 -20.4856 -10.0919 
570 -15.937 -20.4955 -10.1025 
572 -15.9366 -20.5119 -10.1022 
574 -15.9244 -20.5006 -10.1023 
576 -15.9054 -20.4952 -10.0828 
578 -15.9189 -20.5048 -10.0802 
580 -15.9164 -20.5094 -10.0715 
582 -15.9079 -20.5034 -10.0702 
584 -15.9136 -20.508 -10.0677 
586 -15.9208 -20.4996 -10.0723 
588 -15.9224 -20.4931 -10.0753 
590 -15.9274 -20.5083 -10.0666 
592 -15.9371 -20.5286 -10.071 
594 -15.9258 -20.53 -10.0627 
596 -15.925 -20.5257 -10.066 
598 -15.9124 -20.5164 -10.0641 
600 -15.9093 -20.5078 -10.0624 
602 -15.9027 -20.5032 -10.0667 
604 -15.908 -20.518 -10.0516 
606 -15.9058 -20.4956 -10.0585 
608 -15.9222 -20.5184 -10.071 
610 -15.9056 -20.5108 -10.0624 
612 -15.8997 -20.491 -10.0612 
614 -15.8918 -20.4734 -10.0645 
616 -15.8807 -20.4471 -10.0602 
618 -15.8746 -20.4356 -10.0622 
620 -15.8718 -20.4177 -10.0768 
622 -15.8765 -20.4438 -10.0699 
624 -15.8773 -20.4351 -10.0689 
626 -15.8792 -20.4227 -10.0777 
628 -15.875 -20.4088 -10.0907 
630 -15.8826 -20.4348 -10.0878 
632 -15.8845 -20.4419 -10.0725 
634 -15.9025 -20.449 -10.0844 
636 -15.8938 -20.4301 -10.0959 
638 -15.9075 -20.4315 -10.0991 
640 -15.9021 -20.4355 -10.0957 
642 -15.8946 -20.4358 -10.0826 
644 -15.914 -20.458 -10.0881 
646 -15.8966 -20.4467 -10.0896 
648 -15.9053 -20.4668 -10.0953 
650 -15.893 -20.4538 -10.092 
652 -15.8933 -20.4718 -10.081 
654 -15.8982 -20.5011 -10.0941 
656 -15.9073 -20.4953 -10.1078 
658 -15.9039 -20.4968 -10.1166 
660 -15.9108 -20.4842 -10.1091 
662 -15.9169 -20.4815 -10.0929 
664 -15.9251 -20.5118 -10.0901 
666 -15.9308 -20.5231 -10.0914 
668 -15.921 -20.5133 -10.087 
670 -15.9066 -20.4975 -10.0865 
672 -15.902 -20.5038 -10.0742 
674 -15.906 -20.5022 -10.0758 
676 -15.9341 -20.508 -10.0939 
678 -15.9287 -20.5229 -10.0772 
680 -15.9238 -20.5263 -10.0731 
682 -15.9188 -20.5374 -10.0667 
684 -15.9277 -20.5283 -10.0762 
686 -15.9374 -20.5259 -10.0742 
688 -15.9372 -20.5419 -10.0675 
690 -15.9086 -20.5228 -10.0639 
692 -15.9043 -20.5133 -10.0526 
694 -15.8986 -20.4962 -10.0578 
696 -15.9196 -20.4989 -10.082 
698 -15.9216 -20.5039 -10.0879 
700 -15.9188 -20.5027 -10.0881 
702 -15.9051 -20.4812 -10.0659 
704 -15.8983 -20.4846 -10.0643 
706 -15.9194 -20.4941 -10.0764 
708 -15.9209 -20.4991 -10.088 
710 -15.9248 -20.4976 -10.0973 
712 -15.9212 -20.4951 -10.0876 
714 -15.9241 -20.4916 -10.078 
716 -15.9138 -20.4671 -10.0699 
718 -15.9017 -20.4735 -10.0699 
720 -15.9028 -20.4762 -10.0899 
722 -15.9026 -20.4698 -10.0868 
724 -15.9135 -20.4691 -10.0966 
726 -15.9211 -20.4605 -10.0973 
728 -15.9301 -20.494 -10.0918 
730 -15.9262 -20.4857 -10.0965 
732 -15.9155 -20.475 -10.0963 
734 -15.9156 -20.4513 -10.0932 
736 -15.9116 -20.4623 -10.085 
738 -15.9196 -20.4917 -10.0774 
740 -15.9122 -20.4858 -10.07 
742 -15.9016 -20.4593 -10.066 
744 -15.8912 -20.4489 -10.0539 
746 -15.8966 -20.4525 -10.0525 
748 -15.8992 -20.4743 -10.0469 
750 -15.9218 -20.5052 -10.0605 
752 -15.9182 -20.5066 -10.0664 
754 -15.895 -20.4921 -10.0475 
756 -15.8945 -20.4807 -10.0511 
758 -15.9076 -20.4835 -10.0688 
760 -15.9083 -20.4828 -10.0613 
762 -15.9034 -20.4913 -10.0627 
764 -15.8859 -20.4783 -10.0494 
766 -15.8931 -20.4792 -10.0589 
768 -15.9104 -20.4717 -10.0741 
770 -15.9078 -20.4783 -10.064 
772 -15.9057 -20.4899 -10.0601 
774 -15.906 -20.5068 -10.0534 
776 -15.9022 -20.4707 -10.061 
778 -15.893 -20.4434 -10.0634 
780 -15.8914 -20.4292 -10.0768 
782 -15.8909 -20.4227 -10.0681 
784 -15.883 -20.4398 -10.0522 
786 -15.8719 -20.4164 -10.0579 
788 -15.8611 -20.4097 -10.076 
790 -15.8807 -20.4348 -10.082 
792 -15.8891 -20.4597 -10.0707 
794 -15.8897 -20.4841 -10.0625 
796 -15.8787 -20.4624 -10.0701 
798 -15.8724 -20.4429 -10.0817 
800 -15.8721 -20.4481 -10.0668 
802 -15.8756 -20.4417 -10.072 
804 -15.8917 -20.4509 -10.0687 
806 -15.8894 -20.4563 -10.0682 
808 -15.8848 -20.4499 -10.0814 
810 -15.871 -20.4582 -10.0658 
812 -15.8741 -20.4773 -10.0724 
814 -15.8805 -20.4808 -10.0774 
816 -15.91 -20.5005 -10.0945 
818 -15.9207 -20.4916 -10.1048 
820 -15.9006 -20.4756 -10.0963 
822 -15.8966 -20.4985 -10.096 
824 -15.9175 -20.5207 -10.0923 
826 -15.9244 -20.5284 -10.0924 
828 -15.9417 -20.5187 -10.0911 
830 -15.9308 -20.5107 -10.0957 
832 -15.9156 -20.5143 -10.0728 
834 -15.9006 -20.503 -10.0586 
836 -15.8997 -20.5014 -10.0573 
838 -15.909 -20.5189 -10.0591 
840 -15.9141 -20.541 -10.0664 
842 -15.8982 -20.5358 -10.0501 
844 -15.8901 -20.5083 -10.0432 
846 -15.8837 -20.4929 -10.05 
848 -15.8995 -20.5109 -10.0587 
850 -15.9188 -20.5451 -10.065 
852 -15.9208 -20.5418 -10.0528 
854 -15.9076 -20.5147 -10.0393 
856 -15.9199 -20.5212 -10.067 
858 -15.9281 -20.5323 -10.0822 
860 -15.9293 -20.5608 -10.0776 
862 -15.9101 -20.5442 -10.0435 
864 -15.8976 -20.515 -10.0459 
866 -15.8988 -20.5052 -10.0496 
868 -15.9245 -20.5448 -10.0635 
870 -15.9304 -20.5621 -10.0651 
872 -15.9138 -20.5321 -10.0586 
874 -15.9012 -20.4862 -10.0561 
876 -15.901 -20.4813 -10.0689 
878 -15.921 -20.5116 -10.0853 
880 -15.9197 -20.5188 -10.0763 
882 -15.9193 -20.5081 -10.0793 
884 -15.9015 -20.4854 -10.0835 
886 -15.8878 -20.4749 -10.0836 
888 -15.8987 -20.4968 -10.0847 
890 -15.9166 -20.5264 -10.0848 
892 -15.9206 -20.5012 -10.0799 
894 -15.8952 -20.4541 -10.0794 
896 -15.8705 -20.4446 -10.0616 
898 -15.883 -20.4567 -10.0582 
900 -15.9121 -20.472 -10.0703 
902 -15.9248 -20.4893 -10.0741 
904 -15.9095 -20.4774 -10.0635 
906 -15.9113 -20.488 -10.0685 
908 -15.909 -20.4882 -10.0635 
910 -15.9143 -20.4905 -10.0685 
912 -15.9033 -20.484 -10.061 
914 -15.9116 -20.4897 -10.0561 
916 -15.9043 -20.4725 -10.0597 
918 -15.9072 -20.4715 -10.0676 
920 -15.9063 -20.4792 -10.0597 
922 -15.9069 -20.4848 -10.0504 
924 -15.8864 -20.4742 -10.0369 
926 -15.8961 -20.478 -10.0495 
928 -15.8857 -20.4748 -10.0478 
930 -15.8949 -20.4731 -10.0591 
932 -15.8715 -20.4493 -10.0592 
934 -15.8647 -20.4226 -10.05 
936 -15.8736 -20.4234 -10.0547 
938 -15.8793 -20.4513 -10.0498 
940 -15.8886 -20.4714 -10.0504 
942 -15.8784 -20.4591 -10.0389 
944 -15.8603 -20.419 -10.0383 
946 -15.8426 -20.3888 -10.0491 
948 -15.8773 -20.4311 -10.0698 
950 -15.9103 -20.4918 -10.0724 
952 -15.9132 -20.5088 -10.0669 
954 -15.8855 -20.4628 -10.0634 
956 -15.8604 -20.4194 -10.0741 
958 -15.8596 -20.4148 -10.0772 
960 -15.8853 -20.465 -10.0673 
962 -15.89 -20.4919 -10.068 
964 -15.8912 -20.4866 -10.0576 
966 -15.8649 -20.4422 -10.0633 
968 -15.8555 -20.4203 -10.0746 
970 -15.8649 -20.4346 -10.0812 
972 -15.8825 -20.4827 -10.0853 
974 -15.889 -20.4837 -10.0777 
976 -15.8903 -20.4824 -10.0773 
978 -15.869 -20.4634 -10.0778 
980 -15.8676 -20.4591 -10.0698 
982 -15.8732 -20.4702 -10.0637 
984 -15.8881 -20.4937 -10.0622 
986 -15.8941 -20.515 -10.065 
988 -15.8697 -20.5056 -10.0567 
990 -15.8483 -20.4827 -10.0531 
992 -15.8725 -20.4887 -10.0601 
994 -15.9047 -20.5145 -10.0622 
996 -15.909 -20.5355 -10.0652 
998 -15.9054 -20.533 -10.0545 
1000 -15.8954 -20.4961 -10.0478 
1002 -15.9042 -20.5041 -10.0492 
1004 -15.9218 -20.527 -10.0708 
1006 -15.9391 -20.5626 -10.0854 
1008 -15.9432 -20.5713 -10.0911 
1010 -15.9354 -20.5659 -10.0781 
1012 -15.9461 -20.5716 -10.0801 
1014 -15.968 -20.5862 -10.1079 
1016 -15.9507 -20.5897 -10.1064 
1018 -15.9431 -20.5767 -10.1035 
1020 -15.9327 -20.5474 -10.0943 
1022 -15.9227 -20.5329 -10.0784 
1024 -15.9366 -20.5634 -10.0863 
1026 -15.9608 -20.5848 -10.1026 
1028 -15.9549 -20.5891 -10.0953 
1030 -15.9375 -20.5771 -10.0877 
1032 -15.9243 -20.5565 -10.0798 
1034 -15.9207 -20.5434 -10.0894 
1036 -15.9342 -20.5666 -10.094 
1038 -15.9442 -20.5639 -10.0903 
1040 -15.9376 -20.5541 -10.0653 
1042 -15.9198 -20.5385 -10.0633 
1044 -15.9149 -20.5073 -10.0726 
1046 -15.9279 -20.525 -10.0758 
1048 -15.9398 -20.5509 -10.0782 
1050 -15.9387 -20.5483 -10.0708 
1052 -15.93 -20.5418 -10.0643 
1054 -15.9255 -20.529 -10.059 
1056 -15.9317 -20.5599 -10.0628 
1058 -15.9471 -20.5883 -10.063 
1060 -15.941 -20.6062 -10.0466 
1062 -15.9402 -20.5934 -10.0426 
1064 -15.9187 -20.564 -10.0443 
1066 -15.9356 -20.5579 -10.0541 
1068 -15.9554 -20.5719 -10.0636 
1070 -15.9669 -20.5873 -10.052 
1072 -15.9609 -20.5748 -10.0458 
1074 -15.939 -20.5382 -10.0391 
1076 -15.9323 -20.5395 -10.034 
1078 -15.9208 -20.5598 -10.0277 
1080 -15.9243 -20.5591 -10.0403 
1082 -15.9107 -20.5219 -10.038 
1084 -15.9106 -20.5014 -10.0259 
1086 -15.9039 -20.5191 -10.013 
1088 -15.9247 -20.5402 -10.0184 
1090 -15.9261 -20.5395 -10.0333 
1092 -15.9357 -20.5441 -10.0326 
1094 -15.9225 -20.5207 -10.0362 
1096 -15.9059 -20.5259 -10.017 
1098 -15.924 -20.5313 -10.0273 
1100 -15.9071 -20.4982 -10.0333 
1102 -15.8986 -20.4792 -10.0311 
1104 -15.8794 -20.4658 -10.0211 
1106 -15.8787 -20.4771 -10.0138 
1108 -15.8941 -20.4812 -10.0298 
1110 -15.8904 -20.4873 -10.0326 
1112 -15.8718 -20.4858 -10.0278 
1114 -15.8464 -20.476 -10.0129 
1116 -15.8608 -20.4836 -10.0218 
1118 -15.8849 -20.5021 -10.0436 
1120 -15.8867 -20.5128 -10.0553 
1122 -15.875 -20.4845 -10.0506 
1124 -15.8746 -20.4799 -10.0412 
1126 -15.8629 -20.4738 -10.0509 
1128 -15.8634 -20.4703 -10.0575 
1130 -15.8755 -20.4946 -10.0516 
1132 -15.8619 -20.4945 -10.0394 
1134 -15.86 -20.4622 -10.0463 
1136 -15.8596 -20.432 -10.058 
1138 -15.8688 -20.4426 -10.0695 
1140 -15.8726 -20.4655 -10.0629 
1142 -15.8914 -20.4868 -10.0629 
1144 -15.8869 -20.4808 -10.0595 
1146 -15.867 -20.4446 -10.0586 
1148 -15.8619 -20.4151 -10.0665 
1150 -15.8699 -20.4265 -10.0547 
1152 -15.8854 -20.4612 -10.0499 
1154 -15.8926 -20.4544 -10.0488 
1156 -15.8805 -20.4165 -10.0605 
1158 -15.8631 -20.3971 -10.0605 
1160 -15.871 -20.4248 -10.0461 
1162 -15.8885 -20.4614 -10.0368 
1164 -15.8911 -20.4608 -10.0497 
1166 -15.8799 -20.4338 -10.0605 
1168 -15.8538 -20.4083 -10.0457 
1170 -15.852 -20.392 -10.0327 
1172 -15.8617 -20.4226 -10.0097 
1174 -15.8866 -20.4451 -10.0295 
1176 -15.8958 -20.4522 -10.0538 
1178 -15.8795 -20.4502 -10.0344 
1180 -15.8584 -20.4349 -10.0258 
1182 -15.868 -20.4585 -10.029 
1184 -15.9117 -20.489 -10.0557 
1186 -15.9329 -20.5244 -10.0622 
1188 -15.9265 -20.5427 -10.0475 
1190 -15.9074 -20.5196 -10.0429 
1192 -15.8921 -20.4936 -10.035 
1194 -15.9154 -20.5207 -10.0453 
1196 -15.9349 -20.552 -10.0547 
1198 -15.944 -20.5668 -10.0592 
1200 -15.9234 -20.5299 -10.0506 
1202 -15.8998 -20.4921 -10.037 
1204 -15.8989 -20.48 -10.0332 
1206 -15.9017 -20.4902 -10.0446 
1208 -15.9248 -20.5075 -10.0495 
1210 -15.9184 -20.4845 -10.0494 
1212 -15.9169 -20.4691 -10.0542 
1214 -15.898 -20.455 -10.046 
1216 -15.9137 -20.4642 -10.0418 
1218 -15.9323 -20.4995 -10.0634 
1220 -15.9498 -20.5102 -10.072 
1222 -15.9207 -20.4854 -10.0701 
1224 -15.8995 -20.4662 -10.0602 
1226 -15.9003 -20.4458 -10.0638 
1228 -15.9125 -20.4706 -10.0584 
1230 -15.932 -20.5047 -10.0723 
1232 -15.9152 -20.4906 -10.0858 
1234 -15.8848 -20.4416 -10.0755 
1236 -15.8628 -20.4193 -10.0551 
1238 -15.8689 -20.4166 -10.0691 
1240 -15.8805 -20.4583 -10.0706 
1242 -15.8845 -20.4511 -10.0735 
1244 -15.8678 -20.4488 -10.0575 
1246 -15.8424 -20.3955 -10.0386 
1248 -15.8469 -20.391 -10.033 
1250 -15.8615 -20.4256 -10.0439 
1252 -15.8833 -20.4582 -10.0624 
1254 -15.8802 -20.4565 -10.0525 
1256 -15.8613 -20.4287 -10.0369 
1258 -15.8386 -20.4011 -10.0311 
1260 -15.8593 -20.4114 -10.0533 
1262 -15.8847 -20.4302 -10.0691 
1264 -15.8939 -20.4565 -10.0602 
1266 -15.882 -20.4451 -10.041 
1268 -15.8644 -20.4056 -10.0394 
1270 -15.8475 -20.3861 -10.0484 
1272 -15.8521 -20.4013 -10.06 
1274 -15.873 -20.4272 -10.0673 
1276 -15.8769 -20.4375 -10.0627 
1278 -15.881 -20.4356 -10.0676 
1280 -15.8546 -20.4135 -10.0772 
1282 -15.859 -20.4084 -10.0806 
1284 -15.8463 -20.407 -10.0656 
1286 -15.84 -20.41 -10.0538 
1288 -15.8433 -20.4141 -10.0465 
1290 -15.8275 -20.397 -10.0426 
1292 -15.8377 -20.3862 -10.0571 
1294 -15.8351 -20.3803 -10.0377 
1296 -15.8464 -20.4131 -10.0343 
1298 -15.8683 -20.408 -10.0499 
1300 -15.8444 -20.3981 -10.0436 
1302 -15.8269 -20.3664 -10.0467 
1304 -15.8108 -20.3472 -10.0362 
1306 -15.811 -20.3593 -10.0272 
1308 -15.8256 -20.3927 -10.0261 
1310 -15.8451 -20.4095 -10.0307 
1312 -15.8401 -20.3916 -10.0404 
1314 -15.8437 -20.3882 -10.0362 
1316 -15.8242 -20.3905 -10.0222 
1318 -15.838 -20.4158 -10.0286 
1320 -15.8444 -20.4075 -10.0385 
1322 -15.8548 -20.3909 -10.0605 
1324 -15.8545 -20.3809 -10.061 
1326 -15.835 -20.3637 -10.0383 
1328 -15.8454 -20.3905 -10.0436 
1330 -15.8519 -20.4125 -10.0339 
1332 -15.8562 -20.408 -10.0415 
1334 -15.8595 -20.3921 -10.0401 
1336 -15.8621 -20.4144 -10.0376 
1338 -15.87 -20.4368 -10.0434 
1340 -15.8798 -20.4726 -10.0496 
1342 -15.885 -20.4768 -10.0488 
1344 -15.8829 -20.4611 -10.0457 
1346 -15.8699 -20.4478 -10.0311 
1348 -15.8689 -20.4478 -10.0324 
1350 -15.8683 -20.4684 -10.0468 
1352 -15.8832 -20.463 -10.0592 
1354 -15.8976 -20.461 -10.0594 
1356 -15.9035 -20.4719 -10.0585 
1358 -15.8887 -20.4633 -10.0477 
1360 -15.887 -20.4674 -10.0404 
1362 -15.8966 -20.4666 -10.0398 
1364 -15.8877 -20.4411 -10.0281 
1366 -15.8805 -20.4382 -10.0245 
1368 -15.8669 -20.4137 -10.0267 
1370 -15.8442 -20.4045 -10.0163 
1372 -15.8366 -20.3957 -10.0194 
1374 -15.8452 -20.4026 -10.0269 
1376 -15.8442 -20.4147 -10.03 
1378 -15.8476 -20.4294 -10.0389 
1380 -15.8542 -20.4507 -10.0323 
1382 -15.8579 -20.447 -10.0336 
1384 -15.862 -20.4391 -10.0214 
1386 -15.8551 -20.4249 -10.0202 
1388 -15.8505 -20.4084 -10.0247 
1390 -15.8546 -20.4489 -10.0237 
1392 -15.8448 -20.4357 -10.0199 
1394 -15.8368 -20.4227 -10.0068 
1396 -15.8489 -20.4336 -10.0096 
1398 -15.8543 -20.4498 -10.0161 
1400 -15.8681 -20.4679 -10.0261 
1402 -15.859 -20.4509 -10.0195 
1404 -15.8302 -20.4165 -9.99646 
1406 -15.8233 -20.3843 -9.98981 
1408 -15.8488 -20.4169 -9.99605 
1410 -15.8686 -20.4792 -10.0079 
1412 -15.8658 -20.4806 -10.0107 
1414 -15.8561 -20.4529 -10.0128 
1416 -15.8459 -20.4234 -10.0004 
1418 -15.8637 -20.4684 -10.0099 
1420 -15.8673 -20.5002 -10.0134 
1422 -15.8793 -20.5282 -10.014 
1424 -15.8676 -20.5074 -10.0118 
1426 -15.8234 -20.4564 -10.0022 
1428 -15.8329 -20.4558 -9.9963 
1430 -15.8492 -20.4783 -10.0062 
1432 -15.8682 -20.519 -10.011 
1434 -15.8632 -20.5157 -10.006 
1436 -15.8438 -20.4968 -10.0013 
1438 -15.8372 -20.5047 -9.98168 
1440 -15.8568 -20.5286 -9.98959 
1442 -15.8755 -20.5425 -9.99453 
1444 -15.8708 -20.5324 -10.0065 
1446 -15.8516 -20.5073 -10.0033 
1448 -15.8508 -20.5169 -9.99474 
1450 -15.8572 -20.5149 -9.98603 
1452 -15.8738 -20.5409 -9.98758 
1454 -15.8821 -20.5624 -9.99312 
1456 -15.8789 -20.549 -9.99787 
1458 -15.8604 -20.5308 -9.99689 
1460 -15.8575 -20.532 -9.99394 
1462 -15.8642 -20.5425 -9.99054 
1464 -15.8677 -20.5393 -9.98911 
1466 -15.8831 -20.5402 -9.99355 
1468 -15.8704 -20.5208 -9.99957 
1470 -15.8622 -20.5193 -9.99494 
1472 -15.8803 -20.5361 -10.0011 
1474 -15.8904 -20.5358 -9.99212 
1476 -15.8831 -20.5221 -9.98412 
1478 -15.8763 -20.514 -9.99368 
1480 -15.8754 -20.5123 -10.0012 
1482 -15.8936 -20.5202 -10.009 
1484 -15.8943 -20.4979 -10.01 
1486 -15.9033 -20.5019 -10.0134 
1488 -15.9059 -20.4922 -10.0253 
1490 -15.9084 -20.5135 -10.0241 
1492 -15.908 -20.5153 -10.0221 
1494 -15.9169 -20.5183 -10.0186 
1496 -15.9072 -20.5002 -10.0255 
1498 -15.9033 -20.4921 -10.0258 
1500 -15.8927 -20.5162 -10.0171 
1502 -15.9064 -20.5228 -10.0187 
1504 -15.8994 -20.5051 -10.0222 
1506 -15.8852 -20.4825 -10.0307 
1508 -15.8831 -20.4872 -10.0267 
1510 -15.8882 -20.5094 -10.022 
1512 -15.9017 -20.5367 -10.0233 
1514 -15.9217 -20.5456 -10.0314 
1516 -15.91 -20.5159 -10.0194 
1518 -15.8719 -20.4673 -10.0048 
1520 -15.8704 -20.4738 -9.99853 
1522 -15.8862 -20.4739 -10.015 
1524 -15.8971 -20.5034 -10.0232 
1526 -15.8953 -20.5088 -10.0267 
1528 -15.8919 -20.492 -10.0203 
1530 -15.888 -20.4911 -10.0153 
1532 -15.9151 -20.5216 -10.0392 
1534 -15.9478 -20.5669 -10.0514 
1536 -15.933 -20.5642 -10.0396 
1538 -15.9104 -20.5565 -10.0242 
1540 -15.8986 -20.5102 -10.0153 
1542 -15.9031 -20.5016 -10.0293 
1544 -15.9125 -20.5209 -10.0212 
1546 -15.9255 -20.542 -10.0141 
1548 -15.9184 -20.5428 -10.0186 
1550 -15.9175 -20.5452 -10.0248 
1552 -15.9186 -20.5241 -10.0329 
1554 -15.9376 -20.5613 -10.0376 
1556 -15.921 -20.5577 -10.0135 
1558 -15.9146 -20.5733 -10.0097 
1560 -15.92 -20.5668 -10.0165 
1562 -15.9222 -20.5318 -10.0325 
1564 -15.9039 -20.508 -10.0252 
1566 -15.909 -20.5209 -10.0172 
1568 -15.9185 -20.5231 -10.0115 
1570 -15.9346 -20.5202 -10.0258 
1572 -15.9294 -20.5083 -10.0453 
1574 -15.9071 -20.4805 -10.0265 
1576 -15.8915 -20.4729 -10.0105 
1578 -15.8987 -20.4782 -10.0063 
1580 -15.9179 -20.5005 -10.0161 
1582 -15.9046 -20.4757 -10.0216 
1584 -15.889 -20.4651 -10.0149 
1586 -15.8661 -20.4587 -10.0062 
1588 -15.856 -20.4305 -10.0101 
1590 -15.8636 -20.4382 -10.0168 
1592 -15.88 -20.4695 -10.0136 
1594 -15.8818 -20.4824 -10.0095 
1596 -15.8699 -20.4568 -10.0017 
1598 -15.864 -20.4277 -10.0016 
1600 -15.8623 -20.425 -10.0037 
1602 -15.8834 -20.4562 -10.002 
1604 -15.9078 -20.4826 -10.0185 
1606 -15.8897 -20.4723 -10.0091 
1608 -15.8617 -20.4135 -10.0137 
1610 -15.8311 -20.404 -9.99994 
1612 -15.8482 -20.4377 -9.98586 
1614 -15.8544 -20.4592 -9.98102 
1616 -15.8386 -20.4372 -9.97836 
1618 -15.8319 -20.4146 -9.98876 
1620 -15.8449 -20.4364 -9.98185 
1622 -15.8659 -20.4558 -9.97754 
1624 -15.8474 -20.4278 -9.98309 
1626 -15.8388 -20.417 -10.0065 
1628 -15.8325 -20.4094 -10.0135 
1630 -15.8396 -20.4465 -9.99902 
1632 -15.8573 -20.4782 -9.99672 
1634 -15.8513 -20.454 -9.9919 
1636 -15.8397 -20.4193 -10.0074 
1638 -15.837 -20.4221 -10.0193 
1640 -15.8408 -20.4515 -9.99355 
1642 -15.8722 -20.4842 -9.99389 
1644 -15.8919 -20.464 -10.0131 
1646 -15.8798 -20.4346 -10.0191 
1648 -15.8508 -20.4115 -10.0118 
1650 -15.8381 -20.4153 -9.99741 
1652 -15.8581 -20.4342 -9.99249 
1654 -15.8678 -20.4188 -9.99866 
1656 -15.8486 -20.4032 -9.99733 
1658 -15.8327 -20.3961 -9.98435 
1660 -15.8291 -20.3901 -9.97479 
1662 -15.8387 -20.4328 -9.97729 
1664 -15.8735 -20.4786 -9.99869 
1666 -15.8728 -20.4941 -9.99646 
1668 -15.8582 -20.4784 -9.97993 
1670 -15.8506 -20.4689 -9.96407 
1672 -15.8621 -20.483 -9.97369 
1674 -15.8809 -20.5135 -9.98644 
1676 -15.8866 -20.5238 -9.98775 
1678 -15.8751 -20.5184 -9.98381 
1680 -15.8407 -20.472 -9.96624 
1682 -15.8376 -20.4618 -9.98092 
1684 -15.8614 -20.4883 -9.9977 
1686 -15.8631 -20.4927 -10.0021 
1688 -15.8529 -20.4899 -9.99068 
1690 -15.841 -20.4422 -9.98019 
1692 -15.831 -20.4186 -9.98067 
1694 -15.8291 -20.4173 -9.99974 
1696 -15.8256 -20.4282 -9.98433 
1698 -15.8108 -20.3889 -9.98135 
1700 -15.7827 -20.3313 -9.96821 
1702 -15.7772 -20.3343 -9.97035 
1704 -15.8164 -20.381 -9.98167 
1706 -15.8341 -20.4213 -9.99447 
1708 -15.8328 -20.4239 -9.99801 
1710 -15.8167 -20.4053 -9.99276 
1712 -15.7865 -20.378 -9.97754 
1714 -15.7805 -20.363 -9.97569 
1716 -15.79 -20.3746 -9.98313 
1718 -15.8015 -20.4047 -9.99075 
1720 -15.8101 -20.4248 -9.98691 
1722 -15.8146 -20.4129 -9.98833 
1724 -15.809 -20.3949 -9.98754 
1726 -15.8236 -20.4007 -9.98614 
1728 -15.8328 -20.4208 -9.99394 
1730 -15.8311 -20.4412 -9.99019 
1732 -15.8301 -20.4486 -9.97097 
1734 -15.816 -20.4285 -9.96075 
1736 -15.8 -20.4063 -9.95882 
1738 -15.8121 -20.4157 -9.97031 
1740 -15.7913 -20.3923 -9.98292 
1742 -15.7724 -20.371 -9.97548 
1744 -15.7687 -20.3623 -9.96076 
1746 -15.7684 -20.3573 -9.96149 
1748 -15.7835 -20.3793 -9.97475 
1750 -15.8028 -20.405 -9.99154 
1752 -15.8057 -20.3798 -9.99144 
1754 -15.8001 -20.3431 -9.97033 
1756 -15.7905 -20.3574 -9.96074 
1758 -15.792 -20.3746 -9.96094 
1760 -15.8102 -20.4 -9.96609 
1762 -15.8116 -20.3835 -9.97661 
1764 -15.7959 -20.3493 -9.97044 
1766 -15.7742 -20.3331 -9.95226 
1768 -15.7807 -20.367 -9.95033 
1770 -15.7959 -20.3775 -9.95565 
1772 -15.8168 -20.3893 -9.96536 
1774 -15.8157 -20.3638 -9.98448 
1776 -15.8124 -20.3606 -9.97732 
1778 -15.8 -20.3571 -9.96032 
1780 -15.8154 -20.3783 -9.969 
1782 -15.8325 -20.3701 -9.97505 
1784 -15.8344 -20.3747 -9.98458 
1786 -15.8287 -20.3649 -9.97679 
1788 -15.8102 -20.3576 -9.98342 
1790 -15.804 -20.3673 -9.98308 
1792 -15.8242 -20.3849 -9.9873 
1794 -15.8272 -20.3834 -9.98856 
1796 -15.8197 -20.3696 -9.98794 
1798 -15.8034 -20.3493 -9.97805 
1800 -15.8089 -20.3598 -9.9784 
1802 -15.8273 -20.3974 -9.97491 
1804 -15.835 -20.4175 -9.97672 
1806 -15.8459 -20.4084 -9.98898 
1808 -15.8216 -20.3902 -9.98123 
1810 -15.8143 -20.4019 -9.97497 
1812 -15.8136 -20.4156 -9.96687 
1814 -15.8357 -20.4516 -9.97845 
1816 -15.8468 -20.4447 -10.0092 
1818 -15.8202 -20.4052 -10.0136 
1820 -15.81 -20.3869 -10.0031 
1822 -15.8176 -20.3909 -9.98681 
1824 -15.8328 -20.4087 -9.9969 
1826 -15.8511 -20.4288 -10.027 
1828 -15.8327 -20.4105 -10.0354 
1830 -15.7975 -20.3703 -10.0174 
1832 -15.7833 -20.3667 -9.99946 
1834 -15.7962 -20.3775 -10.0068 
1836 -15.8079 -20.395 -10.0154 
1838 -15.8152 -20.3849 -10.0222 
1840 -15.7983 -20.3733 -10.0094 
1842 -15.7786 -20.3627 -9.99778 
1844 -15.7785 -20.3621 -9.99356 
1846 -15.8058 -20.3919 -10.0101 
1848 -15.8126 -20.3996 -10.0241 
1850 -15.8023 -20.3788 -10.0105 
1852 -15.7906 -20.3574 -9.98889 
1854 -15.7943 -20.3702 -9.98241 
1856 -15.8151 -20.3994 -9.99398 
1858 -15.8167 -20.4161 -10.0008 
1860 -15.8125 -20.4063 -10.0026 
1862 -15.7911 -20.3961 -9.99564 
1864 -15.7898 -20.3984 -9.99045 
1866 -15.8068 -20.4154 -9.99266 
1868 -15.8237 -20.4383 -10.0089 
1870 -15.8366 -20.4324 -10.0185 
1872 -15.8167 -20.4361 -9.99599 
1874 -15.7985 -20.4238 -9.97544 
1876 -15.7913 -20.3829 -9.98461 
1878 -15.7944 -20.3813 -10.005 
1880 -15.7992 -20.389 -10.0145 
1882 -15.7932 -20.3926 -9.99715 
1884 -15.7899 -20.3926 -9.99917 
1886 -15.776 -20.3694 -9.99738 
1888 -15.7889 -20.3791 -10.0076 
1890 -15.8025 -20.3908 -9.99773 
1892 -15.8024 -20.4059 -9.98188 
1894 -15.7962 -20.3904 -9.97357 
1896 -15.7903 -20.3891 -9.98538 
1898 -15.8143 -20.3966 -10.0031 
1900 -15.8147 -20.4069 -9.99102 
1902 -15.8006 -20.4149 -9.99109 
1904 -15.7927 -20.3918 -9.9841 
1906 -15.7806 -20.3698 -9.99152 
1908 -15.7973 -20.3918 -9.98782 
1910 -15.8093 -20.4205 -9.98899 
1912 -15.8216 -20.4281 -9.99857 
1914 -15.8077 -20.4163 -9.97685 
1916 -15.8066 -20.4207 -9.98183 
1918 -15.803 -20.4354 -9.98801 
1920 -15.808 -20.4257 -9.99152 
1922 -15.7854 -20.4018 -9.97645 
1924 -15.7943 -20.3811 -9.9802 
1926 -15.798 -20.3885 -9.97257 
1928 -15.7946 -20.3874 -9.9675 
1930 -15.8087 -20.4085 -9.97772 
1932 -15.8012 -20.3888 -9.97653 
1934 -15.7837 -20.3461 -9.98591 
1936 -15.7689 -20.3255 -9.9867 
1938 -15.7754 -20.3564 -9.98138 
1940 -15.7789 -20.3745 -9.99165 
1942 -15.7961 -20.3775 -9.99149 
1944 -15.7982 -20.3746 -9.99533 
1946 -15.7864 -20.3708 -9.99088 
1948 -15.7649 -20.3501 -9.98687 
1950 -15.7734 -20.343 -9.99684 
1952 -15.7866 -20.345 -9.99665 
1954 -15.8178 -20.3861 -10.0123 
1956 -15.8153 -20.3811 -10.0145 
1958 -15.8105 -20.3741 -10.0101 
1960 -15.8048 -20.3707 -9.99633 
1962 -15.8049 -20.3862 -9.99966 
1964 -15.832 -20.4121 -10.0042 
1966 -15.8381 -20.4263 -9.99847 
1968 -15.8019 -20.3923 -9.98228 
1970 -15.7746 -20.3598 -9.97947 
1972 -15.7754 -20.3625 -9.98871 
1974 -15.7954 -20.3976 -9.97272 
1976 -15.8056 -20.4269 -9.97221 
1978 -15.8119 -20.4224 -9.98079 
1980 -15.7937 -20.3869 -9.97715 
1982 -15.8082 -20.3748 -9.99497 
1984 -15.8093 -20.3971 -9.97855 
1986 -15.8201 -20.4422 -9.96892 
1988 -15.83 -20.4569 -9.9814 
1990 -15.824 -20.4101 -9.9906 
1992 -15.7857 -20.3815 -9.97078 
1994 -15.7805 -20.382 -9.94995 
1996 -15.7887 -20.4088 -9.95014 
1998 -15.8018 -20.4298 -9.96882 
2000 -15.8052 -20.4325 -9.98479 
2002 -15.8029 -20.421 -9.98116 
2004 -15.7906 -20.4141 -9.96482 
2006 -15.8109 -20.4163 -9.97789 
2008 -15.8328 -20.4438 -9.99621 
2010 -15.8483 -20.462 -10.0073 
2012 -15.8551 -20.4605 -10.0111 
2014 -15.8567 -20.4651 -10.0082 
2016 -15.8547 -20.453 -10.0016 
2018 -15.8505 -20.4597 -10.004 
2020 -15.8289 -20.443 -9.99132 
2022 -15.8383 -20.4317 -9.99179 
2024 -15.8363 -20.4299 -9.98591 
2026 -15.8521 -20.4472 -9.99909 
2028 -15.8537 -20.4483 -10.0023 
2030 -15.8573 -20.4385 -9.99868 
2032 -15.8423 -20.4318 -9.99267 
2034 -15.8586 -20.4551 -10.0046 
2036 -15.8677 -20.4836 -9.99956 
2038 -15.8667 -20.4853 -10.013 
2040 -15.8797 -20.4866 -10.0142 
2042 -15.8706 -20.4698 -10.0037 
2044 -15.8634 -20.4702 -9.99794 
2046 -15.8776 -20.4786 -10.0056 
2048 -15.879 -20.4644 -10.0282 
2050 -15.8679 -20.4534 -10.0193 
2052 -15.8608 -20.4279 -10.0075 
2054 -15.831 -20.4084 -10.0073 
2056 -15.8236 -20.3924 -10.001 
2058 -15.8342 -20.4013 -10.0019 
2060 -15.8356 -20.4061 -10.0045 
2062 -15.8195 -20.3955 -9.99801 
2064 -15.8074 -20.3715 -9.99794 
2066 -15.8144 -20.3858 -10.0069 
2068 -15.8286 -20.4074 -10.0022 
2070 -15.8269 -20.3938 -10.0039 
2072 -15.8116 -20.3683 -9.99666 
2074 -15.8071 -20.3618 -10.003 
2076 -15.8018 -20.3654 -10.0113 
2078 -15.7909 -20.3646 -10.0048 
2080 -15.8082 -20.3648 -9.99578 
2082 -15.8029 -20.3668 -9.98996 
2084 -15.803 -20.3518 -9.99423 
2086 -15.8095 -20.3609 -10.0062 
2088 -15.803 -20.3666 -10.0072 
2090 -15.8171 -20.3688 -10.0031 
2092 -15.8166 -20.3643 -10.0084 
2094 -15.8242 -20.3801 -10.0099 
2096 -15.822 -20.3898 -10.0195 
2098 -15.8275 -20.3999 -10.0099 
2100 -15.8153 -20.387 -9.99853 
2102 -15.814 -20.3774 -10.0031 
2104 -15.8244 -20.3912 -10.0055 
2106 -15.8241 -20.4098 -10.0043 
2108 -15.8253 -20.4037 -9.99406 
2110 -15.8211 -20.3781 -9.99127 
2112 -15.8222 -20.388 -9.99513 
2114 -15.8307 -20.4216 -9.99587 
2116 -15.8165 -20.4075 -9.99373 
2118 -15.818 -20.4121 -9.98488 
2120 -15.8243 -20.4084 -9.98004 
2122 -15.8214 -20.4196 -9.96828 
2124 -15.8279 -20.4414 -9.97049 
2126 -15.8186 -20.4329 -9.97704 
2128 -15.8052 -20.4013 -9.97075 
2130 -15.7844 -20.3694 -9.96936 
2132 -15.775 -20.3593 -9.96276 
2134 -15.7699 -20.3913 -9.95528 
2136 -15.7882 -20.4092 -9.96716 
2138 -15.7908 -20.407 -9.96333 
2140 -15.7767 -20.3916 -9.96072 
2142 -15.7906 -20.3997 -9.96202 
2144 -15.7861 -20.3975 -9.95693 
2146 -15.7873 -20.4079 -9.96453 
2148 -15.7875 -20.3922 -9.96144 
2150 -15.7833 -20.3803 -9.95312 
2152 -15.7632 -20.3498 -9.93997 
2154 -15.754 -20.3386 -9.93993 
2156 -15.7589 -20.355 -9.94962 
2158 -15.7765 -20.3692 -9.95099 
2160 -15.7744 -20.3855 -9.9412 
2162 -15.7791 -20.3971 -9.95163 
2164 -15.7769 -20.3832 -9.95593 
2166 -15.7675 -20.3688 -9.96704 
2168 -15.7657 -20.3661 -9.96146 
2170 -15.7761 -20.3912 -9.95524 
2172 -15.7849 -20.3926 -9.97184 
2174 -15.7867 -20.3879 -9.98361 
2176 -15.7746 -20.361 -9.99303 
2178 -15.7777 -20.3638 -9.9814 
2180 -15.7706 -20.3824 -9.97136 
2182 -15.7884 -20.3922 -9.97545 
2184 -15.7867 -20.3609 -9.99363 
2186 -15.7712 -20.3576 -9.98068 
2188 -15.7639 -20.3465 -9.96887 
2190 -15.7503 -20.3337 -9.95814 
2192 -15.761 -20.3492 -9.96961 
2194 -15.7823 -20.3641 -9.98261 
2196 -15.7917 -20.3727 -9.97708 
2198 -15.7754 -20.3615 -9.96717 
2200 -15.7677 -20.3566 -9.96737 
2202 -15.7802 -20.3667 -9.97245 
2204 -15.8069 -20.3874 -9.99105 
2206 -15.8154 -20.4084 -9.98677 
2208 -15.8093 -20.3916 -9.98119 
2210 -15.7918 -20.3584 -9.97285 
2212 -15.7935 -20.3565 -9.97687 
2214 -15.7894 -20.3686 -9.96496 
2216 -15.8085 -20.4046 -9.96815 
2218 -15.8245 -20.4051 -9.98034 
2220 -15.8161 -20.387 -9.99081 
2222 -15.796 -20.3857 -9.96772 
2224 -15.8103 -20.4102 -9.96034 
2226 -15.8374 -20.4399 -9.96156 
2228 -15.8351 -20.4394 -9.97147 
2230 -15.8245 -20.4244 -9.97074 
2232 -15.8027 -20.4278 -9.96885 
2234 -15.7984 -20.4129 -9.96761 
2236 -15.8114 -20.409 -9.98005 
2238 -15.8336 -20.4195 -9.97976 
2240 -15.8361 -20.4134 -9.98643 
2242 -15.8083 -20.3836 -9.97659 
2244 -15.7904 -20.3667 -9.97345 
2246 -15.7712 -20.3357 -9.96026 
2248 -15.7873 -20.3597 -9.95483 
2250 -15.7933 -20.3789 -9.95774 
2252 -15.7999 -20.3921 -9.94985 
2254 -15.7915 -20.3975 -9.94624 
2256 -15.7852 -20.3928 -9.95013 
2258 -15.797 -20.3738 -9.96839 
2260 -15.8101 -20.3829 -9.98886 
2262 -15.801 -20.3841 -9.98215 
2264 -15.8 -20.4011 -9.96242 
2266 -15.8086 -20.4082 -9.96917 
2268 -15.8004 -20.3811 -9.97642 
2270 -15.8043 -20.3698 -9.98599 
2272 -15.7826 -20.3641 -9.96059 
2274 -15.7912 -20.3909 -9.95951 
2276 -15.8029 -20.3869 -9.96865 
2278 -15.8037 -20.4125 -9.96218 
2280 -15.8055 -20.4088 -9.95927 
2282 -15.777 -20.3577 -9.94676 
2284 -15.7725 -20.3469 -9.95262 
2286 -15.8037 -20.3679 -9.96051 
2288 -15.8226 -20.4127 -9.97289 
2290 -15.8118 -20.4055 -9.96075 
2292 -15.7924 -20.3713 -9.96453 
2294 -15.7834 -20.3408 -9.98209 
2296 -15.8034 -20.3626 -9.98936 
2298 -15.7982 -20.3755 -9.98142 
2300 -15.8016 -20.3741 -9.98542 
2302 -15.783 -20.3685 -9.97817 
2304 -15.7546 -20.3342 -9.97693 
2306 -15.7646 -20.3263 -9.97798 
2308 -15.7797 -20.3475 -9.99367 
2310 -15.7722 -20.3622 -9.99154 
2312 -15.7606 -20.3692 -9.98356 
2314 -15.7579 -20.3546 -9.97874 
2316 -15.7565 -20.3408 -9.98161 
2318 -15.7681 -20.3778 -9.98019 
2320 -15.7911 -20.4264 -9.97788 
2322 -15.7974 -20.4325 -9.97651 
2324 -15.8001 -20.4322 -9.98074 
2326 -15.7767 -20.3942 -9.98277 
2328 -15.7739 -20.3773 -9.98129 
2330 -15.7885 -20.4032 -9.98152 
2332 -15.8019 -20.4056 -9.96963 
2334 -15.7771 -20.3768 -9.96993 
2336 -15.7722 -20.36 -9.96749 
2338 -15.7422 -20.3319 -9.95571 
2340 -15.7715 -20.3522 -9.96212 
2342 -15.7878 -20.3782 -9.96633 
2344 -15.7833 -20.3898 -9.96453 
2346 -15.7891 -20.367 -9.97923 
2348 -15.7741 -20.3537 -9.98638 
2350 -15.7721 -20.359 -9.97406 
2352 -15.77 -20.355 -9.96949 
2354 -15.7665 -20.35 -9.97664 
2356 -15.7616 -20.3387 -9.96249 
2358 -15.7533 -20.3359 -9.96693 
2360 -15.7507 -20.346 -9.95847 
2362 -15.7571 -20.3402 -9.95669 
2364 -15.763 -20.3413 -9.95925 
2366 -15.7669 -20.3262 -9.97121 
2368 -15.7551 -20.3351 -9.97453 
2370 -15.7494 -20.3596 -9.95662 
2372 -15.7591 -20.3532 -9.95457 
2374 -15.76 -20.3417 -9.96247 
2376 -15.7489 -20.3326 -9.96257 
2378 -15.761 -20.334 -9.96652 
2380 -15.7599 -20.3363 -9.95277 
2382 -15.7704 -20.3568 -9.96492 
2384 -15.7936 -20.3786 -9.98394 
2386 -15.7757 -20.377 -9.97934 
2388 -15.7743 -20.3644 -9.97056 
2390 -15.7698 -20.3545 -9.96932 
2392 -15.7702 -20.3731 -9.96905 
2394 -15.7716 -20.3816 -9.96633 
2396 -15.7889 -20.4066 -9.96866 
2398 -15.7892 -20.3876 -9.96499 
2400 -15.7892 -20.3753 -9.96242 
2402 -15.784 -20.3812 -9.96502 
2404 -15.7874 -20.3925 -9.96738 
2406 -15.7989 -20.4043 -9.9789 
2408 -15.8052 -20.4164 -9.98234 
2410 -15.7835 -20.3982 -9.96446 
2412 -15.7879 -20.4001 -9.97009 
2414 -15.7849 -20.3984 -9.98074 
2416 -15.7855 -20.3986 -9.97614 
2418 -15.7866 -20.3815 -9.97738 
2420 -15.7818 -20.3774 -9.95868 
2422 -15.7916 -20.3826 -9.944 
2424 -15.7926 -20.4022 -9.95598 
2426 -15.8017 -20.3974 -9.96669 
2428 -15.794 -20.3863 -9.9855 
2430 -15.785 -20.3651 -9.96463 
2432 -15.7779 -20.3707 -9.94825 
2434 -15.7699 -20.3564 -9.95402 
2436 -15.7798 -20.3452 -9.96716 
2438 -15.789 -20.3536 -9.97876 
2440 -15.7824 -20.3611 -9.95935 
2442 -15.7667 -20.3516 -9.94103 
2444 -15.763 -20.3496 -9.95409 
2446 -15.7992 -20.3857 -9.98657 
2448 -15.811 -20.3957 -9.99641 
2450 -15.81 -20.4017 -9.98287 
2452 -15.7954 -20.3761 -9.96299 
2454 -15.789 -20.3581 -9.95994 
2456 -15.7904 -20.3722 -9.98062 
2458 -15.811 -20.3972 -9.98844 
2460 -15.832 -20.4277 -9.96892 
2462 -15.8295 -20.4203 -9.96166 
2464 -15.8137 -20.4007 -9.96795 
2466 -15.8265 -20.4256 -9.9843 
2468 -15.8297 -20.4337 -9.98261 
2470 -15.8351 -20.4437 -9.96607 
2472 -15.8153 -20.3977 -9.97261 
2474 -15.7948 -20.3637 -9.98895 
2476 -15.7929 -20.3601 -9.99135 
2478 -15.8005 -20.3724 -9.98924 
2480 -15.8171 -20.416 -9.97987 
2482 -15.8194 -20.4111 -9.98587 
2484 -15.813 -20.3912 -9.99487 
2486 -15.8058 -20.3798 -9.9964 
2488 -15.8066 -20.3883 -9.98505 
2490 -15.8213 -20.43 -9.9801 
2492 -15.7984 -20.4144 -9.97293 
2494 -15.7611 -20.3663 -9.96841 
2496 -15.7567 -20.3605 -9.96067 
2498 -15.7797 -20.3913 -9.96345 
2500 -15.7828 -20.3859 -9.95205 
2502 -15.773 -20.3537 -9.96161 
2504 -15.7694 -20.3493 -9.99022 
2506 -15.7717 -20.3593 -9.98601 
2508 -15.7869 -20.3764 -9.98223 
2510 -15.8101 -20.3818 -9.98994 
2512 -15.8007 -20.3587 -10.0022 
2514 -15.7792 -20.3492 -9.99483 
2516 -15.7461 -20.3508 -9.9739 
2518 -15.7696 -20.3633 -9.9609 
2520 -15.7784 -20.37 -9.96075 
2522 -15.7693 -20.3415 -9.96426 
2524 -15.7629 -20.3422 -9.96804 
2526 -15.7494 -20.3466 -9.94452 
2528 -15.7641 -20.3539 -9.95105 
2530 -15.7747 -20.3536 -9.9577 
2532 -15.7939 -20.3736 -9.96787 
2534 -15.7807 -20.3602 -9.95408 
2536 -15.7539 -20.3492 -9.93232 
2538 -15.7478 -20.3326 -9.91567 
2540 -15.7544 -20.3108 -9.91965 
2542 -15.7742 -20.3497 -9.92583 
2544 -15.7686 -20.3562 -9.91169 
2546 -15.7539 -20.3425 -9.9031 
2548 -15.7594 -20.3396 -9.90597 
2550 -15.7583 -20.3423 -9.91713 
2552 -15.7595 -20.3424 -9.92221 
2554 -15.7564 -20.3559 -9.92086 
2556 -15.7439 -20.3438 -9.91093 
2558 -15.7348 -20.3252 -9.90788 
2560 -15.7393 -20.3417 -9.91374 
2562 -15.7698 -20.3717 -9.92872 
2564 -15.7797 -20.3894 -9.93987 
2566 -15.7595 -20.3421 -9.93539 
2568 -15.7477 -20.3113 -9.9386 
2570 -15.7602 -20.3199 -9.93374 
2572 -15.7789 -20.3369 -9.94866 
2574 -15.7851 -20.3693 -9.94947 
2576 -15.7795 -20.3573 -9.94467 
2578 -15.7354 -20.2936 -9.93546 
2580 -15.7205 -20.283 -9.92469 
2582 -15.7303 -20.3094 -9.94352 
2584 -15.7585 -20.3515 -9.95619 
2586 -15.7585 -20.3579 -9.94859 
2588 -15.7585 -20.343 -9.94684 
2590 -15.7495 -20.3287 -9.95904 
2592 -15.7554 -20.3211 -9.95867 
2594 -15.7631 -20.3444 -9.9516 
2596 -15.7833 -20.3897 -9.94127 
2598 -15.7834 -20.397 -9.94539 
2600 -15.7772 -20.3697 -9.95736 
2602 -15.7726 -20.3545 -9.95717 
2604 -15.7736 -20.3395 -9.94634 
2606 -15.7919 -20.3834 -9.95018 
2608 -15.8084 -20.4022 -9.95349 
2610 -15.808 -20.404 -9.96182 
2612 -15.7925 -20.3698 -9.963 
2614 -15.7913 -20.3587 -9.94909 
2616 -15.7731 -20.339 -9.93537 
2618 -15.7733 -20.3422 -9.94242 
2620 -15.7728 -20.3601 -9.94954 
2622 -15.7717 -20.3651 -9.94625 
2624 -15.7791 -20.3548 -9.94349 
2626 -15.7832 -20.3486 -9.95334 
2628 -15.7703 -20.3407 -9.96253 
2630 -15.7915 -20.3853 -9.96334 
2632 -15.8017 -20.4015 -9.9634 
2634 -15.8012 -20.4126 -9.97326 
2636 -15.7981 -20.4031 -9.96995 
2638 -15.7678 -20.3515 -9.96462 
2640 -15.7624 -20.3366 -9.95939 
2642 -15.7791 -20.3693 -9.95365 
2644 -15.7979 -20.3783 -9.9645 
2646 -15.7883 -20.363 -9.95855 
2648 -15.7638 -20.3524 -9.95412 
2650 -15.7665 -20.3554 -9.9555 
2652 -15.786 -20.3775 -9.95081 
2654 -15.7934 -20.365 -9.96179 
2656 -15.7755 -20.3384 -9.9653 
2658 -15.7437 -20.3115 -9.94443 
2660 -15.7292 -20.2977 -9.92979 
2662 -15.7602 -20.3329 -9.94238 
2664 -15.7816 -20.3508 -9.96077 
2666 -15.7851 -20.3507 -9.96453 
2668 -15.7592 -20.3193 -9.95742 
2670 -15.7365 -20.3252 -9.93825 
2672 -15.7334 -20.3204 -9.93711 
2674 -15.7564 -20.3481 -9.9583 
2676 -15.7634 -20.3289 -9.96307 
2678 -15.7384 -20.3066 -9.96278 
2680 -15.7241 -20.2913 -9.94726 
2682 -15.7237 -20.2918 -9.93589 
2684 -15.7481 -20.2958 -9.95309 
2686 -15.7623 -20.3111 -9.95885 
2688 -15.7498 -20.3076 -9.9462 
2690 -15.7239 -20.2832 -9.93583 
2692 -15.7279 -20.2853 -9.9412 
2694 -15.7516 -20.3112 -9.96743 
2696 -15.7657 -20.3311 -9.98214 
2698 -15.7641 -20.3415 -9.96455 
2700 -15.7683 -20.3543 -9.96439 
2702 -15.7607 -20.3523 -9.96367 
2704 -15.7554 -20.3276 -9.96883 
2706 -15.7575 -20.3127 -9.97067 
2708 -15.7453 -20.3067 -9.96782 
2710 -15.745 -20.3304 -9.95713 
2712 -15.7472 -20.3396 -9.95493 
2714 -15.7688 -20.3545 -9.96452 
2716 -15.7541 -20.3295 -9.9665 
2718 -15.7741 -20.3303 -9.97707 
2720 -15.7493 -20.3346 -9.96469 
2722 -15.7457 -20.3451 -9.96581 
2724 -15.7489 -20.3307 -9.98147 
2726 -15.7491 -20.3354 -9.97279 
2728 -15.7622 -20.342 -9.97813 
2730 -15.7645 -20.3287 -9.97803 
2732 -15.7578 -20.3374 -9.9739 
2734 -15.7629 -20.3318 -9.97638 
2736 -15.7511 -20.3236 -9.95621 
2738 -15.7721 -20.3288 -9.95095 
2740 -15.79 -20.3641 -9.97534 
2742 -15.8026 -20.3915 -9.97666 
2744 -15.8079 -20.3921 -9.97829 
2746 -15.806 -20.3637 -9.97228 
2748 -15.8048 -20.3751 -9.97226 
2750 -15.8206 -20.3896 -9.97627 
2752 -15.8323 -20.4207 -9.96525 
2754 -15.838 -20.432 -9.97358 
2756 -15.8144 -20.414 -9.96744 
2758 -15.81 -20.422 -9.96353 
2760 -15.8186 -20.4119 -9.95899 
2762 -15.8155 -20.4161 -9.95911 
2764 -15.8162 -20.3992 -9.9688 
2766 -15.8198 -20.4037 -9.9738 
2768 -15.8231 -20.415 -9.98316 
2770 -15.8217 -20.4311 -9.99506 
2772 -15.825 -20.4455 -9.98825 
2774 -15.8257 -20.448 -9.98368 
2776 -15.8213 -20.4284 -9.98197 
2778 -15.7984 -20.4092 -9.98291 
2780 -15.7957 -20.4063 -9.98117 
2782 -15.7845 -20.3889 -9.96716 
2784 -15.7661 -20.3746 -9.95926 
2786 -15.7729 -20.3612 -9.963 
2788 -15.7726 -20.3734 -9.97015 
2790 -15.7677 -20.3596 -9.96421 
2792 -15.7596 -20.3595 -9.9505 
2794 -15.7594 -20.3479 -9.96032 
2796 -15.7745 -20.3424 -9.97252 
2798 -15.7709 -20.3566 -9.96671 
2800 -15.7803 -20.3665 -9.97715 
2802 -15.7698 -20.3504 -9.97863 
2804 -15.7729 -20.3452 -9.97651 
2806 -15.7777 -20.3498 -9.98261 
2808 -15.7758 -20.3464 -9.99013 
2810 -15.7803 -20.3553 -9.99355 
2812 -15.7714 -20.3556 -9.98723 
2814 -15.7645 -20.3521 -9.98107 
2816 -15.7661 -20.336 -9.97661 
2818 -15.7502 -20.3301 -9.97323 
2820 -15.7609 -20.3396 -9.98023 
2822 -15.7668 -20.3636 -9.96566 
2824 -15.7609 -20.3531 -9.9557 
2826 -15.7618 -20.3467 -9.97052 
2828 -15.7648 -20.3399 -9.98039 
2830 -15.7709 -20.3349 -9.97443 
2832 -15.772 -20.3556 -9.95645 
2834 -15.7933 -20.4041 -9.95707 
2836 -15.7933 -20.3968 -9.96708 
2838 -15.7767 -20.3781 -9.97224 
2840 -15.7759 -20.3644 -9.96678 
2842 -15.7925 -20.39 -9.95646 
2844 -15.7902 -20.4155 -9.94132 
2846 -15.8031 -20.4179 -9.95715 
2848 -15.808 -20.4126 -9.97842 
2850 -15.8058 -20.386 -9.97299 
2852 -15.8114 -20.3782 -9.97001 
2854 -15.8292 -20.3883 -9.9808 
2856 -15.8283 -20.3767 -9.99309 
2858 -15.8249 -20.3823 -10.009 
2860 -15.8109 -20.3938 -9.98878 
2862 -15.794 -20.3853 -9.98336 
2864 -15.7953 -20.3748 -9.98512 
2866 -15.7894 -20.3373 -9.99718 
2868 -15.8029 -20.3524 -10.0037 
2870 -15.7994 -20.3746 -9.98451 
2872 -15.7879 -20.3855 -9.97192 
2874 -15.7849 -20.3646 -9.9762 
2876 -15.7758 -20.3568 -10.0009 
2878 -15.7891 -20.3744 -9.99518 
2880 -15.7976 -20.3915 -9.97632 
2882 -15.8097 -20.3934 -9.98225 
2884 -15.7941 -20.3636 -9.98626 
2886 -15.7929 -20.3599 -9.98871 
2888 -15.7977 -20.371 -9.97585 
2890 -15.7854 -20.3732 -9.97061 
2892 -15.7868 -20.3636 -9.97267 
2894 -15.7866 -20.3537 -9.98524 
2896 -15.7951 -20.3535 -9.98682 
2898 -15.7959 -20.3741 -9.97798 
2900 -15.788 -20.3769 -9.98105 
2902 -15.7887 -20.3598 -9.99438 
2904 -15.7889 -20.3304 -9.99139 
2906 -15.78 -20.3308 -9.97532 
2908 -15.7724 -20.3256 -9.97271 
2910 -15.7809 -20.3418 -9.9839 
2912 -15.7879 -20.3572 -9.99298 
2914 -15.7875 -20.3498 -9.99135 
2916 -15.7766 -20.3305 -9.96796 
2918 -15.7702 -20.325 -9.96613 
2920 -15.7752 -20.3243 -9.98493 
2922 -15.8073 -20.3516 -10.0108 
2924 -15.8139 -20.3589 -10.0095 
2926 -15.8097 -20.3512 -10.0107 
2928 -15.7938 -20.3485 -10.0052 
2930 -15.7929 -20.3581 -10.0083 
2932 -15.7944 -20.3766 -10.0077 
2934 -15.8114 -20.3837 -10.0096 
2936 -15.8028 -20.3823 -9.99567 
2938 -15.7918 -20.3706 -9.9941 
2940 -15.7978 -20.3689 -9.98097 
2942 -15.7949 -20.3746 -9.98903 
2944 -15.8062 -20.3998 -9.98289 
2946 -15.7951 -20.3828 -9.98056 
2948 -15.7952 -20.3675 -9.98718 
2950 -15.7978 -20.3728 -9.98851 
2952 -15.8169 -20.4021 -9.99207 
2954 -15.8368 -20.4196 -9.99896 
2956 -15.8322 -20.4104 -9.99309 
2958 -15.8194 -20.3998 -9.98006 
2960 -15.8167 -20.4069 -9.97782 
2962 -15.8235 -20.4207 -9.97959 
2964 -15.8192 -20.4162 -9.98507 
2966 -15.8273 -20.4158 -9.99313 
2968 -15.8335 -20.4339 -9.99526 
2970 -15.832 -20.4218 -9.9908 
2972 -15.8017 -20.3833 -9.98236 
2974 -15.8152 -20.3959 -9.99399 
2976 -15.8166 -20.3921 -9.99135 
2978 -15.8282 -20.3994 -9.98933 
2980 -15.8285 -20.4029 -9.99465 
2982 -15.8114 -20.3916 -9.98472 
2984 -15.7889 -20.3592 -9.98795 
2986 -15.7874 -20.346 -9.9834 
2988 -15.8168 -20.3851 -9.98685 
2990 -15.8162 -20.3897 -9.98395 
2992 -15.8113 -20.3837 -9.98346 
2994 -15.7999 -20.3621 -9.99583 
2996 -15.7836 -20.3579 -9.99801 
2998 -15.7851 -20.3727 -9.98942 
3000 -15.794 -20.3864 -9.99151 
3002 -15.7947 -20.3823 -9.98091 
3004 -15.7663 -20.3311 -9.98278 
3006 -15.7566 -20.3418 -9.9686 
3008 -15.7564 -20.3271 -9.96404 
3010 -15.7769 -20.3528 -9.98491 
3012 -15.8042 -20.404 -9.99037 
3014 -15.7957 -20.3984 -9.99361 
3016 -15.7753 -20.3481 -9.97775 
3018 -15.7656 -20.339 -9.97841 
3020 -15.7641 -20.3536 -9.98327 
3022 -15.7676 -20.3576 -9.98046 
3024 -15.7749 -20.358 -9.97861 
3026 -15.7461 -20.3315 -9.96477 
3028 -15.7408 -20.309 -9.97484 
3030 -15.7348 -20.2883 -9.96582 
3032 -15.7488 -20.3125 -9.97534 
3034 -15.754 -20.3227 -9.98068 
3036 -15.7621 -20.3325 -9.97719 
3038 -15.7606 -20.3423 -9.96289 
3040 -15.7697 -20.3461 -9.96234 
3042 -15.7842 -20.3539 -9.96489 
3044 -15.7982 -20.3752 -9.97959 
3046 -15.8059 -20.3709 -9.98041 
3048 -15.7925 -20.3517 -9.96456 
3050 -15.773 -20.3216 -9.9584 
3052 -15.7711 -20.3202 -9.94318 
3054 -15.776 -20.3278 -9.95774 
3056 -15.7794 -20.328 -9.97159 
3058 -15.7911 -20.3434 -9.96953 
3060 -15.7844 -20.3453 -9.96199 
3062 -15.7861 -20.3567 -9.9692 
3064 -15.7702 -20.3545 -9.96451 
3066 -15.7636 -20.354 -9.97318 
3068 -15.768 -20.3574 -9.96102 
3070 -15.7665 -20.3658 -9.95352 
3072 -15.7858 -20.3753 -9.96156 
3074 -15.7859 -20.3728 -9.95918 
3076 -15.774 -20.3601 -9.97581 
3078 -15.7782 -20.3577 -9.97753 
3080 -15.7841 -20.3614 -9.964 
3082 -15.7985 -20.3837 -9.97692 
3084 -15.7986 -20.3777 -9.97944 
3086 -15.7858 -20.358 -9.97764 
3088 -15.7865 -20.3501 -9.97886 
3090 -15.79 -20.3481 -9.97553 
3092 -15.7894 -20.3343 -9.98952 
3094 -15.786 -20.3297 -10.0005 
3096 -15.7912 -20.3332 -10.0056 
3098 -15.8072 -20.3518 -10.0029 
3100 -15.8003 -20.3575 -9.9875 
3102 -15.801 -20.3563 -9.98839 
3104 -15.792 -20.3393 -9.99614 
3106 -15.7823 -20.3219 -9.99525 
3108 -15.775 -20.3314 -9.98024 
3110 -15.7822 -20.3341 -9.98616 
3112 -15.7923 -20.3366 -9.99817 
3114 -15.7967 -20.3394 -10.0038 
3116 -15.8033 -20.3476 -9.99904 
3118 -15.8049 -20.3618 -9.9902 
3120 -15.8016 -20.3554 -9.99309 
3122 -15.797 -20.3368 -10.0018 
3124 -15.7893 -20.3497 -9.99584 
3126 -15.7766 -20.3615 -9.9858 
3128 -15.7731 -20.3589 -9.97774 
3130 -15.785 -20.3473 -9.99506 
3132 -15.7862 -20.3386 -9.99658 
3134 -15.7711 -20.3404 -10.0007 
3136 -15.7515 -20.3467 -9.99562 
3138 -15.7742 -20.3731 -10.0078 
3140 -15.7875 -20.3645 -10.0173 
3142 -15.7967 -20.3449 -10.0235 
3144 -15.7678 -20.3246 -10.0003 
3146 -15.7684 -20.3353 -9.99633 
3148 -15.7806 -20.3625 -9.99675 
3150 -15.7809 -20.3639 -10.0045 
3152 -15.7801 -20.348 -10.0144 
3154 -15.7583 -20.3216 -10.0076 
3156 -15.7584 -20.3444 -10.0098 
3158 -15.7874 -20.3647 -10.0186 
3160 -15.7967 -20.3758 -10.0169 
3162 -15.7859 -20.3755 -10.0052 
3164 -15.795 -20.3736 -10.0181 
3166 -15.7714 -20.3599 -9.99028 
3168 -15.8029 -20.3876 -9.995 
3170 -15.8291 -20.4392 -10.004 
3172 -15.8361 -20.4568 -10.002 
3174 -15.8137 -20.4328 -9.98468 
3176 -15.7757 -20.3784 -9.96026 
3178 -15.7896 -20.3683 -9.96668 
3180 -15.8235 -20.392 -9.98853 
3182 -15.8356 -20.4227 -9.98941 
3184 -15.824 -20.4058 -9.97556 
3186 -15.784 -20.3616 -9.97183 
3188 -15.7713 -20.3642 -9.97672 
3190 -15.7918 -20.3999 -9.98161 
3192 -15.8092 -20.4271 -9.979 
3194 -15.7925 -20.423 -9.96462 
3196 -15.7676 -20.3838 -9.96238 
3198 -15.7573 -20.3568 -9.97134 
3200 -15.7708 -20.3669 -9.98832 
3202 -15.7903 -20.3827 -9.99448 
3204 -15.7822 -20.3741 -9.98133 
3206 -15.7575 -20.3478 -9.96305 
3208 -15.757 -20.327 -9.98462 
3210 -15.7589 -20.3288 -9.99599 
3212 -15.7746 -20.331 -10.0134 
3214 -15.7684 -20.3211 -10.0053 
3216 -15.7575 -20.3077 -9.99592 
3218 -15.7518 -20.2921 -9.99261 
3220 -15.7722 -20.2938 -10.0065 
3222 -15.781 -20.2987 -10.0174 
3224 -15.7839 -20.3355 -10.0121 
3226 -15.7836 -20.3685 -10.0041 
3228 -15.7796 -20.348 -9.99717 
3230 -15.7942 -20.3441 -10.0126 
3232 -15.7802 -20.3459 -10.0127 
3234 -15.7999 -20.3633 -10.0185 
3236 -15.7971 -20.3643 -10.0026 
3238 -15.7897 -20.3535 -10.0029 
3240 -15.7735 -20.3252 -10.0044 
3242 -15.787 -20.3229 -10.0045 
3244 -15.7906 -20.314 -10.0116 
3246 -15.7771 -20.3058 -9.9914 
3248 -15.7763 -20.3145 -9.98787 
3250 -15.791 -20.3307 -9.98854 
3252 -15.7911 -20.3651 -9.98737 
3254 -15.8075 -20.3952 -10.0009 
3256 -15.8077 -20.3969 -9.99493 
3258 -15.8003 -20.3857 -9.98662 
3260 -15.8042 -20.3958 -9.98073 
3262 -15.8282 -20.4267 -9.9942 
3264 -15.8506 -20.4539 -9.99864 
3266 -15.8399 -20.4336 -9.99761 
3268 -15.8136 -20.3856 -9.99872 
3270 -15.7922 -20.3821 -9.98197 
3272 -15.8148 -20.4063 -9.99451 
3274 -15.84 -20.4415 -10.0086 
3276 -15.8477 -20.4433 -10.0141 
3278 -15.8286 -20.4134 -10.005 
3280 -15.8054 -20.378 -9.99614 
3282 -15.8002 -20.3824 -9.99335 
3284 -15.8136 -20.4094 -10.0021 
3286 -15.8171 -20.4054 -10.0209 
3288 -15.812 -20.4079 -10.0056 
3290 -15.8045 -20.4065 -9.98514 
3292 -15.7958 -20.392 -9.98287 
3294 -15.8195 -20.3936 -10.0007 
3296 -15.8237 -20.3803 -10.003 
3298 -15.8068 -20.3931 -10.003 
3300 -15.8024 -20.4021 -9.99305 
3302 -15.8108 -20.3954 -9.99609 
3304 -15.8173 -20.3865 -10.0162 
3306 -15.8129 -20.3615 -10.0323 
3308 -15.7946 -20.3493 -10.022 
3310 -15.7898 -20.3563 -10.0196 
3312 -15.7857 -20.3476 -10.0078 
3314 -15.7962 -20.3505 -10.0235 
3316 -15.8067 -20.3504 -10.0284 
3318 -15.8039 -20.344 -10.0214 
3320 -15.7989 -20.3562 -10.011 
3322 -15.791 -20.3529 -10.0058 
3324 -15.7989 -20.372 -10.0138 
3326 -15.8062 -20.3726 -10.0164 
3328 -15.7925 -20.3744 -10.0086 
3330 -15.784 -20.3817 -10.0068 
3332 -15.7953 -20.3923 -10.0079 
3334 -15.8196 -20.4045 -10.0043 
3336 -15.8295 -20.4296 -9.99279 
3338 -15.8067 -20.4086 -9.98347 
3340 -15.7936 -20.3804 -9.97455 
3342 -15.7806 -20.3734 -9.96422 
3344 -15.7952 -20.3679 -9.96502 
3346 -15.7964 -20.378 -9.96712 
3348 -15.7836 -20.3853 -9.96475 
3350 -15.761 -20.3502 -9.94891 
3352 -15.7426 -20.3334 -9.94041 
3354 -15.7598 -20.3422 -9.9479 
3356 -15.7815 -20.3607 -9.95742 
3358 -15.7935 -20.3735 -9.95362 
3360 -15.7772 -20.3666 -9.94589 
3362 -15.7537 -20.342 -9.94024 
3364 -15.7669 -20.3391 -9.948 
3366 -15.7724 -20.3437 -9.94971 
3368 -15.7887 -20.3763 -9.95249 
3370 -15.7762 -20.355 -9.94552 
3372 -15.7532 -20.3181 -9.94823 
3374 -15.7455 -20.2907 -9.96004 
3376 -15.7571 -20.3091 -9.95646 
3378 -15.7722 -20.341 -9.95728 
3380 -15.7608 -20.3441 -9.95534 
3382 -15.7411 -20.3145 -9.94347 
3384 -15.7368 -20.2981 -9.95258 
3386 -15.7404 -20.3244 -9.94925 
3388 -15.7708 -20.3534 -9.96351 
3390 -15.7718 -20.3568 -9.95781 
3392 -15.7648 -20.3302 -9.9581 
3394 -15.7479 -20.3082 -9.95159 
3396 -15.7398 -20.2831 -9.95506 
3398 -15.7586 -20.2832 -9.96054 
3400 -15.7779 -20.319 -9.95608 
3402 -15.7681 -20.3076 -9.95743 
3404 -15.766 -20.2967 -9.96804 
3406 -15.763 -20.2564 -9.97137 
3408 -15.7611 -20.2484 -9.97318 
3410 -15.7858 -20.2989 -9.98348 
3412 -15.7755 -20.2983 -9.98851 
3414 -15.7686 -20.3006 -9.99394 
3416 -15.7444 -20.2798 -9.98267 
3418 -15.7449 -20.2565 -9.98581 
3420 -15.7716 -20.297 -9.99157 
3422 -15.7891 -20.3248 -10.0016 
3424 -15.7853 -20.3298 -9.99278 
3426 -15.7746 -20.3358 -9.97574 
3428 -15.7701 -20.3212 -9.97059 
3430 -15.7693 -20.3072 -9.96974 
3432 -15.7707 -20.3102 -9.98507 
3434 -15.7527 -20.2969 -9.97569 
3436 -15.7527 -20.3119 -9.96042 
3438 -15.7395 -20.3167 -9.93574 
3440 -15.7324 -20.2986 -9.93252 
3442 -15.7293 -20.2971 -9.95961 
3444 -15.7126 -20.3016 -9.9569 
3446 -15.7203 -20.307 -9.9439 
3448 -15.7203 -20.3118 -9.93762 
3450 -15.7296 -20.3192 -9.94728 
3452 -15.7245 -20.2957 -9.96298 
3454 -15.7219 -20.2838 -9.97095 
3456 -15.7072 -20.2807 -9.95158 
3458 -15.7128 -20.2845 -9.94169 
3460 -15.7286 -20.2959 -9.96859 
3462 -15.7461 -20.3025 -9.99249 
3464 -15.7348 -20.2995 -9.9874 
3466 -15.7193 -20.2844 -9.95616 
3468 -15.706 -20.2746 -9.93686 
3470 -15.7231 -20.2709 -9.96082 
3472 -15.7445 -20.3013 -9.97892 
3474 -15.7653 -20.3089 -9.97423 
3476 -15.7581 -20.2982 -9.96004 
3478 -15.7351 -20.2693 -9.96243 
3480 -15.7396 -20.2795 -9.98883 
3482 -15.7529 -20.3297 -9.99077 
3484 -15.7735 -20.3641 -9.98058 
3486 -15.798 -20.3787 -9.97785 
3488 -15.7849 -20.3375 -9.98046 
3490 -15.7735 -20.3135 -9.98092 
3492 -15.7809 -20.3408 -9.97792 
3494 -15.7708 -20.3407 -9.96923 
3496 -15.7603 -20.324 -9.96266 
3498 -15.7558 -20.2973 -9.9787 
3500 -15.7817 -20.3346 -9.97932 
3502 -15.8065 -20.3852 -9.99142 
3504 -15.8077 -20.3943 -10.0033 
3506 -15.7898 -20.3855 -9.99549 
3508 -15.7709 -20.3625 -9.98903 
3510 -15.7803 -20.342 -9.99105 
3512 -15.7978 -20.36 -9.99151 
3514 -15.8017 -20.3733 -10.0014 
3516 -15.7994 -20.3644 -10.0073 
3518 -15.7711 -20.3303 -9.9871 
3520 -15.7866 -20.3333 -9.96895 
3522 -15.7857 -20.3631 -9.9674 
3524 -15.8004 -20.3866 -9.98829 
3526 -15.7934 -20.3809 -9.99045 
3528 -15.7714 -20.3586 -9.97621 
3530 -15.7728 -20.3507 -9.96843 
3532 -15.786 -20.3612 -9.9781 
3534 -15.8036 -20.3751 -9.9929 
3536 -15.8064 -20.3781 -10.0084 
3538 -15.7899 -20.36 -9.99956 
3540 -15.7715 -20.3339 -9.97695 
3542 -15.7748 -20.3346 -9.98049 
3544 -15.7929 -20.3499 -9.99753 
3546 -15.8183 -20.372 -10.0036 
3548 -15.802 -20.3653 -9.98774 
3550 -15.7697 -20.3251 -9.97646 
3552 -15.7683 -20.3273 -9.97962 
3554 -15.7951 -20.3628 -10.0076 
3556 -15.8068 -20.3923 -9.99574 
3558 -15.7857 -20.382 -9.97833 
3560 -15.7722 -20.3703 -9.96841 
3562 -15.7763 -20.3717 -9.9777 
3564 -15.7995 -20.3891 -9.99757 
3566 -15.8145 -20.4225 -9.9838 
3568 -15.7958 -20.3973 -9.96746 
3570 -15.7827 -20.3648 -9.97298 
3572 -15.7791 -20.3664 -9.9722 
3574 -15.7901 -20.3761 -9.97816 
3576 -15.7808 -20.3994 -9.97007 
3578 -15.7741 -20.3767 -9.97378 
3580 -15.7501 -20.339 -9.9642 
3582 -15.7476 -20.3254 -9.96346 
3584 -15.7767 -20.3839 -9.97386 
3586 -15.7833 -20.4189 -9.95282 
3588 -15.7761 -20.3913 -9.9497 
3590 -15.7601 -20.343 -9.95655 
3592 -15.7621 -20.3533 -9.96284 
3594 -15.7714 -20.386 -9.96119 
3596 -15.7784 -20.416 -9.95933 
3598 -15.77 -20.3854 -9.95767 
3600 -15.7654 -20.3578 -9.97358 
3602 -15.774 -20.3376 -9.97949 
3604 -15.7835 -20.353 -9.98721 
3606 -15.7887 -20.3552 -9.9964 
3608 -15.7873 -20.3571 -10.0019 
3610 -15.7925 -20.3486 -9.99929 
3612 -15.7884 -20.346 -9.98741 
3614 -15.7879 -20.3323 -9.99414 
3616 -15.7954 -20.341 -9.99254 
3618 -15.792 -20.3397 -9.99056 
3620 -15.7961 -20.3486 -9.98144 
3622 -15.7918 -20.3315 -9.98317 
3624 -15.7814 -20.3205 -9.97826 
3626 -15.7937 -20.3381 -9.98696 
3628 -15.788 -20.3273 -9.97868 
3630 -15.7822 -20.3334 -9.95451 
3632 -15.7861 -20.341 -9.96428 
3634 -15.7886 -20.3299 -9.97782 
3636 -15.7822 -20.3264 -9.99264 
3638 -15.8069 -20.36 -9.99111 
3640 -15.815 -20.373 -9.97478 
3642 -15.8276 -20.3928 -9.97529 
3644 -15.813 -20.3654 -9.98525 
3646 -15.7965 -20.3538 -9.98281 
3648 -15.8032 -20.3687 -9.96494 
3650 -15.7984 -20.374 -9.95046 
3652 -15.7996 -20.386 -9.95982 
3654 -15.8102 -20.3804 -9.97454 
3656 -15.8003 -20.3878 -9.96788 
3658 -15.7995 -20.3776 -9.9574 
3660 -15.7771 -20.348 -9.95071 
3662 -15.7851 -20.3383 -9.95841 
3664 -15.7736 -20.3226 -9.96965 
3666 -15.7948 -20.3432 -9.97586 
3668 -15.8074 -20.3663 -9.98088 
3670 -15.7849 -20.3549 -9.97624 
3672 -15.7586 -20.3409 -9.97296 
3674 -15.7667 -20.3194 -9.9817 
3676 -15.7629 -20.3258 -9.98273 
3678 -15.7664 -20.3466 -9.98137 
3680 -15.7639 -20.3558 -9.97937 
3682 -15.7756 -20.3397 -9.98571 
3684 -15.7747 -20.3222 -9.98886 
3686 -15.7806 -20.333 -10.0024 
3688 -15.7864 -20.3558 -9.99443 
3690 -15.7904 -20.372 -9.98875 
3692 -15.771 -20.3353 -9.99028 
3694 -15.7699 -20.3188 -10.0006 
3696 -15.7658 -20.3197 -9.9955 
3698 -15.7683 -20.3352 -9.98571 
3700 -15.7797 -20.3399 -9.99585 
3702 -15.7883 -20.335 -10.009 
3704 -15.7822 -20.3287 -10.0042 
3706 -15.7754 -20.3198 -9.99719 
3708 -15.7514 -20.312 -9.98184 
3710 -15.7626 -20.3365 -9.97872 
3712 -15.775 -20.3783 -9.97031 
3714 -15.7917 -20.3957 -9.98915 
3716 -15.7953 -20.4027 -10.0059 
3718 -15.784 -20.3677 -9.99893 
3720 -15.7903 -20.3644 -9.98641 
3722 -15.7863 -20.3838 -9.96408 
3724 -15.8041 -20.3886 -9.97945 
3726 -15.7934 -20.3835 -9.99371 
3728 -15.7733 -20.3566 -9.99037 
3730 -15.7596 -20.3347 -9.97581 
3732 -15.7667 -20.3408 -9.97079 
3734 -15.7832 -20.3743 -9.97728 
3736 -15.7885 -20.3938 -9.98394 
3738 -15.7792 -20.3677 -9.98094 
3740 -15.7455 -20.3266 -9.96885 
3742 -15.718 -20.2932 -9.9583 
3744 -15.7403 -20.3086 -9.96765 
3746 -15.7569 -20.3196 -9.97422 
3748 -15.7564 -20.3287 -9.97754 
3750 -15.7575 -20.3224 -9.9808 
3752 -15.7669 -20.3203 -9.98237 
3754 -15.7625 -20.3183 -9.97851 
3756 -15.7735 -20.335 -9.97831 
3758 -15.751 -20.3448 -9.97487 
3760 -15.7699 -20.3462 -9.98952 
3762 -15.7589 -20.3266 -9.97806 
3764 -15.7571 -20.3301 -9.98463 
3766 -15.7655 -20.354 -9.98442 
3768 -15.7734 -20.3725 -9.98699 
3770 -15.7894 -20.389 -9.98636 
3772 -15.7923 -20.3792 -9.98127 
3774 -15.7688 -20.3469 -9.9777 
3776 -15.7702 -20.351 -9.97617 
3778 -15.7833 -20.3707 -9.97963 
3780 -15.8247 -20.3974 -9.9875 
3782 -15.8276 -20.4051 -9.99336 
3784 -15.8259 -20.3873 -9.99088 
3786 -15.808 -20.3735 -9.98731 
3788 -15.8053 -20.3856 -9.97568 
3790 -15.8046 -20.3948 -9.97552 
3792 -15.8216 -20.4018 -9.97941 
3794 -15.8269 -20.3829 -9.98257 
3796 -15.8 -20.3673 -9.97431 
3798 -15.7924 -20.3793 -9.96976 
3800 -15.7993 -20.3779 -9.98357 
3802 -15.8151 -20.3744 -9.99626 
3804 -15.8276 -20.4038 -9.99859 
3806 -15.81 -20.3823 -9.99584 
3808 -15.8058 -20.3953 -9.99114 
3810 -15.7881 -20.3667 -9.99387 
3812 -15.7912 -20.3628 -9.99516 
3814 -15.8073 -20.3583 -10.0062 
3816 -15.7888 -20.3505 -10.0012 
3818 -15.7793 -20.3561 -9.98213 
3820 -15.7861 -20.3549 -9.98094 
3822 -15.7857 -20.3645 -9.97336 
3824 -15.7963 -20.3662 -9.98488 
3826 -15.7956 -20.3594 -9.98021 
3828 -15.7686 -20.3565 -9.97352 
3830 -15.7601 -20.3667 -9.96584 
3832 -15.7813 -20.3814 -9.96817 
3834 -15.7972 -20.3777 -9.97168 
3836 -15.7925 -20.3626 -9.97232 
3838 -15.7748 -20.355 -9.96314 
3840 -15.7734 -20.3718 -9.9558 
3842 -15.7909 -20.3931 -9.9552 
3844 -15.7957 -20.3764 -9.96282 
3846 -15.7802 -20.3435 -9.97439 
3848 -15.7606 -20.3398 -9.95821 
3850 -15.7488 -20.3406 -9.94053 
3852 -15.769 -20.3543 -9.95991 
3854 -15.7871 -20.3689 -9.98269 
3856 -15.7915 -20.3479 -10.008 
3858 -15.7661 -20.3307 -9.99521 
3860 -15.7413 -20.3325 -9.95743 
3862 -15.7522 -20.3345 -9.96013 
3864 -15.7914 -20.3555 -9.97927 
3866 -15.8007 -20.3719 -9.98686 
3868 -15.7964 -20.3744 -9.97322 
3870 -15.768 -20.3346 -9.94718 
3872 -15.7643 -20.3231 -9.94662 
3874 -15.7887 -20.3344 -9.96963 
3876 -15.8131 -20.3585 -9.98237 
3878 -15.8342 -20.4125 -9.97057 
3880 -15.8147 -20.389 -9.96472 
3882 -15.7945 -20.3587 -9.96157 
3884 -15.7818 -20.3319 -9.98197 
3886 -15.7911 -20.3583 -9.99699 
3888 -15.7909 -20.3656 -9.98855 
3890 -15.7949 -20.366 -9.97857 
3892 -15.7915 -20.3437 -9.98149 
3894 -15.7715 -20.3093 -9.98606 
3896 -15.7908 -20.3251 -9.99916 
3898 -15.8049 -20.3667 -9.99381 
3900 -15.8106 -20.3829 -9.98694 
3902 -15.784 -20.3326 -9.99173 
3904 -15.773 -20.3094 -10.0013 
3906 -15.7691 -20.3145 -10.0013 
3908 -15.7714 -20.3305 -9.9771 
3910 -15.7796 -20.3344 -9.98379 
3912 -15.7795 -20.3262 -9.98618 
3914 -15.777 -20.3128 -9.98253 
3916 -15.7839 -20.3291 -9.98294 
3918 -15.7911 -20.3274 -9.99025 
3920 -15.7813 -20.3237 -9.99233 
3922 -15.7905 -20.3402 -9.99817 
3924 -15.7838 -20.3334 -9.98542 
3926 -15.7678 -20.3382 -9.96363 
3928 -15.7731 -20.3477 -9.96886 
3930 -15.767 -20.3412 -9.98539 
3932 -15.777 -20.3504 -9.98289 
3934 -15.7879 -20.3578 -9.98466 
3936 -15.7951 -20.3607 -9.98739 
3938 -15.7906 -20.3474 -9.99401 
3940 -15.7927 -20.3367 -10.0043 
3942 -15.7929 -20.345 -9.99318 
3944 -15.8266 -20.3628 -10.0016 
3946 -15.8062 -20.3602 -9.98409 
3948 -15.814 -20.3655 -9.99341 
3950 -15.8095 -20.3573 -9.99762 
3952 -15.8089 -20.3547 -10.006 
3954 -15.8274 -20.3691 -10.014 
3956 -15.808 -20.3496 -9.99847 
3958 -15.8042 -20.3495 -9.99441 
3960 -15.8024 -20.3576 -9.99705 
3962 -15.8248 -20.361 -10.0154 
3964 -15.82 -20.3585 -10.0201 
3966 -15.8027 -20.3402 -10.0099 
3968 -15.7892 -20.3365 -9.99911 
3970 -15.7983 -20.3583 -10.0076 
3972 -15.7993 -20.3621 -9.99778 
3974 -15.8025 -20.3518 -10.0087 
3976 -15.8101 -20.3428 -10.0221 
3978 -15.8006 -20.3553 -10.0063 
3980 -15.8005 -20.3599 -10.0023 
3982 -15.8037 -20.3657 -10.0024 
3984 -15.8044 -20.3607 -10.0001 
3986 -15.8121 -20.3508 -10.0062 
3988 -15.8065 -20.3512 -10.0045 
3990 -15.7919 -20.353 -9.99435 
3992 -15.8076 -20.3646 -9.99881 
3994 -15.8234 -20.3954 -10.0045 
3996 -15.8422 -20.4266 -10.0094 
3998 -15.8333 -20.4011 -9.9996 
